400,-0.048389
400.02,-0.04842
400.03,-0.048451
400.05,-0.048482
400.06,-0.048513
400.08,-0.048543
400.1,-0.048573
400.11,-0.048603
400.13,-0.048632
400.14,-0.048662
400.16,-0.048691
400.18,-0.04872
400.19,-0.048749
400.21,-0.048777
400.22,-0.048805
400.24,-0.048834
400.26,-0.048861
400.27,-0.048889
400.29,-0.048916
400.3,-0.048944
400.32,-0.048971
400.34,-0.048997
400.35,-0.049024
400.37,-0.04905
400.38,-0.049076
400.4,-0.049102
400.42,-0.049128
400.43,-0.049153
400.45,-0.049178
400.46,-0.049203
400.48,-0.049228
400.5,-0.049252
400.51,-0.049276
400.53,-0.0493
400.54,-0.049324
400.56,-0.049347
400.58,-0.04937
400.59,-0.049393
400.61,-0.049416
400.62,-0.049439
400.64,-0.049461
400.66,-0.049483
400.67,-0.049505
400.69,-0.049526
400.71,-0.049548
400.72,-0.049569
400.74,-0.049589
400.75,-0.04961
400.77,-0.04963
400.79,-0.04965
400.8,-0.04967
400.82,-0.049689
400.83,-0.049709
400.85,-0.049728
400.87,-0.049746
400.88,-0.049765
400.9,-0.049783
400.91,-0.049801
400.93,-0.049819
400.95,-0.049836
400.96,-0.049854
400.98,-0.049871
400.99,-0.049887
401.01,-0.049904
401.03,-0.04992
401.04,-0.049936
401.06,-0.049951
401.07,-0.049967
401.09,-0.049982
401.11,-0.049997
401.12,-0.050011
401.14,-0.050025
401.16,-0.050039
401.17,-0.050053
401.19,-0.050067
401.2,-0.05008
401.22,-0.050093
401.24,-0.050105
401.25,-0.050118
401.27,-0.05013
401.28,-0.050142
401.3,-0.050153
401.32,-0.050164
401.33,-0.050175
401.35,-0.050186
401.36,-0.050197
401.38,-0.050207
401.4,-0.050217
401.41,-0.050226
401.43,-0.050235
401.45,-0.050244
401.46,-0.050253
401.48,-0.050262
401.49,-0.05027
401.51,-0.050277
401.53,-0.050285
401.54,-0.050292
401.56,-0.050299
401.57,-0.050306
401.59,-0.050312
401.61,-0.050318
401.62,-0.050324
401.64,-0.05033
401.65,-0.050335
401.67,-0.05034
401.69,-0.050344
401.7,-0.050349
401.72,-0.050353
401.74,-0.050356
401.75,-0.05036
401.77,-0.050363
401.78,-0.050366
401.8,-0.050368
401.82,-0.05037
401.83,-0.050372
401.85,-0.050374
401.86,-0.050375
401.88,-0.050376
401.9,-0.050377
401.91,-0.050377
401.93,-0.050377
401.95,-0.050377
401.96,-0.050376
401.98,-0.050375
401.99,-0.050374
402.01,-0.050372
402.03,-0.050371
402.04,-0.050368
402.06,-0.050366
402.07,-0.050363
402.09,-0.05036
402.11,-0.050357
402.12,-0.050353
402.14,-0.050349
402.16,-0.050344
402.17,-0.05034
402.19,-0.050334
402.2,-0.050329
402.22,-0.050323
402.24,-0.050317
402.25,-0.050311
402.27,-0.050304
402.28,-0.050297
402.3,-0.05029
402.32,-0.050282
402.33,-0.050274
402.35,-0.050266
402.37,-0.050257
402.38,-0.050248
402.4,-0.050239
402.41,-0.050229
402.43,-0.050219
402.45,-0.050209
402.46,-0.050198
402.48,-0.050187
402.5,-0.050176
402.51,-0.050164
402.53,-0.050152
402.54,-0.05014
402.56,-0.050127
402.58,-0.050114
402.59,-0.0501
402.61,-0.050087
402.63,-0.050072
402.64,-0.050058
402.66,-0.050043
402.67,-0.050028
402.69,-0.050013
402.71,-0.049997
402.72,-0.04998
402.74,-0.049964
402.75,-0.049947
402.77,-0.04993
402.79,-0.049912
402.8,-0.049894
402.82,-0.049876
402.84,-0.049857
402.85,-0.049838
402.87,-0.049819
402.88,-0.049799
402.9,-0.049779
402.92,-0.049759
402.93,-0.049738
402.95,-0.049717
402.97,-0.049695
402.98,-0.049673
403,-0.049651
403.01,-0.049628
403.03,-0.049605
403.05,-0.049582
403.06,-0.049558
403.08,-0.049534
403.1,-0.04951
403.11,-0.049485
403.13,-0.04946
403.14,-0.049434
403.16,-0.049408
403.18,-0.049382
403.19,-0.049355
403.21,-0.049328
403.23,-0.049301
403.24,-0.049273
403.26,-0.049245
403.27,-0.049216
403.29,-0.049187
403.31,-0.049158
403.32,-0.049128
403.34,-0.049098
403.36,-0.049068
403.37,-0.049037
403.39,-0.049006
403.4,-0.048974
403.42,-0.048942
403.44,-0.04891
403.45,-0.048877
403.47,-0.048844
403.49,-0.048811
403.5,-0.048777
403.52,-0.048743
403.53,-0.048708
403.55,-0.048673
403.57,-0.048638
403.58,-0.048602
403.6,-0.048566
403.62,-0.048529
403.63,-0.048492
403.65,-0.048455
403.67,-0.048417
403.68,-0.048379
403.7,-0.04834
403.71,-0.048302
403.73,-0.048262
403.75,-0.048222
403.76,-0.048182
403.78,-0.048142
403.8,-0.048101
403.81,-0.04806
403.83,-0.048018
403.84,-0.047976
403.86,-0.047933
403.88,-0.047891
403.89,-0.047847
403.91,-0.047804
403.93,-0.04776
403.94,-0.047715
403.96,-0.04767
403.98,-0.047625
403.99,-0.047579
404.01,-0.047533
404.02,-0.047487
404.04,-0.04744
404.06,-0.047392
404.07,-0.047345
404.09,-0.047296
404.11,-0.047248
404.12,-0.047199
404.14,-0.04715
404.15,-0.0471
404.17,-0.04705
404.19,-0.046999
404.2,-0.046948
404.22,-0.046897
404.24,-0.046845
404.25,-0.046793
404.27,-0.04674
404.29,-0.046687
404.3,-0.046633
404.32,-0.046579
404.33,-0.046525
404.35,-0.04647
404.37,-0.046415
404.38,-0.04636
404.4,-0.046304
404.42,-0.046247
404.43,-0.04619
404.45,-0.046133
404.47,-0.046076
404.48,-0.046017
404.5,-0.045959
404.51,-0.0459
404.53,-0.045841
404.55,-0.045781
404.56,-0.045721
404.58,-0.04566
404.6,-0.045599
404.61,-0.045538
404.63,-0.045476
404.65,-0.045413
404.66,-0.045351
404.68,-0.045287
404.69,-0.045224
404.71,-0.04516
404.73,-0.045095
404.74,-0.04503
404.76,-0.044965
404.78,-0.044899
404.79,-0.044833
404.81,-0.044767
404.83,-0.0447
404.84,-0.044632
404.86,-0.044564
404.87,-0.044496
404.89,-0.044427
404.91,-0.044358
404.92,-0.044288
404.94,-0.044218
404.96,-0.044148
404.97,-0.044077
404.99,-0.044005
405.01,-0.043933
405.02,-0.043861
405.04,-0.043789
405.06,-0.043715
405.07,-0.043642
405.09,-0.043568
405.1,-0.043493
405.12,-0.043418
405.14,-0.043343
405.15,-0.043267
405.17,-0.043191
405.19,-0.043115
405.2,-0.043037
405.22,-0.04296
405.24,-0.042882
405.25,-0.042804
405.27,-0.042725
405.28,-0.042645
405.3,-0.042566
405.32,-0.042485
405.33,-0.042405
405.35,-0.042324
405.37,-0.042242
405.38,-0.04216
405.4,-0.042078
405.42,-0.041995
405.43,-0.041912
405.45,-0.041828
405.47,-0.041744
405.48,-0.041659
405.5,-0.041574
405.52,-0.041488
405.53,-0.041402
405.55,-0.041316
405.56,-0.041229
405.58,-0.041142
405.6,-0.041054
405.61,-0.040966
405.63,-0.040877
405.65,-0.040788
405.66,-0.040698
405.68,-0.040608
405.7,-0.040518
405.71,-0.040427
405.73,-0.040335
405.75,-0.040244
405.76,-0.040151
405.78,-0.040058
405.79,-0.039965
405.81,-0.039872
405.83,-0.039777
405.84,-0.039683
405.86,-0.039588
405.88,-0.039492
405.89,-0.039396
405.91,-0.0393
405.93,-0.039203
405.94,-0.039106
405.96,-0.039008
405.98,-0.03891
405.99,-0.038811
406.01,-0.038712
406.03,-0.038613
406.04,-0.038513
406.06,-0.038412
406.07,-0.038311
406.09,-0.03821
406.11,-0.038108
406.12,-0.038005
406.14,-0.037903
406.16,-0.037799
406.17,-0.037696
406.19,-0.037592
406.21,-0.037487
406.22,-0.037382
406.24,-0.037276
406.26,-0.03717
406.27,-0.037064
406.29,-0.036957
406.31,-0.03685
406.32,-0.036742
406.34,-0.036633
406.36,-0.036525
406.37,-0.036415
406.39,-0.036306
406.4,-0.036196
406.42,-0.036085
406.44,-0.035974
406.45,-0.035863
406.47,-0.035751
406.49,-0.035638
406.5,-0.035525
406.52,-0.035412
406.54,-0.035298
406.55,-0.035184
406.57,-0.035069
406.59,-0.034954
406.6,-0.034838
406.62,-0.034722
406.64,-0.034605
406.65,-0.034488
406.67,-0.034371
406.69,-0.034253
406.7,-0.034134
406.72,-0.034015
406.74,-0.033896
406.75,-0.033776
406.77,-0.033656
406.79,-0.033535
406.8,-0.033414
406.82,-0.033292
406.83,-0.03317
406.85,-0.033048
406.87,-0.032925
406.88,-0.032801
406.9,-0.032677
406.92,-0.032553
406.93,-0.032428
406.95,-0.032302
406.97,-0.032177
406.98,-0.03205
407,-0.031923
407.02,-0.031796
407.03,-0.031669
407.05,-0.03154
407.07,-0.031412
407.08,-0.031283
407.1,-0.031153
407.12,-0.031023
407.13,-0.030893
407.15,-0.030762
407.17,-0.03063
407.18,-0.030499
407.2,-0.030366
407.22,-0.030234
407.23,-0.0301
407.25,-0.029967
407.27,-0.029833
407.28,-0.029698
407.3,-0.029563
407.32,-0.029427
407.33,-0.029291
407.35,-0.029155
407.37,-0.029018
407.38,-0.028881
407.4,-0.028743
407.41,-0.028605
407.43,-0.028466
407.45,-0.028327
407.46,-0.028187
407.48,-0.028047
407.5,-0.027906
407.51,-0.027765
407.53,-0.027624
407.55,-0.027482
407.56,-0.027339
407.58,-0.027196
407.6,-0.027053
407.61,-0.026909
407.63,-0.026765
407.65,-0.02662
407.66,-0.026475
407.68,-0.02633
407.7,-0.026183
407.71,-0.026037
407.73,-0.02589
407.75,-0.025743
407.76,-0.025595
407.78,-0.025446
407.8,-0.025297
407.81,-0.025148
407.83,-0.024998
407.85,-0.024848
407.86,-0.024698
407.88,-0.024547
407.9,-0.024395
407.91,-0.024243
407.93,-0.024091
407.95,-0.023938
407.96,-0.023784
407.98,-0.023631
408,-0.023476
408.01,-0.023322
408.03,-0.023166
408.05,-0.023011
408.06,-0.022855
408.08,-0.022698
408.1,-0.022541
408.11,-0.022384
408.13,-0.022226
408.15,-0.022068
408.16,-0.021909
408.18,-0.02175
408.2,-0.02159
408.21,-0.02143
408.23,-0.021269
408.25,-0.021108
408.26,-0.020947
408.28,-0.020785
408.3,-0.020623
408.31,-0.02046
408.33,-0.020297
408.35,-0.020133
408.36,-0.019969
408.38,-0.019804
408.4,-0.01964
408.41,-0.019474
408.43,-0.019308
408.45,-0.019142
408.46,-0.018975
408.48,-0.018808
408.5,-0.01864
408.51,-0.018472
408.53,-0.018304
408.55,-0.018135
408.56,-0.017965
408.58,-0.017795
408.6,-0.017625
408.61,-0.017454
408.63,-0.017283
408.65,-0.017112
408.66,-0.01694
408.68,-0.016767
408.7,-0.016594
408.71,-0.016421
408.73,-0.016247
408.75,-0.016073
408.76,-0.015898
408.78,-0.015723
408.8,-0.015548
408.81,-0.015372
408.83,-0.015196
408.85,-0.015019
408.86,-0.014842
408.88,-0.014664
408.9,-0.014486
408.91,-0.014307
408.93,-0.014128
408.95,-0.013949
408.96,-0.013769
408.98,-0.013589
409,-0.013409
409.01,-0.013227
409.03,-0.013046
409.05,-0.012864
409.06,-0.012682
409.08,-0.012499
409.1,-0.012316
409.12,-0.012132
409.13,-0.011948
409.15,-0.011764
409.17,-0.011579
409.18,-0.011394
409.2,-0.011208
409.22,-0.011022
409.23,-0.010835
409.25,-0.010649
409.27,-0.010461
409.28,-0.010273
409.3,-0.010085
409.32,-0.0098967
409.33,-0.0097078
409.35,-0.0095184
409.37,-0.0093285
409.38,-0.0091383
409.4,-0.0089477
409.42,-0.0087567
409.43,-0.0085652
409.45,-0.0083734
409.47,-0.0081811
409.48,-0.0079885
409.5,-0.0077954
409.52,-0.0076019
409.53,-0.007408
409.55,-0.0072138
409.57,-0.0070191
409.58,-0.006824
409.6,-0.0066285
409.62,-0.0064327
409.63,-0.0062364
409.65,-0.0060397
409.67,-0.0058427
409.68,-0.0056452
409.7,-0.0054473
409.72,-0.0052491
409.74,-0.0050504
409.75,-0.0048514
409.77,-0.004652
409.79,-0.0044521
409.8,-0.0042519
409.82,-0.0040513
409.84,-0.0038503
409.85,-0.0036489
409.87,-0.0034472
409.89,-0.003245
409.9,-0.0030425
409.92,-0.0028396
409.94,-0.0026362
409.95,-0.0024326
409.97,-0.0022285
409.99,-0.002024
410,-0.0018192
410.02,-0.001614
410.04,-0.0014084
410.05,-0.0012024
410.07,-0.00099609
410.09,-0.00078937
410.1,-0.00058228
410.12,-0.00037481
410.14,-0.00016698
410.16,4.1236e-05
410.17,0.00024982
410.19,0.00045877
410.21,0.00066809
410.22,0.00087778
410.24,0.0010878
410.26,0.0012983
410.27,0.001509
410.29,0.0017202
410.31,0.0019317
410.32,0.0021436
410.34,0.0023558
410.36,0.0025684
410.37,0.0027814
410.39,0.0029947
410.41,0.0032084
410.42,0.0034224
410.44,0.0036368
410.46,0.0038515
410.48,0.0040666
410.49,0.0042821
410.51,0.0044978
410.53,0.004714
410.54,0.0049305
410.56,0.0051473
410.58,0.0053645
410.59,0.0055821
410.61,0.0057999
410.63,0.0060182
410.64,0.0062367
410.66,0.0064556
410.68,0.0066749
410.69,0.0068945
410.71,0.0071144
410.73,0.0073347
410.75,0.0075553
410.76,0.0077762
410.78,0.0079975
410.8,0.0082191
410.81,0.008441
410.83,0.0086633
410.85,0.0088859
410.86,0.0091088
410.88,0.009332
410.9,0.0095556
410.91,0.0097795
410.93,0.010004
410.95,0.010228
410.96,0.010453
410.98,0.010678
411,0.010904
411.02,0.01113
411.03,0.011356
411.05,0.011582
411.07,0.011809
411.08,0.012036
411.1,0.012264
411.12,0.012491
411.13,0.012719
411.15,0.012948
411.17,0.013176
411.18,0.013405
411.2,0.013634
411.22,0.013864
411.23,0.014094
411.25,0.014324
411.27,0.014554
411.29,0.014785
411.3,0.015016
411.32,0.015248
411.34,0.015479
411.35,0.015711
411.37,0.015943
411.39,0.016176
411.4,0.016409
411.42,0.016642
411.44,0.016875
411.45,0.017109
411.47,0.017343
411.49,0.017577
411.51,0.017812
411.52,0.018047
411.54,0.018282
411.56,0.018517
411.57,0.018753
411.59,0.018989
411.61,0.019225
411.62,0.019461
411.64,0.019698
411.66,0.019935
411.68,0.020172
411.69,0.02041
411.71,0.020648
411.73,0.020886
411.74,0.021124
411.76,0.021363
411.78,0.021602
411.79,0.021841
411.81,0.02208
411.83,0.02232
411.84,0.02256
411.86,0.0228
411.88,0.02304
411.9,0.023281
411.91,0.023522
411.93,0.023763
411.95,0.024004
411.96,0.024246
411.98,0.024488
412,0.02473
412.01,0.024972
412.03,0.025215
412.05,0.025458
412.07,0.025701
412.08,0.025944
412.1,0.026188
412.12,0.026432
412.13,0.026676
412.15,0.02692
412.17,0.027165
412.18,0.027409
412.2,0.027654
412.22,0.027899
412.24,0.028145
412.25,0.02839
412.27,0.028636
412.29,0.028882
412.3,0.029129
412.32,0.029375
412.34,0.029622
412.35,0.029869
412.37,0.030116
412.39,0.030363
412.41,0.030611
412.42,0.030859
412.44,0.031107
412.46,0.031355
412.47,0.031603
412.49,0.031852
412.51,0.032101
412.52,0.032349
412.54,0.032599
412.56,0.032848
412.58,0.033098
412.59,0.033347
412.61,0.033597
412.63,0.033847
412.64,0.034098
412.66,0.034348
412.68,0.034599
412.69,0.03485
412.71,0.035101
412.73,0.035352
412.75,0.035604
412.76,0.035855
412.78,0.036107
412.8,0.036359
412.81,0.036611
412.83,0.036863
412.85,0.037116
412.86,0.037368
412.88,0.037621
412.9,0.037874
412.92,0.038127
412.93,0.03838
412.95,0.038634
412.97,0.038888
412.98,0.039141
413,0.039395
413.02,0.039649
413.04,0.039903
413.05,0.040158
413.07,0.040412
413.09,0.040667
413.1,0.040922
413.12,0.041177
413.14,0.041432
413.15,0.041687
413.17,0.041942
413.19,0.042198
413.21,0.042454
413.22,0.042709
413.24,0.042965
413.26,0.043221
413.27,0.043477
413.29,0.043734
413.31,0.04399
413.33,0.044247
413.34,0.044503
413.36,0.04476
413.38,0.045017
413.39,0.045274
413.41,0.045531
413.43,0.045788
413.45,0.046046
413.46,0.046303
413.48,0.046561
413.5,0.046819
413.51,0.047076
413.53,0.047334
413.55,0.047592
413.56,0.04785
413.58,0.048109
413.6,0.048367
413.62,0.048625
413.63,0.048884
413.65,0.049142
413.67,0.049401
413.68,0.04966
413.7,0.049919
413.72,0.050177
413.74,0.050437
413.75,0.050696
413.77,0.050955
413.79,0.051214
413.8,0.051473
413.82,0.051733
413.84,0.051992
413.86,0.052252
413.87,0.052511
413.89,0.052771
413.91,0.053031
413.92,0.053291
413.94,0.053551
413.96,0.053811
413.98,0.054071
413.99,0.054331
414.01,0.054591
414.03,0.054851
414.04,0.055111
414.06,0.055372
414.08,0.055632
414.1,0.055892
414.11,0.056153
414.13,0.056413
414.15,0.056674
414.16,0.056934
414.18,0.057195
414.2,0.057455
414.22,0.057716
414.23,0.057977
414.25,0.058238
414.27,0.058498
414.28,0.058759
414.3,0.05902
414.32,0.059281
414.34,0.059542
414.35,0.059803
414.37,0.060063
414.39,0.060324
414.4,0.060585
414.42,0.060846
414.44,0.061107
414.46,0.061368
414.47,0.061629
414.49,0.06189
414.51,0.062151
414.52,0.062412
414.54,0.062673
414.56,0.062934
414.58,0.063195
414.59,0.063456
414.61,0.063717
414.63,0.063978
414.65,0.064239
414.66,0.0645
414.68,0.064761
414.7,0.065022
414.71,0.065283
414.73,0.065544
414.75,0.065805
414.77,0.066066
414.78,0.066327
414.8,0.066588
414.82,0.066849
414.83,0.067109
414.85,0.06737
414.87,0.067631
414.89,0.067892
414.9,0.068152
414.92,0.068413
414.94,0.068673
414.95,0.068934
414.97,0.069194
414.99,0.069455
415.01,0.069715
415.02,0.069976
415.04,0.070236
415.06,0.070496
415.08,0.070757
415.09,0.071017
415.11,0.071277
415.13,0.071537
415.14,0.071797
415.16,0.072057
415.18,0.072317
415.2,0.072577
415.21,0.072836
415.23,0.073096
415.25,0.073356
415.27,0.073615
415.28,0.073875
415.3,0.074134
415.32,0.074393
415.33,0.074652
415.35,0.074912
415.37,0.075171
415.39,0.07543
415.4,0.075689
415.42,0.075947
415.44,0.076206
415.45,0.076465
415.47,0.076723
415.49,0.076982
415.51,0.07724
415.52,0.077498
415.54,0.077756
415.56,0.078014
415.58,0.078272
415.59,0.07853
415.61,0.078788
415.63,0.079046
415.64,0.079303
415.66,0.07956
415.68,0.079818
415.7,0.080075
415.71,0.080332
415.73,0.080589
415.75,0.080846
415.77,0.081102
415.78,0.081359
415.8,0.081615
415.82,0.081872
415.83,0.082128
415.85,0.082384
415.87,0.08264
415.89,0.082896
415.9,0.083151
415.92,0.083407
415.94,0.083662
415.96,0.083917
415.97,0.084173
415.99,0.084427
416.01,0.084682
416.03,0.084937
416.04,0.085191
416.06,0.085446
416.08,0.0857
416.09,0.085954
416.11,0.086208
416.13,0.086462
416.15,0.086715
416.16,0.086969
416.18,0.087222
416.2,0.087475
416.22,0.087728
416.23,0.08798
416.25,0.088233
416.27,0.088485
416.29,0.088738
416.3,0.08899
416.32,0.089242
416.34,0.089493
416.35,0.089745
416.37,0.089996
416.39,0.090247
416.41,0.090498
416.42,0.090749
416.44,0.091
416.46,0.09125
416.48,0.0915
416.49,0.09175
416.51,0.092
416.53,0.09225
416.55,0.092499
416.56,0.092748
416.58,0.092997
416.6,0.093246
416.61,0.093495
416.63,0.093743
416.65,0.093991
416.67,0.094239
416.68,0.094487
416.7,0.094734
416.72,0.094982
416.74,0.095229
416.75,0.095476
416.77,0.095722
416.79,0.095969
416.81,0.096215
416.82,0.096461
416.84,0.096707
416.86,0.096952
416.88,0.097198
416.89,0.097443
416.91,0.097688
416.93,0.097932
416.94,0.098177
416.96,0.098421
416.98,0.098665
417,0.098909
417.01,0.099152
417.03,0.099395
417.05,0.099638
417.07,0.099881
417.08,0.10012
417.1,0.10037
417.12,0.10061
417.14,0.10085
417.15,0.10109
417.17,0.10133
417.19,0.10157
417.21,0.10181
417.22,0.10205
417.24,0.10229
417.26,0.10253
417.28,0.10277
417.29,0.10301
417.31,0.10325
417.33,0.10349
417.34,0.10373
417.36,0.10397
417.38,0.10421
417.4,0.10444
417.41,0.10468
417.43,0.10492
417.45,0.10516
417.47,0.10539
417.48,0.10563
417.5,0.10586
417.52,0.1061
417.54,0.10634
417.55,0.10657
417.57,0.10681
417.59,0.10704
417.61,0.10727
417.62,0.10751
417.64,0.10774
417.66,0.10798
417.68,0.10821
417.69,0.10844
417.71,0.10867
417.73,0.10891
417.75,0.10914
417.76,0.10937
417.78,0.1096
417.8,0.10983
417.82,0.11006
417.83,0.11029
417.85,0.11052
417.87,0.11075
417.89,0.11098
417.9,0.11121
417.92,0.11144
417.94,0.11167
417.96,0.1119
417.97,0.11213
417.99,0.11235
418.01,0.11258
418.03,0.11281
418.04,0.11303
418.06,0.11326
418.08,0.11349
418.1,0.11371
418.11,0.11394
418.13,0.11416
418.15,0.11439
418.17,0.11461
418.18,0.11484
418.2,0.11506
418.22,0.11528
418.24,0.11551
418.25,0.11573
418.27,0.11595
418.29,0.11617
418.31,0.11639
418.32,0.11662
418.34,0.11684
418.36,0.11706
418.38,0.11728
418.39,0.1175
418.41,0.11772
418.43,0.11794
418.45,0.11815
418.46,0.11837
418.48,0.11859
418.5,0.11881
418.52,0.11903
418.53,0.11924
418.55,0.11946
418.57,0.11968
418.59,0.11989
418.6,0.12011
418.62,0.12032
418.64,0.12054
418.66,0.12075
418.67,0.12097
418.69,0.12118
418.71,0.12139
418.73,0.12161
418.74,0.12182
418.76,0.12203
418.78,0.12225
418.8,0.12246
418.81,0.12267
418.83,0.12288
418.85,0.12309
418.87,0.1233
418.88,0.12351
418.9,0.12372
418.92,0.12393
418.94,0.12414
418.95,0.12434
418.97,0.12455
418.99,0.12476
419.01,0.12497
419.02,0.12517
419.04,0.12538
419.06,0.12559
419.08,0.12579
419.09,0.126
419.11,0.1262
419.13,0.12641
419.15,0.12661
419.16,0.12681
419.18,0.12702
419.2,0.12722
419.22,0.12742
419.23,0.12763
419.25,0.12783
419.27,0.12803
419.29,0.12823
419.3,0.12843
419.32,0.12863
419.34,0.12883
419.36,0.12903
419.38,0.12923
419.39,0.12943
419.41,0.12963
419.43,0.12982
419.45,0.13002
419.46,0.13022
419.48,0.13042
419.5,0.13061
419.52,0.13081
419.53,0.131
419.55,0.1312
419.57,0.13139
419.59,0.13159
419.6,0.13178
419.62,0.13197
419.64,0.13217
419.66,0.13236
419.67,0.13255
419.69,0.13274
419.71,0.13294
419.73,0.13313
419.74,0.13332
419.76,0.13351
419.78,0.1337
419.8,0.13389
419.82,0.13408
419.83,0.13426
419.85,0.13445
419.87,0.13464
419.89,0.13483
419.9,0.13502
419.92,0.1352
419.94,0.13539
419.96,0.13557
419.97,0.13576
419.99,0.13594
420.01,0.13613
420.03,0.13631
420.04,0.1365
420.06,0.13668
420.08,0.13686
420.1,0.13705
420.12,0.13723
420.13,0.13741
420.15,0.13759
420.17,0.13777
420.19,0.13795
420.2,0.13813
420.22,0.13831
420.24,0.13849
420.26,0.13867
420.27,0.13885
420.29,0.13903
420.31,0.13921
420.33,0.13938
420.34,0.13956
420.36,0.13974
420.38,0.13991
420.4,0.14009
420.42,0.14026
420.43,0.14044
420.45,0.14061
420.47,0.14079
420.49,0.14096
420.5,0.14113
420.52,0.14131
420.54,0.14148
420.56,0.14165
420.57,0.14182
420.59,0.142
420.61,0.14217
420.63,0.14234
420.65,0.14251
420.66,0.14268
420.68,0.14285
420.7,0.14301
420.72,0.14318
420.73,0.14335
420.75,0.14352
420.77,0.14369
420.79,0.14385
420.8,0.14402
420.82,0.14419
420.84,0.14435
420.86,0.14452
420.88,0.14468
420.89,0.14485
420.91,0.14501
420.93,0.14517
420.95,0.14534
420.96,0.1455
420.98,0.14566
421,0.14583
421.02,0.14599
421.03,0.14615
421.05,0.14631
421.07,0.14647
421.09,0.14663
421.11,0.14679
421.12,0.14695
421.14,0.14711
421.16,0.14727
421.18,0.14743
421.19,0.14759
421.21,0.14774
421.23,0.1479
421.25,0.14806
421.27,0.14821
421.28,0.14837
421.3,0.14853
421.32,0.14868
421.34,0.14884
421.35,0.14899
421.37,0.14914
421.39,0.1493
421.41,0.14945
421.43,0.14961
421.44,0.14976
421.46,0.14991
421.48,0.15006
421.5,0.15021
421.51,0.15037
421.53,0.15052
421.55,0.15067
421.57,0.15082
421.59,0.15097
421.6,0.15112
421.62,0.15127
421.64,0.15142
421.66,0.15156
421.67,0.15171
421.69,0.15186
421.71,0.15201
421.73,0.15215
421.75,0.1523
421.76,0.15245
421.78,0.15259
421.8,0.15274
421.82,0.15288
421.83,0.15303
421.85,0.15317
421.87,0.15332
421.89,0.15346
421.91,0.15361
421.92,0.15375
421.94,0.15389
421.96,0.15404
421.98,0.15418
421.99,0.15432
422.01,0.15446
422.03,0.1546
422.05,0.15475
422.07,0.15489
422.08,0.15503
422.1,0.15517
422.12,0.15531
422.14,0.15545
422.15,0.15559
422.17,0.15573
422.19,0.15586
422.21,0.156
422.23,0.15614
422.24,0.15628
422.26,0.15642
422.28,0.15655
422.3,0.15669
422.32,0.15683
422.33,0.15696
422.35,0.1571
422.37,0.15724
422.39,0.15737
422.4,0.15751
422.42,0.15764
422.44,0.15778
422.46,0.15791
422.48,0.15805
422.49,0.15818
422.51,0.15831
422.53,0.15845
422.55,0.15858
422.56,0.15871
422.58,0.15884
422.6,0.15898
422.62,0.15911
422.64,0.15924
422.65,0.15937
422.67,0.1595
422.69,0.15964
422.71,0.15977
422.73,0.1599
422.74,0.16003
422.76,0.16016
422.78,0.16029
422.8,0.16042
422.82,0.16055
422.83,0.16068
422.85,0.16081
422.87,0.16094
422.89,0.16106
422.9,0.16119
422.92,0.16132
422.94,0.16145
422.96,0.16158
422.98,0.16171
422.99,0.16183
423.01,0.16196
423.03,0.16209
423.05,0.16221
423.07,0.16234
423.08,0.16247
423.1,0.16259
423.12,0.16272
423.14,0.16285
423.16,0.16297
423.17,0.1631
423.19,0.16322
423.21,0.16335
423.23,0.16348
423.24,0.1636
423.26,0.16373
423.28,0.16385
423.3,0.16398
423.32,0.1641
423.33,0.16422
423.35,0.16435
423.37,0.16447
423.39,0.1646
423.41,0.16472
423.42,0.16485
423.44,0.16497
423.46,0.16509
423.48,0.16522
423.5,0.16534
423.51,0.16546
423.53,0.16559
423.55,0.16571
423.57,0.16583
423.59,0.16596
423.6,0.16608
423.62,0.1662
423.64,0.16632
423.66,0.16645
423.67,0.16657
423.69,0.16669
423.71,0.16682
423.73,0.16694
423.75,0.16706
423.76,0.16718
423.78,0.16731
423.8,0.16743
423.82,0.16755
423.84,0.16767
423.85,0.16779
423.87,0.16792
423.89,0.16804
423.91,0.16816
423.93,0.16828
423.94,0.16841
423.96,0.16853
423.98,0.16865
424,0.16877
424.02,0.16889
424.03,0.16902
424.05,0.16914
424.07,0.16926
424.09,0.16938
424.11,0.1695
424.12,0.16963
424.14,0.16975
424.16,0.16987
424.18,0.16999
424.2,0.17012
424.21,0.17024
424.23,0.17036
424.25,0.17048
424.27,0.17061
424.29,0.17073
424.3,0.17085
424.32,0.17098
424.34,0.1711
424.36,0.17122
424.38,0.17135
424.39,0.17147
424.41,0.17159
424.43,0.17172
424.45,0.17184
424.47,0.17196
424.48,0.17209
424.5,0.17221
424.52,0.17234
424.54,0.17246
424.56,0.17258
424.57,0.17271
424.59,0.17283
424.61,0.17296
424.63,0.17308
424.65,0.17321
424.66,0.17333
424.68,0.17346
424.7,0.17359
424.72,0.17371
424.74,0.17384
424.75,0.17396
424.77,0.17409
424.79,0.17422
424.81,0.17434
424.83,0.17447
424.84,0.1746
424.86,0.17473
424.88,0.17485
424.9,0.17498
424.92,0.17511
424.94,0.17524
424.95,0.17537
424.97,0.1755
424.99,0.17563
425.01,0.17576
425.03,0.17589
425.04,0.17602
425.06,0.17615
425.08,0.17628
425.1,0.17641
425.12,0.17654
425.13,0.17667
425.15,0.17681
425.17,0.17694
425.19,0.17707
425.21,0.1772
425.22,0.17734
425.24,0.17747
425.26,0.1776
425.28,0.17774
425.3,0.17787
425.31,0.17801
425.33,0.17814
425.35,0.17828
425.37,0.17842
425.39,0.17855
425.41,0.17869
425.42,0.17883
425.44,0.17897
425.46,0.1791
425.48,0.17924
425.5,0.17938
425.51,0.17952
425.53,0.17966
425.55,0.1798
425.57,0.17994
425.59,0.18008
425.6,0.18023
425.62,0.18037
425.64,0.18051
425.66,0.18065
425.68,0.1808
425.69,0.18094
425.71,0.18109
425.73,0.18123
425.75,0.18138
425.77,0.18152
425.79,0.18167
425.8,0.18182
425.82,0.18196
425.84,0.18211
425.86,0.18226
425.88,0.18241
425.89,0.18256
425.91,0.18271
425.93,0.18286
425.95,0.18301
425.97,0.18317
425.99,0.18332
426,0.18347
426.02,0.18363
426.04,0.18378
426.06,0.18394
426.08,0.18409
426.09,0.18425
426.11,0.18441
426.13,0.18456
426.15,0.18472
426.17,0.18488
426.18,0.18504
426.2,0.1852
426.22,0.18536
426.24,0.18552
426.26,0.18569
426.28,0.18585
426.29,0.18601
426.31,0.18618
426.33,0.18634
426.35,0.18651
426.37,0.18667
426.38,0.18684
426.4,0.18701
426.42,0.18718
426.44,0.18735
426.46,0.18752
426.48,0.18769
426.49,0.18786
426.51,0.18804
426.53,0.18821
426.55,0.18838
426.57,0.18856
426.58,0.18873
426.6,0.18891
426.62,0.18909
426.64,0.18927
426.66,0.18945
426.68,0.18963
426.69,0.18981
426.71,0.18999
426.73,0.19017
426.75,0.19035
426.77,0.19054
426.79,0.19072
426.8,0.19091
426.82,0.1911
426.84,0.19129
426.86,0.19147
426.88,0.19166
426.89,0.19186
426.91,0.19205
426.93,0.19224
426.95,0.19243
426.97,0.19263
426.99,0.19282
427,0.19302
427.02,0.19322
427.04,0.19342
427.06,0.19361
427.08,0.19382
427.09,0.19402
427.11,0.19422
427.13,0.19442
427.15,0.19463
427.17,0.19483
427.19,0.19504
427.2,0.19525
427.22,0.19546
427.24,0.19566
427.26,0.19588
427.28,0.19609
427.3,0.1963
427.31,0.19651
427.33,0.19673
427.35,0.19695
427.37,0.19716
427.39,0.19738
427.41,0.1976
427.42,0.19782
427.44,0.19804
427.46,0.19827
427.48,0.19849
427.5,0.19872
427.51,0.19894
427.53,0.19917
427.55,0.1994
427.57,0.19963
427.59,0.19986
427.61,0.20009
427.62,0.20033
427.64,0.20056
427.66,0.2008
427.68,0.20104
427.7,0.20128
427.72,0.20152
427.73,0.20176
427.75,0.202
427.77,0.20224
427.79,0.20249
427.81,0.20274
427.83,0.20298
427.84,0.20323
427.86,0.20348
427.88,0.20373
427.9,0.20399
427.92,0.20424
427.94,0.2045
427.95,0.20476
427.97,0.20501
427.99,0.20527
428.01,0.20553
428.03,0.2058
428.05,0.20606
428.06,0.20633
428.08,0.20659
428.1,0.20686
428.12,0.20713
428.14,0.2074
428.16,0.20768
428.17,0.20795
428.19,0.20822
428.21,0.2085
428.23,0.20878
428.25,0.20906
428.27,0.20934
428.28,0.20962
428.3,0.20991
428.32,0.21019
428.34,0.21048
428.36,0.21077
428.38,0.21106
428.39,0.21135
428.41,0.21165
428.43,0.21194
428.45,0.21224
428.47,0.21254
428.49,0.21284
428.5,0.21314
428.52,0.21344
428.54,0.21375
428.56,0.21405
428.58,0.21436
428.6,0.21467
428.61,0.21498
428.63,0.21529
428.65,0.21561
428.67,0.21592
428.69,0.21624
428.71,0.21656
428.72,0.21688
428.74,0.2172
428.76,0.21753
428.78,0.21785
428.8,0.21818
428.82,0.21851
428.83,0.21884
428.85,0.21918
428.87,0.21951
428.89,0.21985
428.91,0.22019
428.93,0.22053
428.95,0.22087
428.96,0.22121
428.98,0.22156
429,0.2219
429.02,0.22225
429.04,0.2226
429.06,0.22296
429.07,0.22331
429.09,0.22367
429.11,0.22402
429.13,0.22438
429.15,0.22475
429.17,0.22511
429.18,0.22548
429.2,0.22584
429.22,0.22621
429.24,0.22658
429.26,0.22696
429.28,0.22733
429.3,0.22771
429.31,0.22809
429.33,0.22847
429.35,0.22885
429.37,0.22923
429.39,0.22962
429.41,0.23001
429.42,0.2304
429.44,0.23079
429.46,0.23119
429.48,0.23158
429.5,0.23198
429.52,0.23238
429.53,0.23278
429.55,0.23319
429.57,0.2336
429.59,0.234
429.61,0.23441
429.63,0.23483
429.65,0.23524
429.66,0.23566
429.68,0.23608
429.7,0.2365
429.72,0.23692
429.74,0.23735
429.76,0.23777
429.77,0.2382
429.79,0.23863
429.81,0.23907
429.83,0.2395
429.85,0.23994
429.87,0.24038
429.89,0.24082
429.9,0.24127
429.92,0.24171
429.94,0.24216
429.96,0.24261
429.98,0.24306
430,0.24352
430.02,0.24398
430.03,0.24444
430.05,0.2449
430.07,0.24536
430.09,0.24583
430.11,0.24629
430.13,0.24677
430.14,0.24724
430.16,0.24771
430.18,0.24819
430.2,0.24867
430.22,0.24915
430.24,0.24964
430.26,0.25012
430.27,0.25061
430.29,0.2511
430.31,0.25159
430.33,0.25209
430.35,0.25259
430.37,0.25309
430.39,0.25359
430.4,0.25409
430.42,0.2546
430.44,0.25511
430.46,0.25562
430.48,0.25614
430.5,0.25665
430.51,0.25717
430.53,0.25769
430.55,0.25822
430.57,0.25874
430.59,0.25927
430.61,0.2598
430.63,0.26034
430.64,0.26087
430.66,0.26141
430.68,0.26195
430.7,0.26249
430.72,0.26304
430.74,0.26359
430.76,0.26414
430.77,0.26469
430.79,0.26525
430.81,0.2658
430.83,0.26636
430.85,0.26693
430.87,0.26749
430.89,0.26806
430.9,0.26863
430.92,0.2692
430.94,0.26978
430.96,0.27035
430.98,0.27093
431,0.27152
431.02,0.2721
431.03,0.27269
431.05,0.27328
431.07,0.27387
431.09,0.27447
431.11,0.27507
431.13,0.27567
431.15,0.27627
431.16,0.27688
431.18,0.27749
431.2,0.2781
431.22,0.27871
431.24,0.27933
431.26,0.27995
431.28,0.28057
431.29,0.28119
431.31,0.28182
431.33,0.28245
431.35,0.28308
431.37,0.28371
431.39,0.28435
431.41,0.28499
431.42,0.28563
431.44,0.28628
431.46,0.28692
431.48,0.28758
431.5,0.28823
431.52,0.28888
431.54,0.28954
431.56,0.2902
431.57,0.29087
431.59,0.29153
431.61,0.2922
431.63,0.29288
431.65,0.29355
431.67,0.29423
431.69,0.29491
431.7,0.29559
431.72,0.29628
431.74,0.29696
431.76,0.29765
431.78,0.29835
431.8,0.29904
431.82,0.29974
431.83,0.30045
431.85,0.30115
431.87,0.30186
431.89,0.30257
431.91,0.30328
431.93,0.304
431.95,0.30472
431.97,0.30544
431.98,0.30616
432,0.30689
432.02,0.30762
432.04,0.30835
432.06,0.30908
432.08,0.30982
432.1,0.31056
432.11,0.31131
432.13,0.31205
432.15,0.3128
432.17,0.31355
432.19,0.31431
432.21,0.31507
432.23,0.31583
432.25,0.31659
432.26,0.31736
432.28,0.31813
432.3,0.3189
432.32,0.31967
432.34,0.32045
432.36,0.32123
432.38,0.32201
432.4,0.3228
432.41,0.32359
432.43,0.32438
432.45,0.32518
432.47,0.32597
432.49,0.32677
432.51,0.32758
432.53,0.32838
432.54,0.32919
432.56,0.33
432.58,0.33082
432.6,0.33164
432.62,0.33246
432.64,0.33328
432.66,0.33411
432.68,0.33493
432.69,0.33577
432.71,0.3366
432.73,0.33744
432.75,0.33828
432.77,0.33912
432.79,0.33997
432.81,0.34082
432.83,0.34167
432.84,0.34253
432.86,0.34338
432.88,0.34425
432.9,0.34511
432.92,0.34598
432.94,0.34685
432.96,0.34772
432.98,0.34859
432.99,0.34947
433.01,0.35035
433.03,0.35124
433.05,0.35212
433.07,0.35301
433.09,0.35391
433.11,0.3548
433.13,0.3557
433.14,0.3566
433.16,0.35751
433.18,0.35842
433.2,0.35933
433.22,0.36024
433.24,0.36116
433.26,0.36207
433.28,0.363
433.29,0.36392
433.31,0.36485
433.33,0.36578
433.35,0.36671
433.37,0.36765
433.39,0.36859
433.41,0.36953
433.43,0.37048
433.44,0.37143
433.46,0.37238
433.48,0.37333
433.5,0.37429
433.52,0.37525
433.54,0.37621
433.56,0.37718
433.58,0.37815
433.59,0.37912
433.61,0.38009
433.63,0.38107
433.65,0.38205
433.67,0.38303
433.69,0.38402
433.71,0.38501
433.73,0.386
433.75,0.38699
433.76,0.38799
433.78,0.38899
433.8,0.38999
433.82,0.391
433.84,0.39201
433.86,0.39302
433.88,0.39404
433.9,0.39505
433.91,0.39607
433.93,0.3971
433.95,0.39812
433.97,0.39915
433.99,0.40019
434.01,0.40122
434.03,0.40226
434.05,0.4033
434.07,0.40434
434.08,0.40539
434.1,0.40644
434.12,0.40749
434.14,0.40855
434.16,0.4096
434.18,0.41066
434.2,0.41173
434.22,0.41279
434.24,0.41386
434.25,0.41493
434.27,0.41601
434.29,0.41709
434.31,0.41817
434.33,0.41925
434.35,0.42034
434.37,0.42142
434.39,0.42252
434.4,0.42361
434.42,0.42471
434.44,0.42581
434.46,0.42691
434.48,0.42801
434.5,0.42912
434.52,0.43023
434.54,0.43135
434.56,0.43246
434.57,0.43358
434.59,0.4347
434.61,0.43583
434.63,0.43696
434.65,0.43809
434.67,0.43922
434.69,0.44035
434.71,0.44149
434.73,0.44263
434.74,0.44378
434.76,0.44492
434.78,0.44607
434.8,0.44722
434.82,0.44838
434.84,0.44953
434.86,0.45069
434.88,0.45186
434.9,0.45302
434.91,0.45419
434.93,0.45536
434.95,0.45653
434.97,0.45771
434.99,0.45889
435.01,0.46007
435.03,0.46125
435.05,0.46243
435.07,0.46362
435.09,0.46481
435.1,0.46601
435.12,0.4672
435.14,0.4684
435.16,0.4696
435.18,0.47081
435.2,0.47201
435.22,0.47322
435.24,0.47443
435.26,0.47565
435.27,0.47686
435.29,0.47808
435.31,0.4793
435.33,0.48053
435.35,0.48175
435.37,0.48298
435.39,0.48421
435.41,0.48545
435.43,0.48668
435.45,0.48792
435.46,0.48916
435.48,0.4904
435.5,0.49165
435.52,0.4929
435.54,0.49415
435.56,0.4954
435.58,0.49666
435.6,0.49791
435.62,0.49917
435.63,0.50043
435.65,0.5017
435.67,0.50296
435.69,0.50423
435.71,0.5055
435.73,0.50678
435.75,0.50805
435.77,0.50933
435.79,0.51061
435.81,0.51189
435.82,0.51318
435.84,0.51447
435.86,0.51575
435.88,0.51705
435.9,0.51834
435.92,0.51963
435.94,0.52093
435.96,0.52223
435.98,0.52353
436,0.52484
436.01,0.52614
436.03,0.52745
436.05,0.52876
436.07,0.53008
436.09,0.53139
436.11,0.53271
436.13,0.53402
436.15,0.53535
436.17,0.53667
436.19,0.53799
436.21,0.53932
436.22,0.54065
436.24,0.54198
436.26,0.54331
436.28,0.54464
436.3,0.54598
436.32,0.54732
436.34,0.54866
436.36,0.55
436.38,0.55134
436.4,0.55269
436.41,0.55404
436.43,0.55539
436.45,0.55674
436.47,0.55809
436.49,0.55945
436.51,0.5608
436.53,0.56216
436.55,0.56352
436.57,0.56488
436.59,0.56624
436.6,0.56761
436.62,0.56898
436.64,0.57034
436.66,0.57171
436.68,0.57309
436.7,0.57446
436.72,0.57583
436.74,0.57721
436.76,0.57859
436.78,0.57997
436.8,0.58135
436.81,0.58273
436.83,0.58412
436.85,0.5855
436.87,0.58689
436.89,0.58828
436.91,0.58967
436.93,0.59106
436.95,0.59245
436.97,0.59385
436.99,0.59524
437.01,0.59664
437.02,0.59804
437.04,0.59944
437.06,0.60084
437.08,0.60224
437.1,0.60364
437.12,0.60505
437.14,0.60645
437.16,0.60786
437.18,0.60927
437.2,0.61068
437.22,0.61209
437.23,0.6135
437.25,0.61492
437.27,0.61633
437.29,0.61774
437.31,0.61916
437.33,0.62058
437.35,0.622
437.37,0.62342
437.39,0.62484
437.41,0.62626
437.43,0.62768
437.45,0.62911
437.46,0.63053
437.48,0.63196
437.5,0.63338
437.52,0.63481
437.54,0.63624
437.56,0.63767
437.58,0.6391
437.6,0.64053
437.62,0.64196
437.64,0.64339
437.66,0.64482
437.68,0.64626
437.69,0.64769
437.71,0.64913
437.73,0.65056
437.75,0.652
437.77,0.65343
437.79,0.65487
437.81,0.65631
437.83,0.65775
437.85,0.65919
437.87,0.66063
437.89,0.66207
437.91,0.66351
437.92,0.66495
437.94,0.66639
437.96,0.66783
437.98,0.66928
438,0.67072
438.02,0.67216
438.04,0.67361
438.06,0.67505
438.08,0.6765
438.1,0.67794
438.12,0.67938
438.14,0.68083
438.15,0.68228
438.17,0.68372
438.19,0.68517
438.21,0.68661
438.23,0.68806
438.25,0.6895
438.27,0.69095
438.29,0.6924
438.31,0.69384
438.33,0.69529
438.35,0.69674
438.37,0.69818
438.38,0.69963
438.4,0.70107
438.42,0.70252
438.44,0.70397
438.46,0.70541
438.48,0.70686
438.5,0.7083
438.52,0.70975
438.54,0.71119
438.56,0.71264
438.58,0.71408
438.6,0.71553
438.62,0.71697
438.63,0.71842
438.65,0.71986
438.67,0.7213
438.69,0.72274
438.71,0.72419
438.73,0.72563
438.75,0.72707
438.77,0.72851
438.79,0.72995
438.81,0.73139
438.83,0.73283
438.85,0.73427
438.87,0.73571
438.89,0.73714
438.9,0.73858
438.92,0.74002
438.94,0.74145
438.96,0.74289
438.98,0.74432
439,0.74575
439.02,0.74718
439.04,0.74862
439.06,0.75005
439.08,0.75148
439.1,0.7529
439.12,0.75433
439.14,0.75576
439.16,0.75719
439.17,0.75861
439.19,0.76003
439.21,0.76146
439.23,0.76288
439.25,0.7643
439.27,0.76572
439.29,0.76714
439.31,0.76855
439.33,0.76997
439.35,0.77139
439.37,0.7728
439.39,0.77421
439.41,0.77562
439.43,0.77703
439.44,0.77844
439.46,0.77985
439.48,0.78125
439.5,0.78266
439.52,0.78406
439.54,0.78546
439.56,0.78686
439.58,0.78826
439.6,0.78966
439.62,0.79105
439.64,0.79245
439.66,0.79384
439.68,0.79523
439.7,0.79662
439.72,0.798
439.73,0.79939
439.75,0.80077
439.77,0.80215
439.79,0.80354
439.81,0.80491
439.83,0.80629
439.85,0.80766
439.87,0.80904
439.89,0.81041
439.91,0.81178
439.93,0.81314
439.95,0.81451
439.97,0.81587
439.99,0.81723
440.01,0.81859
440.02,0.81995
440.04,0.8213
440.06,0.82266
440.08,0.82401
440.1,0.82535
440.12,0.8267
440.14,0.82804
440.16,0.82939
440.18,0.83072
440.2,0.83206
440.22,0.8334
440.24,0.83473
440.26,0.83606
440.28,0.83738
440.3,0.83871
440.32,0.84003
440.33,0.84135
440.35,0.84267
440.37,0.84398
440.39,0.8453
440.41,0.84661
440.43,0.84791
440.45,0.84922
440.47,0.85052
440.49,0.85182
440.51,0.85312
440.53,0.85441
440.55,0.8557
440.57,0.85699
440.59,0.85827
440.61,0.85956
440.63,0.86084
440.65,0.86211
440.66,0.86339
440.68,0.86466
440.7,0.86593
440.72,0.86719
440.74,0.86845
440.76,0.86971
440.78,0.87097
440.8,0.87222
440.82,0.87347
440.84,0.87472
440.86,0.87596
440.88,0.8772
440.9,0.87844
440.92,0.87967
440.94,0.8809
440.96,0.88213
440.98,0.88335
440.99,0.88457
441.01,0.88579
441.03,0.887
441.05,0.88821
441.07,0.88942
441.09,0.89062
441.11,0.89182
441.13,0.89302
441.15,0.89421
441.17,0.8954
441.19,0.89659
441.21,0.89777
441.23,0.89895
441.25,0.90012
441.27,0.90129
441.29,0.90246
441.31,0.90363
441.33,0.90479
441.35,0.90594
441.36,0.90709
441.38,0.90824
441.4,0.90939
441.42,0.91053
441.44,0.91167
441.46,0.9128
441.48,0.91393
441.5,0.91505
441.52,0.91618
441.54,0.91729
441.56,0.91841
441.58,0.91952
441.6,0.92062
441.62,0.92172
441.64,0.92282
441.66,0.92391
441.68,0.925
441.7,0.92608
441.72,0.92716
441.74,0.92824
441.75,0.92931
441.77,0.93038
441.79,0.93144
441.81,0.9325
441.83,0.93356
441.85,0.93461
441.87,0.93565
441.89,0.93669
441.91,0.93773
441.93,0.93876
441.95,0.93979
441.97,0.94081
441.99,0.94183
442.01,0.94285
442.03,0.94386
442.05,0.94486
442.07,0.94586
442.09,0.94686
442.11,0.94785
442.13,0.94884
442.15,0.94982
442.16,0.95079
442.18,0.95177
442.2,0.95273
442.22,0.9537
442.24,0.95466
442.26,0.95561
442.28,0.95656
442.3,0.9575
442.32,0.95844
442.34,0.95937
442.36,0.9603
442.38,0.96123
442.4,0.96214
442.42,0.96306
442.44,0.96397
442.46,0.96487
442.48,0.96577
442.5,0.96666
442.52,0.96755
442.54,0.96844
442.56,0.96931
442.58,0.97019
442.6,0.97106
442.61,0.97192
442.63,0.97278
442.65,0.97363
442.67,0.97448
442.69,0.97532
442.71,0.97615
442.73,0.97699
442.75,0.97781
442.77,0.97863
442.79,0.97945
442.81,0.98026
442.83,0.98106
442.85,0.98186
442.87,0.98266
442.89,0.98344
442.91,0.98423
442.93,0.98501
442.95,0.98578
442.97,0.98654
442.99,0.9873
443.01,0.98806
443.03,0.98881
443.05,0.98955
443.07,0.99029
443.09,0.99103
443.11,0.99175
443.12,0.99247
443.14,0.99319
443.16,0.9939
443.18,0.99461
443.2,0.9953
443.22,0.996
443.24,0.99669
443.26,0.99737
443.28,0.99804
443.3,0.99871
443.32,0.99938
443.34,1
443.36,1.0007
443.38,1.0013
443.4,1.002
443.42,1.0026
443.44,1.0032
443.46,1.0039
443.48,1.0045
443.5,1.0051
443.52,1.0057
443.54,1.0063
443.56,1.0069
443.58,1.0075
443.6,1.0081
443.62,1.0086
443.64,1.0092
443.66,1.0098
443.68,1.0103
443.7,1.0109
443.71,1.0114
443.73,1.012
443.75,1.0125
443.77,1.013
443.79,1.0135
443.81,1.0141
443.83,1.0146
443.85,1.0151
443.87,1.0156
443.89,1.016
443.91,1.0165
443.93,1.017
443.95,1.0175
443.97,1.0179
443.99,1.0184
444.01,1.0189
444.03,1.0193
444.05,1.0197
444.07,1.0202
444.09,1.0206
444.11,1.021
444.13,1.0214
444.15,1.0218
444.17,1.0222
444.19,1.0226
444.21,1.023
444.23,1.0234
444.25,1.0238
444.27,1.0241
444.29,1.0245
444.31,1.0249
444.33,1.0252
444.35,1.0256
444.37,1.0259
444.39,1.0262
444.4,1.0265
444.42,1.0269
444.44,1.0272
444.46,1.0275
444.48,1.0278
444.5,1.0281
444.52,1.0284
444.54,1.0286
444.56,1.0289
444.58,1.0292
444.6,1.0294
444.62,1.0297
444.64,1.0299
444.66,1.0302
444.68,1.0304
444.7,1.0306
444.72,1.0308
444.74,1.031
444.76,1.0313
444.78,1.0315
444.8,1.0316
444.82,1.0318
444.84,1.032
444.86,1.0322
444.88,1.0323
444.9,1.0325
444.92,1.0327
444.94,1.0328
444.96,1.0329
444.98,1.0331
445,1.0332
445.02,1.0333
445.04,1.0334
445.06,1.0335
445.08,1.0336
445.1,1.0337
445.12,1.0338
445.14,1.0339
445.16,1.034
445.18,1.034
445.2,1.0341
445.22,1.0341
445.24,1.0342
445.26,1.0342
445.28,1.0342
445.3,1.0343
445.32,1.0343
445.34,1.0343
445.35,1.0343
445.37,1.0343
445.39,1.0343
445.41,1.0343
445.43,1.0342
445.45,1.0342
445.47,1.0342
445.49,1.0341
445.51,1.0341
445.53,1.034
445.55,1.034
445.57,1.0339
445.59,1.0338
445.61,1.0337
445.63,1.0336
445.65,1.0335
445.67,1.0334
445.69,1.0333
445.71,1.0332
445.73,1.0331
445.75,1.0329
445.77,1.0328
445.79,1.0327
445.81,1.0325
445.83,1.0323
445.85,1.0322
445.87,1.032
445.89,1.0318
445.91,1.0316
445.93,1.0314
445.95,1.0312
445.97,1.031
445.99,1.0308
446.01,1.0306
446.03,1.0304
446.05,1.0301
446.07,1.0299
446.09,1.0296
446.11,1.0294
446.13,1.0291
446.15,1.0289
446.17,1.0286
446.19,1.0283
446.21,1.028
446.23,1.0277
446.25,1.0274
446.27,1.0271
446.29,1.0268
446.31,1.0265
446.33,1.0261
446.35,1.0258
446.37,1.0254
446.39,1.0251
446.41,1.0247
446.43,1.0244
446.45,1.024
446.47,1.0236
446.49,1.0232
446.51,1.0228
446.53,1.0224
446.55,1.022
446.57,1.0216
446.59,1.0212
446.61,1.0208
446.63,1.0204
446.65,1.0199
446.67,1.0195
446.69,1.019
446.71,1.0186
446.73,1.0181
446.75,1.0176
446.77,1.0171
446.79,1.0167
446.81,1.0162
446.83,1.0157
446.85,1.0152
446.87,1.0147
446.89,1.0141
446.91,1.0136
446.93,1.0131
446.95,1.0125
446.97,1.012
446.99,1.0114
447.01,1.0109
447.03,1.0103
447.05,1.0098
447.07,1.0092
447.09,1.0086
447.11,1.008
447.13,1.0074
447.15,1.0068
447.17,1.0062
447.19,1.0056
447.21,1.0049
447.23,1.0043
447.25,1.0037
447.27,1.003
447.29,1.0024
447.31,1.0017
447.33,1.0011
447.35,1.0004
447.37,0.99972
447.39,0.99904
447.41,0.99835
447.43,0.99766
447.45,0.99696
447.47,0.99625
447.49,0.99553
447.51,0.99481
447.53,0.99409
447.55,0.99335
447.57,0.99261
447.59,0.99187
447.61,0.99112
447.63,0.99036
447.65,0.98959
447.67,0.98882
447.69,0.98804
447.71,0.98726
447.73,0.98647
447.75,0.98567
447.77,0.98487
447.79,0.98406
447.81,0.98325
447.83,0.98243
447.85,0.9816
447.87,0.98077
447.89,0.97993
447.91,0.97908
447.93,0.97823
447.95,0.97737
447.97,0.97651
447.99,0.97564
448.01,0.97476
448.03,0.97388
448.05,0.97299
448.07,0.97209
448.09,0.97119
448.11,0.97029
448.13,0.96937
448.15,0.96845
448.17,0.96753
448.19,0.9666
448.21,0.96566
448.23,0.96472
448.25,0.96377
448.27,0.96282
448.29,0.96185
448.31,0.96089
448.33,0.95992
448.35,0.95894
448.37,0.95795
448.39,0.95696
448.41,0.95597
448.43,0.95497
448.45,0.95396
448.47,0.95295
448.49,0.95193
448.51,0.9509
448.53,0.94987
448.55,0.94884
448.57,0.9478
448.59,0.94675
448.61,0.9457
448.63,0.94464
448.65,0.94357
448.67,0.9425
448.69,0.94143
448.71,0.94035
448.73,0.93926
448.75,0.93817
448.77,0.93707
448.79,0.93597
448.81,0.93486
448.83,0.93374
448.85,0.93262
448.87,0.9315
448.89,0.93037
448.91,0.92923
448.93,0.92809
448.95,0.92694
448.97,0.92579
448.99,0.92463
449.01,0.92347
449.03,0.9223
449.05,0.92113
449.07,0.91995
449.1,0.91877
449.12,0.91758
449.14,0.91638
449.16,0.91518
449.18,0.91398
449.2,0.91277
449.22,0.91155
449.24,0.91033
449.26,0.90911
449.28,0.90787
449.3,0.90664
449.32,0.9054
449.34,0.90415
449.36,0.9029
449.38,0.90165
449.4,0.90038
449.42,0.89912
449.44,0.89785
449.46,0.89657
449.48,0.89529
449.5,0.89401
449.52,0.89272
449.54,0.89142
449.56,0.89012
449.58,0.88881
449.6,0.8875
449.62,0.88619
449.64,0.88487
449.66,0.88355
449.68,0.88222
449.7,0.88088
449.72,0.87955
449.74,0.8782
449.76,0.87686
449.78,0.8755
449.8,0.87415
449.82,0.87279
449.84,0.87142
449.86,0.87005
449.88,0.86868
449.9,0.8673
449.92,0.86591
449.94,0.86452
449.96,0.86313
449.98,0.86173
450,0.86033
450.02,0.85893
450.05,0.85752
450.07,0.8561
450.09,0.85468
450.11,0.85326
450.13,0.85183
450.15,0.8504
450.17,0.84897
450.19,0.84753
450.21,0.84608
450.23,0.84463
450.25,0.84318
450.27,0.84172
450.29,0.84026
450.31,0.8388
450.33,0.83733
450.35,0.83586
450.37,0.83438
450.39,0.8329
450.41,0.83142
450.43,0.82993
450.45,0.82843
450.47,0.82694
450.49,0.82544
450.51,0.82393
450.53,0.82243
450.55,0.82091
450.57,0.8194
450.59,0.81788
450.61,0.81636
450.63,0.81483
450.65,0.8133
450.67,0.81177
450.69,0.81023
450.71,0.80869
450.73,0.80714
450.76,0.80559
450.78,0.80404
450.8,0.80249
450.82,0.80093
450.84,0.79936
450.86,0.7978
450.88,0.79623
450.9,0.79466
450.92,0.79308
450.94,0.7915
450.96,0.78992
450.98,0.78833
451,0.78674
451.02,0.78515
451.04,0.78355
451.06,0.78195
451.08,0.78035
451.1,0.77875
451.12,0.77714
451.14,0.77553
451.16,0.77391
451.18,0.77229
451.2,0.77067
451.22,0.76905
451.24,0.76742
451.26,0.76579
451.28,0.76416
451.3,0.76252
451.32,0.76088
451.35,0.75924
451.37,0.7576
451.39,0.75595
451.41,0.7543
451.43,0.75265
451.45,0.75099
451.47,0.74933
451.49,0.74767
451.51,0.74601
451.53,0.74434
451.55,0.74267
451.57,0.741
451.59,0.73933
451.61,0.73765
451.63,0.73597
451.65,0.73429
451.67,0.73261
451.69,0.73092
451.71,0.72923
451.73,0.72754
451.75,0.72584
451.77,0.72415
451.79,0.72245
451.81,0.72075
451.83,0.71904
451.85,0.71734
451.88,0.71563
451.9,0.71392
451.92,0.71221
451.94,0.71049
451.96,0.70878
451.98,0.70706
452,0.70534
452.02,0.70362
452.04,0.70189
452.06,0.70016
452.08,0.69843
452.1,0.6967
452.12,0.69497
452.14,0.69324
452.16,0.6915
452.18,0.68976
452.2,0.68802
452.22,0.68628
452.24,0.68454
452.26,0.68279
452.28,0.68104
452.3,0.67929
452.32,0.67754
452.35,0.67579
452.37,0.67404
452.39,0.67228
452.41,0.67052
452.43,0.66876
452.45,0.667
452.47,0.66524
452.49,0.66348
452.51,0.66171
452.53,0.65995
452.55,0.65818
452.57,0.65641
452.59,0.65464
452.61,0.65287
452.63,0.6511
452.65,0.64932
452.67,0.64755
452.69,0.64577
452.71,0.64399
452.73,0.64221
452.76,0.64043
452.78,0.63865
452.8,0.63687
452.82,0.63508
452.84,0.6333
452.86,0.63151
452.88,0.62973
452.9,0.62794
452.92,0.62615
452.94,0.62436
452.96,0.62257
452.98,0.62078
453,0.61898
453.02,0.61719
453.04,0.6154
453.06,0.6136
453.08,0.61181
453.1,0.61001
453.12,0.60821
453.14,0.60642
453.17,0.60462
453.19,0.60282
453.21,0.60102
453.23,0.59922
453.25,0.59742
453.27,0.59562
453.29,0.59381
453.31,0.59201
453.33,0.59021
453.35,0.58841
453.37,0.5866
453.39,0.5848
453.41,0.58299
453.43,0.58119
453.45,0.57938
453.47,0.57758
453.49,0.57577
453.51,0.57397
453.54,0.57216
453.56,0.57035
453.58,0.56855
453.6,0.56674
453.62,0.56493
453.64,0.56313
453.66,0.56132
453.68,0.55951
453.7,0.55771
453.72,0.5559
453.74,0.55409
453.76,0.55229
453.78,0.55048
453.8,0.54867
453.82,0.54686
453.84,0.54506
453.86,0.54325
453.89,0.54145
453.91,0.53964
453.93,0.53783
453.95,0.53603
453.97,0.53422
453.99,0.53242
454.01,0.53061
454.03,0.52881
454.05,0.52701
454.07,0.5252
454.09,0.5234
454.11,0.5216
454.13,0.51979
454.15,0.51799
454.17,0.51619
454.19,0.51439
454.22,0.51259
454.24,0.51079
454.26,0.50899
454.28,0.50719
454.3,0.5054
454.32,0.5036
454.34,0.5018
454.36,0.50001
454.38,0.49821
454.4,0.49642
454.42,0.49462
454.44,0.49283
454.46,0.49104
454.48,0.48925
454.5,0.48746
454.52,0.48567
454.55,0.48388
454.57,0.4821
454.59,0.48031
454.61,0.47852
454.63,0.47674
454.65,0.47496
454.67,0.47317
454.69,0.47139
454.71,0.46961
454.73,0.46783
454.75,0.46606
454.77,0.46428
454.79,0.4625
454.81,0.46073
454.83,0.45896
454.86,0.45719
454.88,0.45541
454.9,0.45365
454.92,0.45188
454.94,0.45011
454.96,0.44835
454.98,0.44658
455,0.44482
455.02,0.44306
455.04,0.4413
455.06,0.43954
455.08,0.43778
455.1,0.43603
455.12,0.43427
455.15,0.43252
455.17,0.43077
455.19,0.42902
455.21,0.42727
455.23,0.42553
455.25,0.42378
455.27,0.42204
455.29,0.4203
455.31,0.41856
455.33,0.41682
455.35,0.41509
455.37,0.41335
455.39,0.41162
455.41,0.40989
455.44,0.40816
455.46,0.40643
455.48,0.40471
455.5,0.40298
455.52,0.40126
455.54,0.39954
455.56,0.39782
455.58,0.39611
455.6,0.39439
455.62,0.39268
455.64,0.39097
455.66,0.38926
455.68,0.38756
455.71,0.38585
455.73,0.38415
455.75,0.38245
455.77,0.38075
455.79,0.37906
455.81,0.37736
455.83,0.37567
455.85,0.37398
455.87,0.3723
455.89,0.37061
455.91,0.36893
455.93,0.36725
455.95,0.36557
455.98,0.36389
456,0.36222
456.02,0.36055
456.04,0.35888
456.06,0.35721
456.08,0.35555
456.1,0.35389
456.12,0.35223
456.14,0.35057
456.16,0.34891
456.18,0.34726
456.2,0.34561
456.23,0.34396
456.25,0.34232
456.27,0.34068
456.29,0.33904
456.31,0.3374
456.33,0.33576
456.35,0.33413
456.37,0.3325
456.39,0.33087
456.41,0.32925
456.43,0.32763
456.45,0.32601
456.48,0.32439
456.5,0.32277
456.52,0.32116
456.54,0.31955
456.56,0.31795
456.58,0.31634
456.6,0.31474
456.62,0.31314
456.64,0.31155
456.66,0.30995
456.68,0.30836
456.7,0.30678
456.73,0.30519
456.75,0.30361
456.77,0.30203
456.79,0.30046
456.81,0.29888
456.83,0.29731
456.85,0.29574
456.87,0.29418
456.89,0.29262
456.91,0.29106
456.93,0.2895
456.95,0.28795
456.98,0.2864
457,0.28485
457.02,0.28331
457.04,0.28177
457.06,0.28023
457.08,0.27869
457.1,0.27716
457.12,0.27563
457.14,0.27411
457.16,0.27258
457.18,0.27106
457.21,0.26954
457.23,0.26803
457.25,0.26652
457.27,0.26501
457.29,0.26351
457.31,0.26201
457.33,0.26051
457.35,0.25901
457.37,0.25752
457.39,0.25603
457.41,0.25454
457.44,0.25306
457.46,0.25158
457.48,0.25011
457.5,0.24863
457.52,0.24716
457.54,0.2457
457.56,0.24423
457.58,0.24277
457.6,0.24132
457.62,0.23986
457.64,0.23841
457.67,0.23696
457.69,0.23552
457.71,0.23408
457.73,0.23264
457.75,0.23121
457.77,0.22978
457.79,0.22835
457.81,0.22693
457.83,0.22551
457.85,0.22409
457.88,0.22267
457.9,0.22126
457.92,0.21986
457.94,0.21845
457.96,0.21705
457.98,0.21565
458,0.21426
458.02,0.21287
458.04,0.21148
458.06,0.2101
458.09,0.20872
458.11,0.20734
458.13,0.20597
458.15,0.2046
458.17,0.20323
458.19,0.20187
458.21,0.20051
458.23,0.19915
458.25,0.1978
458.27,0.19645
458.3,0.19511
458.32,0.19377
458.34,0.19243
458.36,0.19109
458.38,0.18976
458.4,0.18843
458.42,0.18711
458.44,0.18579
458.46,0.18447
458.48,0.18315
458.51,0.18184
458.53,0.18054
458.55,0.17923
458.57,0.17793
458.59,0.17664
458.61,0.17534
458.63,0.17405
458.65,0.17277
458.67,0.17149
458.69,0.17021
458.72,0.16893
458.74,0.16766
458.76,0.16639
458.78,0.16513
458.8,0.16387
458.82,0.16261
458.84,0.16136
458.86,0.16011
458.88,0.15886
458.91,0.15762
458.93,0.15638
458.95,0.15514
458.97,0.15391
458.99,0.15268
459.01,0.15146
459.03,0.15024
459.05,0.14902
459.07,0.1478
459.09,0.14659
459.12,0.14539
459.14,0.14418
459.16,0.14298
459.18,0.14179
459.2,0.14059
459.22,0.13941
459.24,0.13822
459.26,0.13704
459.28,0.13586
459.31,0.13469
459.33,0.13352
459.35,0.13235
459.37,0.13118
459.39,0.13003
459.41,0.12887
459.43,0.12772
459.45,0.12657
459.47,0.12542
459.5,0.12428
459.52,0.12314
459.54,0.12201
459.56,0.12088
459.58,0.11975
459.6,0.11863
459.62,0.1175
459.64,0.11639
459.66,0.11528
459.69,0.11417
459.71,0.11306
459.73,0.11196
459.75,0.11086
459.77,0.10977
459.79,0.10867
459.81,0.10759
459.83,0.1065
459.85,0.10542
459.88,0.10435
459.9,0.10327
459.92,0.1022
459.94,0.10114
459.96,0.10007
459.98,0.099016
460,0.097961
460.02,0.096909
460.05,0.095861
460.07,0.094817
460.09,0.093776
460.11,0.092739
460.13,0.091705
460.15,0.090675
460.17,0.089648
460.19,0.088625
460.21,0.087606
460.24,0.08659
460.26,0.085578
460.28,0.084569
460.3,0.083564
460.32,0.082562
460.34,0.081564
460.36,0.08057
460.38,0.079579
460.41,0.078591
460.43,0.077608
460.45,0.076627
460.47,0.07565
460.49,0.074677
460.51,0.073707
460.53,0.072741
460.55,0.071778
460.57,0.070819
460.6,0.069863
460.62,0.068911
460.64,0.067962
460.66,0.067017
460.68,0.066075
460.7,0.065137
460.72,0.064202
460.74,0.063271
460.77,0.062343
460.79,0.061418
460.81,0.060497
460.83,0.05958
460.85,0.058666
460.87,0.057755
460.89,0.056848
460.91,0.055944
460.94,0.055044
460.96,0.054147
460.98,0.053254
461,0.052364
461.02,0.051477
461.04,0.050594
461.06,0.049714
461.08,0.048837
461.11,0.047964
461.13,0.047095
461.15,0.046228
461.17,0.045365
461.19,0.044506
461.21,0.04365
461.23,0.042797
461.25,0.041947
461.28,0.041101
461.3,0.040258
461.32,0.039419
461.34,0.038582
461.36,0.03775
461.38,0.03692
461.4,0.036094
461.42,0.035271
461.45,0.034451
461.47,0.033635
461.49,0.032822
461.51,0.032012
461.53,0.031205
461.55,0.030402
461.57,0.029602
461.6,0.028805
461.62,0.028011
461.64,0.027221
461.66,0.026434
461.68,0.02565
461.7,0.024869
461.72,0.024091
461.74,0.023317
461.77,0.022546
461.79,0.021778
461.81,0.021013
461.83,0.020252
461.85,0.019493
461.87,0.018738
461.89,0.017986
461.92,0.017237
461.94,0.016491
461.96,0.015748
461.98,0.015008
462,0.014272
462.02,0.013538
462.04,0.012808
462.06,0.012081
462.09,0.011357
462.11,0.010636
462.13,0.0099175
462.15,0.0092025
462.17,0.0084906
462.19,0.0077817
462.21,0.0070758
462.24,0.0063729
462.26,0.0056731
462.28,0.0049763
462.3,0.0042825
462.32,0.0035917
462.34,0.0029038
462.36,0.002219
462.38,0.0015371
462.41,0.00085814
462.43,0.00018217
462.45,-0.00049087
462.47,-0.001161
462.49,-0.0018281
462.51,-0.0024924
462.53,-0.0031537
462.56,-0.0038121
462.58,-0.0044677
462.6,-0.0051203
462.62,-0.0057701
462.64,-0.006417
462.66,-0.007061
462.68,-0.0077022
462.71,-0.0083405
462.73,-0.008976
462.75,-0.0096086
462.77,-0.010238
462.79,-0.010865
462.81,-0.01149
462.83,-0.012111
462.86,-0.01273
462.88,-0.013346
462.9,-0.013959
462.92,-0.014569
462.94,-0.015177
462.96,-0.015781
462.98,-0.016384
463.01,-0.016983
463.03,-0.01758
463.05,-0.018173
463.07,-0.018765
463.09,-0.019353
463.11,-0.019939
463.13,-0.020522
463.16,-0.021103
463.18,-0.021681
463.2,-0.022256
463.22,-0.022828
463.24,-0.023398
463.26,-0.023966
463.28,-0.02453
463.31,-0.025092
463.33,-0.025652
463.35,-0.026209
463.37,-0.026763
463.39,-0.027315
463.41,-0.027864
463.43,-0.028411
463.46,-0.028955
463.48,-0.029496
463.5,-0.030035
463.52,-0.030572
463.54,-0.031106
463.56,-0.031637
463.59,-0.032166
463.61,-0.032693
463.63,-0.033217
463.65,-0.033738
463.67,-0.034258
463.69,-0.034774
463.71,-0.035288
463.74,-0.0358
463.76,-0.03631
463.78,-0.036817
463.8,-0.037321
463.82,-0.037823
463.84,-0.038323
463.86,-0.03882
463.89,-0.039315
463.91,-0.039808
463.93,-0.040298
463.95,-0.040786
463.97,-0.041272
463.99,-0.041755
464.02,-0.042236
464.04,-0.042715
464.06,-0.043191
464.08,-0.043666
464.1,-0.044137
464.12,-0.044607
464.14,-0.045074
464.17,-0.045539
464.19,-0.046002
464.21,-0.046463
464.23,-0.046921
464.25,-0.047377
464.27,-0.047831
464.3,-0.048283
464.32,-0.048732
464.34,-0.049179
464.36,-0.049625
464.38,-0.050068
464.4,-0.050508
464.43,-0.050947
464.45,-0.051384
464.47,-0.051818
464.49,-0.05225
464.51,-0.05268
464.53,-0.053108
464.55,-0.053534
464.58,-0.053958
464.6,-0.05438
464.62,-0.0548
464.64,-0.055217
464.66,-0.055633
464.68,-0.056046
464.71,-0.056458
464.73,-0.056867
464.75,-0.057275
464.77,-0.05768
464.79,-0.058084
464.81,-0.058485
464.84,-0.058885
464.86,-0.059282
464.88,-0.059678
464.9,-0.060071
464.92,-0.060463
464.94,-0.060852
464.96,-0.06124
464.99,-0.061626
465.01,-0.06201
465.03,-0.062392
465.05,-0.062772
465.07,-0.06315
465.09,-0.063526
465.12,-0.0639
465.14,-0.064273
465.16,-0.064644
465.18,-0.065012
465.2,-0.065379
465.22,-0.065744
465.25,-0.066108
465.27,-0.066469
465.29,-0.066829
465.31,-0.067187
465.33,-0.067543
465.35,-0.067897
465.38,-0.06825
465.4,-0.0686
465.42,-0.068949
465.44,-0.069296
465.46,-0.069642
465.48,-0.069985
465.51,-0.070327
465.53,-0.070668
465.55,-0.071006
465.57,-0.071343
465.59,-0.071678
465.61,-0.072012
465.64,-0.072343
465.66,-0.072673
465.68,-0.073002
465.7,-0.073328
465.72,-0.073653
465.74,-0.073977
465.77,-0.074299
465.79,-0.074619
465.81,-0.074937
465.83,-0.075254
465.85,-0.07557
465.87,-0.075883
465.9,-0.076195
465.92,-0.076506
465.94,-0.076815
465.96,-0.077122
465.98,-0.077428
466,-0.077732
466.03,-0.078035
466.05,-0.078336
466.07,-0.078636
466.09,-0.078934
466.11,-0.07923
466.14,-0.079525
466.16,-0.079819
466.18,-0.080111
466.2,-0.080402
466.22,-0.080691
466.24,-0.080978
466.27,-0.081264
466.29,-0.081549
466.31,-0.081832
466.33,-0.082114
466.35,-0.082394
466.37,-0.082673
466.4,-0.082951
466.42,-0.083227
466.44,-0.083501
466.46,-0.083774
466.48,-0.084046
466.5,-0.084317
466.53,-0.084586
466.55,-0.084853
466.57,-0.08512
466.59,-0.085385
466.61,-0.085648
466.64,-0.08591
466.66,-0.086171
466.68,-0.086431
466.7,-0.086689
466.72,-0.086946
466.74,-0.087201
466.77,-0.087456
466.79,-0.087709
466.81,-0.08796
466.83,-0.088211
466.85,-0.08846
466.88,-0.088707
466.9,-0.088954
466.92,-0.089199
466.94,-0.089443
466.96,-0.089686
466.98,-0.089927
467.01,-0.090167
467.03,-0.090406
467.05,-0.090644
467.07,-0.090881
467.09,-0.091116
467.12,-0.09135
467.14,-0.091583
467.16,-0.091815
467.18,-0.092045
467.2,-0.092274
467.22,-0.092502
467.25,-0.092729
467.27,-0.092955
467.29,-0.09318
467.31,-0.093403
467.33,-0.093626
467.36,-0.093847
467.38,-0.094067
467.4,-0.094286
467.42,-0.094503
467.44,-0.09472
467.46,-0.094936
467.49,-0.09515
467.51,-0.095363
467.53,-0.095575
467.55,-0.095786
467.57,-0.095996
467.6,-0.096205
467.62,-0.096413
467.64,-0.09662
467.66,-0.096826
467.68,-0.09703
467.7,-0.097234
467.73,-0.097436
467.75,-0.097638
467.77,-0.097838
467.79,-0.098038
467.81,-0.098236
467.84,-0.098433
467.86,-0.09863
467.88,-0.098825
467.9,-0.099019
467.92,-0.099213
467.95,-0.099405
467.97,-0.099596
467.99,-0.099787
468.01,-0.099976
468.03,-0.10016
468.06,-0.10035
468.08,-0.10054
468.1,-0.10072
468.12,-0.10091
468.14,-0.10109
468.16,-0.10127
468.19,-0.10146
468.21,-0.10164
468.23,-0.10182
468.25,-0.10199
468.27,-0.10217
468.3,-0.10235
468.32,-0.10253
468.34,-0.1027
468.36,-0.10287
468.38,-0.10305
468.41,-0.10322
468.43,-0.10339
468.45,-0.10356
468.47,-0.10373
468.49,-0.1039
468.52,-0.10407
468.54,-0.10424
468.56,-0.1044
468.58,-0.10457
468.6,-0.10473
468.63,-0.1049
468.65,-0.10506
468.67,-0.10522
468.69,-0.10538
468.71,-0.10554
468.74,-0.1057
468.76,-0.10586
468.78,-0.10602
468.8,-0.10618
468.82,-0.10633
468.85,-0.10649
468.87,-0.10664
468.89,-0.1068
468.91,-0.10695
468.93,-0.1071
468.96,-0.10725
468.98,-0.1074
469,-0.10755
469.02,-0.1077
469.04,-0.10785
469.07,-0.108
469.09,-0.10814
469.11,-0.10829
469.13,-0.10843
469.15,-0.10858
469.18,-0.10872
469.2,-0.10886
469.22,-0.10901
469.24,-0.10915
469.26,-0.10929
469.29,-0.10943
469.31,-0.10957
469.33,-0.10971
469.35,-0.10984
469.37,-0.10998
469.4,-0.11012
469.42,-0.11025
469.44,-0.11039
469.46,-0.11052
469.48,-0.11065
469.51,-0.11079
469.53,-0.11092
469.55,-0.11105
469.57,-0.11118
469.59,-0.11131
469.62,-0.11144
469.64,-0.11157
469.66,-0.1117
469.68,-0.11182
469.7,-0.11195
469.73,-0.11208
469.75,-0.1122
469.77,-0.11232
469.79,-0.11245
469.81,-0.11257
469.84,-0.11269
469.86,-0.11282
469.88,-0.11294
469.9,-0.11306
469.92,-0.11318
469.95,-0.1133
469.97,-0.11342
469.99,-0.11353
470.01,-0.11365
470.04,-0.11377
470.06,-0.11388
470.08,-0.114
470.1,-0.11411
470.12,-0.11423
470.15,-0.11434
470.17,-0.11445
470.19,-0.11457
470.21,-0.11468
470.23,-0.11479
470.26,-0.1149
470.28,-0.11501
470.3,-0.11512
470.32,-0.11523
470.34,-0.11534
470.37,-0.11544
470.39,-0.11555
470.41,-0.11566
470.43,-0.11576
470.46,-0.11587
470.48,-0.11597
470.5,-0.11608
470.52,-0.11618
470.54,-0.11628
470.57,-0.11638
470.59,-0.11649
470.61,-0.11659
470.63,-0.11669
470.65,-0.11679
470.68,-0.11689
470.7,-0.11699
470.72,-0.11708
470.74,-0.11718
470.77,-0.11728
470.79,-0.11738
470.81,-0.11747
470.83,-0.11757
470.85,-0.11766
470.88,-0.11776
470.9,-0.11785
470.92,-0.11795
470.94,-0.11804
470.97,-0.11813
470.99,-0.11822
471.01,-0.11831
471.03,-0.1184
471.05,-0.11849
471.08,-0.11858
471.1,-0.11867
471.12,-0.11876
471.14,-0.11885
471.16,-0.11894
471.19,-0.11903
471.21,-0.11911
471.23,-0.1192
471.25,-0.11928
471.28,-0.11937
471.3,-0.11945
471.32,-0.11954
471.34,-0.11962
471.36,-0.1197
471.39,-0.11979
471.41,-0.11987
471.43,-0.11995
471.45,-0.12003
471.48,-0.12011
471.5,-0.12019
471.52,-0.12027
471.54,-0.12035
471.56,-0.12043
471.59,-0.12051
471.61,-0.12059
471.63,-0.12066
471.65,-0.12074
471.68,-0.12082
471.7,-0.12089
471.72,-0.12097
471.74,-0.12104
471.76,-0.12112
471.79,-0.12119
471.81,-0.12127
471.83,-0.12134
471.85,-0.12141
471.88,-0.12148
471.9,-0.12156
471.92,-0.12163
471.94,-0.1217
471.97,-0.12177
471.99,-0.12184
472.01,-0.12191
472.03,-0.12198
472.05,-0.12204
472.08,-0.12211
472.1,-0.12218
472.12,-0.12225
472.14,-0.12231
472.17,-0.12238
472.19,-0.12245
472.21,-0.12251
472.23,-0.12258
472.26,-0.12264
472.28,-0.1227
472.3,-0.12277
472.32,-0.12283
472.34,-0.12289
472.37,-0.12296
472.39,-0.12302
472.41,-0.12308
472.43,-0.12314
472.46,-0.1232
472.48,-0.12326
472.5,-0.12332
472.52,-0.12338
472.55,-0.12344
472.57,-0.1235
472.59,-0.12356
472.61,-0.12361
472.63,-0.12367
472.66,-0.12373
472.68,-0.12378
472.7,-0.12384
472.72,-0.1239
472.75,-0.12395
472.77,-0.12401
472.79,-0.12406
472.81,-0.12411
472.84,-0.12417
472.86,-0.12422
472.88,-0.12427
472.9,-0.12433
472.93,-0.12438
472.95,-0.12443
472.97,-0.12448
472.99,-0.12453
473.01,-0.12458
473.04,-0.12463
473.06,-0.12468
473.08,-0.12473
473.1,-0.12478
473.13,-0.12483
473.15,-0.12487
473.17,-0.12492
473.19,-0.12497
473.22,-0.12502
473.24,-0.12506
473.26,-0.12511
473.28,-0.12515
473.31,-0.1252
473.33,-0.12524
473.35,-0.12529
473.37,-0.12533
473.4,-0.12537
473.42,-0.12542
473.44,-0.12546
473.46,-0.1255
473.48,-0.12554
473.51,-0.12559
473.53,-0.12563
473.55,-0.12567
473.57,-0.12571
473.6,-0.12575
473.62,-0.12579
473.64,-0.12583
473.66,-0.12587
473.69,-0.12591
473.71,-0.12594
473.73,-0.12598
473.75,-0.12602
473.78,-0.12606
473.8,-0.12609
473.82,-0.12613
473.84,-0.12616
473.87,-0.1262
473.89,-0.12624
473.91,-0.12627
473.93,-0.1263
473.96,-0.12634
473.98,-0.12637
474,-0.12641
474.02,-0.12644
474.05,-0.12647
474.07,-0.1265
474.09,-0.12654
474.11,-0.12657
474.14,-0.1266
474.16,-0.12663
474.18,-0.12666
474.2,-0.12669
474.23,-0.12672
474.25,-0.12675
474.27,-0.12678
474.29,-0.12681
474.32,-0.12683
474.34,-0.12686
474.36,-0.12689
474.38,-0.12692
474.41,-0.12694
474.43,-0.12697
474.45,-0.12699
474.47,-0.12702
474.5,-0.12705
474.52,-0.12707
474.54,-0.1271
474.56,-0.12712
474.59,-0.12714
474.61,-0.12717
474.63,-0.12719
474.65,-0.12721
474.68,-0.12724
474.7,-0.12726
474.72,-0.12728
474.74,-0.1273
474.77,-0.12732
474.79,-0.12734
474.81,-0.12736
474.83,-0.12738
474.86,-0.1274
474.88,-0.12742
474.9,-0.12744
474.92,-0.12746
474.95,-0.12748
474.97,-0.1275
474.99,-0.12751
475.01,-0.12753
475.04,-0.12755
475.06,-0.12756
475.08,-0.12758
475.1,-0.1276
475.13,-0.12761
475.15,-0.12763
475.17,-0.12764
475.19,-0.12766
475.22,-0.12767
475.24,-0.12768
475.26,-0.1277
475.29,-0.12771
475.31,-0.12772
475.33,-0.12773
475.35,-0.12775
475.38,-0.12776
475.4,-0.12777
475.42,-0.12778
475.44,-0.12779
475.47,-0.1278
475.49,-0.12781
475.51,-0.12782
475.53,-0.12783
475.56,-0.12784
475.58,-0.12785
475.6,-0.12786
475.62,-0.12786
475.65,-0.12787
475.67,-0.12788
475.69,-0.12789
475.71,-0.12789
475.74,-0.1279
475.76,-0.12791
475.78,-0.12791
475.81,-0.12792
475.83,-0.12792
475.85,-0.12793
475.87,-0.12793
475.9,-0.12793
475.92,-0.12794
475.94,-0.12794
475.96,-0.12794
475.99,-0.12795
476.01,-0.12795
476.03,-0.12795
476.05,-0.12795
476.08,-0.12795
476.1,-0.12795
476.12,-0.12796
476.15,-0.12796
476.17,-0.12796
476.19,-0.12795
476.21,-0.12795
476.24,-0.12795
476.26,-0.12795
476.28,-0.12795
476.3,-0.12795
476.33,-0.12795
476.35,-0.12794
476.37,-0.12794
476.39,-0.12794
476.42,-0.12793
476.44,-0.12793
476.46,-0.12793
476.49,-0.12792
476.51,-0.12792
476.53,-0.12791
476.55,-0.1279
476.58,-0.1279
476.6,-0.12789
476.62,-0.12789
476.64,-0.12788
476.67,-0.12787
476.69,-0.12786
476.71,-0.12786
476.74,-0.12785
476.76,-0.12784
476.78,-0.12783
476.8,-0.12782
476.83,-0.12781
476.85,-0.1278
476.87,-0.12779
476.89,-0.12778
476.92,-0.12777
476.94,-0.12776
476.96,-0.12775
476.99,-0.12774
477.01,-0.12773
477.03,-0.12771
477.05,-0.1277
477.08,-0.12769
477.1,-0.12767
477.12,-0.12766
477.14,-0.12765
477.17,-0.12763
477.19,-0.12762
477.21,-0.1276
477.24,-0.12759
477.26,-0.12757
477.28,-0.12756
477.3,-0.12754
477.33,-0.12752
477.35,-0.12751
477.37,-0.12749
477.4,-0.12747
477.42,-0.12746
477.44,-0.12744
477.46,-0.12742
477.49,-0.1274
477.51,-0.12738
477.53,-0.12736
477.55,-0.12734
477.58,-0.12732
477.6,-0.1273
477.62,-0.12728
477.65,-0.12726
477.67,-0.12724
477.69,-0.12722
477.71,-0.1272
477.74,-0.12718
477.76,-0.12715
477.78,-0.12713
477.81,-0.12711
477.83,-0.12708
477.85,-0.12706
477.87,-0.12704
477.9,-0.12701
477.92,-0.12699
477.94,-0.12696
477.97,-0.12694
477.99,-0.12691
478.01,-0.12689
478.03,-0.12686
478.06,-0.12684
478.08,-0.12681
478.1,-0.12678
478.13,-0.12675
478.15,-0.12673
478.17,-0.1267
478.19,-0.12667
478.22,-0.12664
478.24,-0.12661
478.26,-0.12659
478.29,-0.12656
478.31,-0.12653
478.33,-0.1265
478.35,-0.12647
478.38,-0.12644
478.4,-0.1264
478.42,-0.12637
478.45,-0.12634
478.47,-0.12631
478.49,-0.12628
478.51,-0.12625
478.54,-0.12621
478.56,-0.12618
478.58,-0.12615
478.61,-0.12611
478.63,-0.12608
478.65,-0.12605
478.68,-0.12601
478.7,-0.12598
478.72,-0.12594
478.74,-0.12591
478.77,-0.12587
478.79,-0.12584
478.81,-0.1258
478.84,-0.12576
478.86,-0.12573
478.88,-0.12569
478.9,-0.12565
478.93,-0.12561
478.95,-0.12558
478.97,-0.12554
479,-0.1255
479.02,-0.12546
479.04,-0.12542
479.06,-0.12538
479.09,-0.12534
479.11,-0.1253
479.13,-0.12526
479.16,-0.12522
479.18,-0.12518
479.2,-0.12514
479.23,-0.1251
479.25,-0.12506
479.27,-0.12501
479.29,-0.12497
479.32,-0.12493
479.34,-0.12489
479.36,-0.12484
479.39,-0.1248
479.41,-0.12476
479.43,-0.12471
479.46,-0.12467
479.48,-0.12462
479.5,-0.12458
479.52,-0.12453
479.55,-0.12449
479.57,-0.12444
479.59,-0.1244
479.62,-0.12435
479.64,-0.1243
479.66,-0.12426
479.69,-0.12421
479.71,-0.12416
479.73,-0.12412
479.75,-0.12407
479.78,-0.12402
479.8,-0.12397
479.82,-0.12392
479.85,-0.12387
479.87,-0.12382
479.89,-0.12378
479.92,-0.12373
479.94,-0.12368
479.96,-0.12362
479.98,-0.12357
480.01,-0.12352
480.03,-0.12347
480.05,-0.12342
480.08,-0.12337
480.1,-0.12332
480.12,-0.12326
480.15,-0.12321
480.17,-0.12316
480.19,-0.12311
480.22,-0.12305
480.24,-0.123
480.26,-0.12294
480.28,-0.12289
480.31,-0.12284
480.33,-0.12278
480.35,-0.12273
480.38,-0.12267
480.4,-0.12262
480.42,-0.12256
480.45,-0.1225
480.47,-0.12245
480.49,-0.12239
480.52,-0.12233
480.54,-0.12228
480.56,-0.12222
480.58,-0.12216
480.61,-0.1221
480.63,-0.12205
480.65,-0.12199
480.68,-0.12193
480.7,-0.12187
480.72,-0.12181
480.75,-0.12175
480.77,-0.12169
480.79,-0.12163
480.82,-0.12157
480.84,-0.12151
480.86,-0.12145
480.88,-0.12139
480.91,-0.12133
480.93,-0.12127
480.95,-0.1212
480.98,-0.12114
481,-0.12108
481.02,-0.12102
481.05,-0.12095
481.07,-0.12089
481.09,-0.12083
481.12,-0.12076
481.14,-0.1207
481.16,-0.12064
481.19,-0.12057
481.21,-0.12051
481.23,-0.12044
481.26,-0.12038
481.28,-0.12031
481.3,-0.12025
481.32,-0.12018
481.35,-0.12011
481.37,-0.12005
481.39,-0.11998
481.42,-0.11991
481.44,-0.11985
481.46,-0.11978
481.49,-0.11971
481.51,-0.11964
481.53,-0.11958
481.56,-0.11951
481.58,-0.11944
481.6,-0.11937
481.63,-0.1193
481.65,-0.11923
481.67,-0.11916
481.7,-0.11909
481.72,-0.11902
481.74,-0.11895
481.77,-0.11888
481.79,-0.11881
481.81,-0.11874
481.83,-0.11867
481.86,-0.1186
481.88,-0.11852
481.9,-0.11845
481.93,-0.11838
481.95,-0.11831
481.97,-0.11824
482,-0.11816
482.02,-0.11809
482.04,-0.11802
482.07,-0.11794
482.09,-0.11787
482.11,-0.11779
482.14,-0.11772
482.16,-0.11765
482.18,-0.11757
482.21,-0.1175
482.23,-0.11742
482.25,-0.11734
482.28,-0.11727
482.3,-0.11719
482.32,-0.11712
482.35,-0.11704
482.37,-0.11696
482.39,-0.11689
482.42,-0.11681
482.44,-0.11673
482.46,-0.11666
482.49,-0.11658
482.51,-0.1165
482.53,-0.11642
482.56,-0.11634
482.58,-0.11626
482.6,-0.11619
482.63,-0.11611
482.65,-0.11603
482.67,-0.11595
482.7,-0.11587
482.72,-0.11579
482.74,-0.11571
482.77,-0.11563
482.79,-0.11555
482.81,-0.11547
482.84,-0.11538
482.86,-0.1153
482.88,-0.11522
482.91,-0.11514
482.93,-0.11506
482.95,-0.11498
482.98,-0.11489
483,-0.11481
483.02,-0.11473
483.05,-0.11464
483.07,-0.11456
483.09,-0.11448
483.12,-0.11439
483.14,-0.11431
483.16,-0.11423
483.19,-0.11414
483.21,-0.11406
483.23,-0.11397
483.26,-0.11389
483.28,-0.1138
483.3,-0.11372
483.33,-0.11363
483.35,-0.11355
483.37,-0.11346
483.4,-0.11337
483.42,-0.11329
483.44,-0.1132
483.47,-0.11312
483.49,-0.11303
483.51,-0.11294
483.54,-0.11285
483.56,-0.11277
483.58,-0.11268
483.61,-0.11259
483.63,-0.1125
483.65,-0.11241
483.68,-0.11233
483.7,-0.11224
483.72,-0.11215
483.75,-0.11206
483.77,-0.11197
483.79,-0.11188
483.82,-0.11179
483.84,-0.1117
483.86,-0.11161
483.89,-0.11152
483.91,-0.11143
483.93,-0.11134
483.96,-0.11125
483.98,-0.11116
484,-0.11107
484.03,-0.11097
484.05,-0.11088
484.07,-0.11079
484.1,-0.1107
484.12,-0.11061
484.14,-0.11051
484.17,-0.11042
484.19,-0.11033
484.21,-0.11024
484.24,-0.11014
484.26,-0.11005
484.28,-0.10996
484.31,-0.10986
484.33,-0.10977
484.36,-0.10968
484.38,-0.10958
484.4,-0.10949
484.43,-0.10939
484.45,-0.1093
484.47,-0.1092
484.5,-0.10911
484.52,-0.10901
484.54,-0.10892
484.57,-0.10882
484.59,-0.10873
484.61,-0.10863
484.64,-0.10853
484.66,-0.10844
484.68,-0.10834
484.71,-0.10824
484.73,-0.10815
484.75,-0.10805
484.78,-0.10795
484.8,-0.10786
484.82,-0.10776
484.85,-0.10766
484.87,-0.10756
484.9,-0.10747
484.92,-0.10737
484.94,-0.10727
484.97,-0.10717
484.99,-0.10707
485.01,-0.10697
485.04,-0.10687
485.06,-0.10678
485.08,-0.10668
485.11,-0.10658
485.13,-0.10648
485.15,-0.10638
485.18,-0.10628
485.2,-0.10618
485.22,-0.10608
485.25,-0.10598
485.27,-0.10588
485.3,-0.10578
485.32,-0.10568
485.34,-0.10557
485.37,-0.10547
485.39,-0.10537
485.41,-0.10527
485.44,-0.10517
485.46,-0.10507
485.48,-0.10497
485.51,-0.10486
485.53,-0.10476
485.55,-0.10466
485.58,-0.10456
485.6,-0.10445
485.63,-0.10435
485.65,-0.10425
485.67,-0.10415
485.7,-0.10404
485.72,-0.10394
485.74,-0.10384
485.77,-0.10373
485.79,-0.10363
485.81,-0.10352
485.84,-0.10342
485.86,-0.10332
485.89,-0.10321
485.91,-0.10311
485.93,-0.103
485.96,-0.1029
485.98,-0.10279
486,-0.10269
486.03,-0.10258
486.05,-0.10248
486.07,-0.10237
486.1,-0.10227
486.12,-0.10216
486.14,-0.10205
486.17,-0.10195
486.19,-0.10184
486.22,-0.10174
486.24,-0.10163
486.26,-0.10152
486.29,-0.10142
486.31,-0.10131
486.33,-0.1012
486.36,-0.1011
486.38,-0.10099
486.4,-0.10088
486.43,-0.10077
486.45,-0.10067
486.48,-0.10056
486.5,-0.10045
486.52,-0.10034
486.55,-0.10024
486.57,-0.10013
486.59,-0.10002
486.62,-0.099911
486.64,-0.099803
486.67,-0.099694
486.69,-0.099585
486.71,-0.099477
486.74,-0.099368
486.76,-0.099259
486.78,-0.09915
486.81,-0.09904
486.83,-0.098931
486.85,-0.098821
486.88,-0.098712
486.9,-0.098602
486.93,-0.098492
486.95,-0.098382
486.97,-0.098272
487,-0.098162
487.02,-0.098052
487.04,-0.097941
487.07,-0.097831
487.09,-0.09772
487.12,-0.09761
487.14,-0.097499
487.16,-0.097388
487.19,-0.097277
487.21,-0.097166
487.23,-0.097055
487.26,-0.096943
487.28,-0.096832
487.31,-0.09672
487.33,-0.096609
487.35,-0.096497
487.38,-0.096385
487.4,-0.096273
487.42,-0.096161
487.45,-0.096049
487.47,-0.095937
487.5,-0.095825
487.52,-0.095712
487.54,-0.0956
487.57,-0.095487
487.59,-0.095374
487.61,-0.095262
487.64,-0.095149
487.66,-0.095036
487.69,-0.094923
487.71,-0.09481
487.73,-0.094696
487.76,-0.094583
487.78,-0.09447
487.8,-0.094356
487.83,-0.094242
487.85,-0.094129
487.88,-0.094015
487.9,-0.093901
487.92,-0.093787
487.95,-0.093673
487.97,-0.093559
488,-0.093445
488.02,-0.093331
488.04,-0.093216
488.07,-0.093102
488.09,-0.092988
488.11,-0.092873
488.14,-0.092758
488.16,-0.092644
488.19,-0.092529
488.21,-0.092414
488.23,-0.092299
488.26,-0.092184
488.28,-0.092069
488.31,-0.091954
488.33,-0.091838
488.35,-0.091723
488.38,-0.091608
488.4,-0.091492
488.42,-0.091377
488.45,-0.091261
488.47,-0.091145
488.5,-0.09103
488.52,-0.090914
488.54,-0.090798
488.57,-0.090682
488.59,-0.090566
488.62,-0.09045
488.64,-0.090334
488.66,-0.090217
488.69,-0.090101
488.71,-0.089985
488.73,-0.089868
488.76,-0.089752
488.78,-0.089635
488.81,-0.089519
488.83,-0.089402
488.85,-0.089285
488.88,-0.089169
488.9,-0.089052
488.93,-0.088935
488.95,-0.088818
488.97,-0.088701
489,-0.088584
489.02,-0.088467
489.05,-0.08835
489.07,-0.088233
489.09,-0.088115
489.12,-0.087998
489.14,-0.087881
489.16,-0.087763
489.19,-0.087646
489.21,-0.087528
489.24,-0.087411
489.26,-0.087293
489.28,-0.087175
489.31,-0.087058
489.33,-0.08694
489.36,-0.086822
489.38,-0.086704
489.4,-0.086586
489.43,-0.086468
489.45,-0.08635
489.48,-0.086232
489.5,-0.086114
489.52,-0.085996
489.55,-0.085878
489.57,-0.08576
489.6,-0.085642
489.62,-0.085523
489.64,-0.085405
489.67,-0.085287
489.69,-0.085168
489.72,-0.08505
489.74,-0.084931
489.76,-0.084813
489.79,-0.084694
489.81,-0.084576
489.84,-0.084457
489.86,-0.084338
489.88,-0.08422
489.91,-0.084101
489.93,-0.083982
489.96,-0.083864
489.98,-0.083745
490,-0.083626
490.03,-0.083507
490.05,-0.083388
490.08,-0.083269
490.1,-0.08315
490.12,-0.083031
490.15,-0.082912
490.17,-0.082793
490.2,-0.082674
490.22,-0.082555
490.24,-0.082436
490.27,-0.082317
490.29,-0.082198
490.32,-0.082079
490.34,-0.08196
490.36,-0.08184
490.39,-0.081721
490.41,-0.081602
490.44,-0.081483
490.46,-0.081363
490.48,-0.081244
490.51,-0.081125
490.53,-0.081006
490.56,-0.080886
490.58,-0.080767
490.6,-0.080648
490.63,-0.080528
490.65,-0.080409
490.68,-0.080289
490.7,-0.08017
490.73,-0.08005
490.75,-0.079931
490.77,-0.079812
490.8,-0.079692
490.82,-0.079573
490.85,-0.079453
490.87,-0.079334
490.89,-0.079214
490.92,-0.079095
490.94,-0.078975
490.97,-0.078856
490.99,-0.078736
491.01,-0.078617
491.04,-0.078497
491.06,-0.078377
491.09,-0.078258
491.11,-0.078138
491.14,-0.078019
491.16,-0.077899
491.18,-0.07778
491.21,-0.07766
491.23,-0.077541
491.26,-0.077421
491.28,-0.077301
491.3,-0.077182
491.33,-0.077062
491.35,-0.076943
491.38,-0.076823
491.4,-0.076704
491.42,-0.076584
491.45,-0.076465
491.47,-0.076345
491.5,-0.076226
491.52,-0.076106
491.55,-0.075987
491.57,-0.075867
491.59,-0.075748
491.62,-0.075628
491.64,-0.075509
491.67,-0.075389
491.69,-0.07527
491.71,-0.07515
491.74,-0.075031
491.76,-0.074912
491.79,-0.074792
491.81,-0.074673
491.84,-0.074554
491.86,-0.074434
491.88,-0.074315
491.91,-0.074196
491.93,-0.074076
491.96,-0.073957
491.98,-0.073838
492,-0.073718
492.03,-0.073599
492.05,-0.07348
492.08,-0.073361
492.1,-0.073242
492.13,-0.073122
492.15,-0.073003
492.17,-0.072884
492.2,-0.072765
492.22,-0.072646
492.25,-0.072527
492.27,-0.072408
492.3,-0.072289
492.32,-0.07217
492.34,-0.072051
492.37,-0.071932
492.39,-0.071813
492.42,-0.071694
492.44,-0.071576
492.47,-0.071457
492.49,-0.071338
492.51,-0.071219
492.54,-0.0711
492.56,-0.070982
492.59,-0.070863
492.61,-0.070744
492.64,-0.070626
492.66,-0.070507
492.68,-0.070389
492.71,-0.07027
492.73,-0.070152
492.76,-0.070033
492.78,-0.069915
492.81,-0.069797
492.83,-0.069678
492.85,-0.06956
492.88,-0.069442
492.9,-0.069323
492.93,-0.069205
492.95,-0.069087
492.98,-0.068969
493,-0.068851
493.02,-0.068733
493.05,-0.068615
493.07,-0.068497
493.1,-0.068379
493.12,-0.068261
493.15,-0.068143
493.17,-0.068026
493.19,-0.067908
493.22,-0.06779
493.24,-0.067673
493.27,-0.067555
493.29,-0.067437
493.32,-0.06732
493.34,-0.067202
493.36,-0.067085
493.39,-0.066968
493.41,-0.06685
493.44,-0.066733
493.46,-0.066616
493.49,-0.066499
493.51,-0.066381
493.53,-0.066264
493.56,-0.066147
493.58,-0.06603
493.61,-0.065913
493.63,-0.065796
493.66,-0.06568
493.68,-0.065563
493.71,-0.065446
493.73,-0.065329
493.75,-0.065213
493.78,-0.065096
493.8,-0.06498
493.83,-0.064863
493.85,-0.064747
493.88,-0.06463
493.9,-0.064514
493.92,-0.064398
493.95,-0.064282
493.97,-0.064166
494,-0.06405
494.02,-0.063934
494.05,-0.063818
494.07,-0.063702
494.1,-0.063586
494.12,-0.06347
494.14,-0.063354
494.17,-0.063239
494.19,-0.063123
494.22,-0.063008
494.24,-0.062892
494.27,-0.062777
494.29,-0.062662
494.32,-0.062546
494.34,-0.062431
494.36,-0.062316
494.39,-0.062201
494.41,-0.062086
494.44,-0.061971
494.46,-0.061856
494.49,-0.061741
494.51,-0.061626
494.54,-0.061512
494.56,-0.061397
494.58,-0.061283
494.61,-0.061168
494.63,-0.061054
494.66,-0.060939
494.68,-0.060825
494.71,-0.060711
494.73,-0.060597
494.76,-0.060483
494.78,-0.060369
494.8,-0.060255
494.83,-0.060141
494.85,-0.060027
494.88,-0.059914
494.9,-0.0598
494.93,-0.059687
494.95,-0.059573
494.98,-0.05946
495,-0.059346
495.02,-0.059233
495.05,-0.05912
495.07,-0.059007
495.1,-0.058894
495.12,-0.058781
495.15,-0.058668
495.17,-0.058555
495.2,-0.058443
495.22,-0.05833
495.25,-0.058218
495.27,-0.058105
495.29,-0.057993
495.32,-0.05788
495.34,-0.057768
495.37,-0.057656
495.39,-0.057544
495.42,-0.057432
495.44,-0.05732
495.47,-0.057208
495.49,-0.057097
495.52,-0.056985
495.54,-0.056873
495.56,-0.056762
495.59,-0.056651
495.61,-0.056539
495.64,-0.056428
495.66,-0.056317
495.69,-0.056206
495.71,-0.056095
495.74,-0.055984
495.76,-0.055873
495.79,-0.055763
495.81,-0.055652
495.83,-0.055541
495.86,-0.055431
495.88,-0.055321
495.91,-0.05521
495.93,-0.0551
495.96,-0.05499
495.98,-0.05488
496.01,-0.05477
496.03,-0.05466
496.06,-0.054551
496.08,-0.054441
496.11,-0.054332
496.13,-0.054222
496.15,-0.054113
496.18,-0.054004
496.2,-0.053894
496.23,-0.053785
496.25,-0.053676
496.28,-0.053567
496.3,-0.053459
496.33,-0.05335
496.35,-0.053241
496.38,-0.053133
496.4,-0.053024
496.43,-0.052916
496.45,-0.052808
496.48,-0.0527
496.5,-0.052592
496.52,-0.052484
496.55,-0.052376
496.57,-0.052268
496.6,-0.052161
496.62,-0.052053
496.65,-0.051946
496.67,-0.051838
496.7,-0.051731
496.72,-0.051624
496.75,-0.051517
496.77,-0.05141
496.8,-0.051303
496.82,-0.051197
496.85,-0.05109
496.87,-0.050983
496.89,-0.050877
496.92,-0.050771
496.94,-0.050664
496.97,-0.050558
496.99,-0.050452
497.02,-0.050346
497.04,-0.05024
497.07,-0.050135
497.09,-0.050029
497.12,-0.049924
497.14,-0.049818
497.17,-0.049713
497.19,-0.049608
497.22,-0.049503
497.24,-0.049398
497.27,-0.049293
497.29,-0.049188
497.31,-0.049083
497.34,-0.048979
497.36,-0.048874
497.39,-0.04877
497.41,-0.048666
497.44,-0.048562
497.46,-0.048458
497.49,-0.048354
497.51,-0.04825
497.54,-0.048146
497.56,-0.048043
497.59,-0.047939
497.61,-0.047836
497.64,-0.047733
497.66,-0.04763
497.69,-0.047527
497.71,-0.047424
497.74,-0.047321
497.76,-0.047218
497.78,-0.047116
497.81,-0.047013
497.83,-0.046911
497.86,-0.046808
497.88,-0.046706
497.91,-0.046604
497.93,-0.046502
497.96,-0.046401
497.98,-0.046299
498.01,-0.046197
498.03,-0.046096
498.06,-0.045995
498.08,-0.045893
498.11,-0.045792
498.13,-0.045691
498.16,-0.04559
498.18,-0.04549
498.21,-0.045389
498.23,-0.045288
498.26,-0.045188
498.28,-0.045088
498.31,-0.044987
498.33,-0.044887
498.36,-0.044787
498.38,-0.044688
498.41,-0.044588
498.43,-0.044488
498.45,-0.044389
498.48,-0.044289
498.5,-0.04419
498.53,-0.044091
498.55,-0.043992
498.58,-0.043893
498.6,-0.043794
498.63,-0.043696
498.65,-0.043597
498.68,-0.043499
498.7,-0.0434
498.73,-0.043302
498.75,-0.043204
498.78,-0.043106
498.8,-0.043008
498.83,-0.042911
498.85,-0.042813
498.88,-0.042716
498.9,-0.042618
498.93,-0.042521
498.95,-0.042424
498.98,-0.042327
499,-0.04223
499.03,-0.042133
499.05,-0.042037
499.08,-0.04194
499.1,-0.041844
499.13,-0.041748
499.15,-0.041651
499.18,-0.041555
499.2,-0.04146
499.23,-0.041364
499.25,-0.041268
499.28,-0.041173
499.3,-0.041077
499.33,-0.040982
499.35,-0.040887
499.38,-0.040792
499.4,-0.040697
499.43,-0.040602
499.45,-0.040508
499.48,-0.040413
499.5,-0.040319
499.53,-0.040224
499.55,-0.04013
499.58,-0.040036
499.6,-0.039942
499.63,-0.039849
499.65,-0.039755
499.68,-0.039662
499.7,-0.039568
499.73,-0.039475
499.75,-0.039382
499.78,-0.039289
499.8,-0.039196
499.83,-0.039103
499.85,-0.039011
499.88,-0.038918
499.9,-0.038826
499.93,-0.038733
499.95,-0.038641
499.98,-0.038549
500,-0.038458
