381.99,0.0015677
383.01,0.0021479
383.99,0.0028834
385.01,0.0038592
386,0.0050645
387.01,0.0066281
388,0.0085136
388.99,0.010816
390,0.013697
390.99,0.017052
392,0.021143
392.99,0.02579
394.01,0.031323
394.99,0.037453
396.01,0.044603
396.99,0.052339
398.01,0.061139
398.99,0.070425
400.01,0.080735
400.99,0.091359
402,0.10284
403.02,0.11477
404,0.12658
405.01,0.13889
406,0.15075
407.01,0.16278
407.99,0.17409
409,0.18521
409.99,0.19538
411,0.20517
412.01,0.21418
412.99,0.22217
414,0.22971
415.01,0.23663
416,0.2429
417.01,0.24908
417.99,0.25503
419,0.26137
420.01,0.26817
420.99,0.27545
422,0.28394
423.01,0.29358
423.99,0.30421
423.99,0.30421
425,0.31655
426.01,0.33035
427.01,0.34552
427.99,0.36141
429,0.37879
430.01,0.39689
431.01,0.41534
432.01,0.4337
432.99,0.45109
433.99,0.46806
435,0.48364
436.01,0.49738
436.98,0.5085
438.02,0.51756
439.01,0.52317
440.02,0.52573
441,0.52491
442.02,0.52055
443.01,0.51291
444.01,0.50194
445,0.48781
445.99,0.47083
446.99,0.45114
448.02,0.42853
448.99,0.40538
450.02,0.37932
451.01,0.35302
452.02,0.32603
453.01,0.29902
454.01,0.27214
455.01,0.246
456.01,0.22067
457,0.19657
458,0.17377
459,0.15252
459.99,0.13299
461.01,0.11458
462,0.098473
463.02,0.083576
464.01,0.070796
465,0.059571
465.99,0.049776
467.01,0.041067
468,0.033838
469.01,0.02752
470,0.022369
471.02,0.017942
472,0.014391
473.02,0.011384
474.01,0.0090104
475.02,0.0070336
476.01,0.0054966
477.02,0.0042342
478.01,0.0032654
479.02,0.0024837
480.01,0.0018922
481.03,0.0014207
482.01,0.0010698
483.03,0.00079336
483.98,0.0005958
485.03,0.00043243
486.01,0.0003181
487.03,0.0002304
488.01,0.00016758
489,0.00012119
490.01,8.6293e-05
491,6.1729e-05
491.98,4.391e-05
492.01,4.3469e-05
493,3.0778e-05
494.01,2.1441e-05
494.99,1.5026e-05
496.01,1.0358e-05
496.99,7.1836e-06
498.01,4.9017e-06
498.99,3.3676e-06
500.01,2.2751e-06
500.99,1.5476e-06
502.01,1.0355e-06
502.99,6.9817e-07
504.01,4.6275e-07
504.99,3.0908e-07
506.01,2.0291e-07
506.99,1.344e-07
508.01,8.7486e-08
508.99,5.7457e-08
510.01,3.7063e-08
510.99,2.4141e-08
512.01,1.5449e-08
512.99,9.9778e-09
514.01,6.3334e-09
514.99,4.0588e-09
516.01,2.5549e-09
516.99,1.6257e-09
518.01,1.016e-09
518.99,6.4154e-10
520.01,3.9779e-10
520.99,2.4953e-10
522.01,1.537e-10
522.99,9.5668e-11
524.01,5.8496e-11
524.99,3.6191e-11
526.01,2.1995e-11
526.99,1.3524e-11
528.01,8.1636e-12
528.99,4.9923e-12
530.01,2.9958e-12
530.99,1.821e-12
532.01,1.0867e-12
532.99,6.5748e-13
534.01,3.9037e-13
534.99,2.3507e-13
536.01,1.3893e-13
536.99,8.3318e-14
538.01,4.9048e-14
538.99,2.9311e-14
540.01,1.7199e-14
540.99,1.0251e-14
542.01,6.0011e-15
543,3.5685e-15
544.01,2.0877e-15
544.99,1.2413e-15
546.01,7.2627e-16
546.99,4.3196e-16
548.01,2.5313e-16
548.99,1.509e-16
550.01,8.8765e-17
550.99,5.3131e-17
552.01,3.1395e-17
552.99,1.891e-17
554.01,1.1245e-17
554.99,6.8229e-18
556.01,4.0909e-18
556.99,2.5037e-18
558.01,1.5153e-18
558.99,9.3611e-19
560.01,5.7242e-19
560.99,3.5684e-19
562.01,2.2032e-19
562.99,1.386e-19
564.01,8.6381e-20
564.99,5.4785e-20
566.01,3.4395e-20
566.99,2.1966e-20
568.01,1.388e-20
568.99,8.9179e-21
570.01,5.664e-21
570.99,3.6564e-21
572,2.3312e-21
572.99,1.5084e-21
574,9.6477e-22
574.98,6.2647e-22
576,4.0127e-22
576.98,2.6083e-22
578,1.6734e-22
579.01,1.0745e-22
579.99,6.9864e-23
581.01,4.4901e-23
582.02,2.8848e-23
583,1.878e-23
584.01,1.2066e-23
585,7.8543e-24
586.01,5.0456e-24
586.99,3.2851e-24
588.01,2.1089e-24
588.99,1.3727e-24
590,8.8088e-25
590.99,5.729e-25
592,3.675e-25
593.01,2.357e-25
594,1.532e-25
595.01,9.8173e-26
596,6.3731e-26
597.01,4.0805e-26
598,2.6479e-26
599.01,1.694e-26
600,1.0988e-26
600.98,7.1268e-27
602,4.5549e-27
602.99,2.9519e-27
604.01,1.886e-27
604.99,1.2213e-27
606.01,7.801e-28
607,5.0505e-28
608.02,3.2236e-28
609.01,2.0865e-28
610.02,1.3314e-28
611.01,8.6159e-29
612,5.575e-29
612.99,3.607e-29
614,2.3019e-29
614.99,1.4891e-29
616.01,9.5016e-30
617,6.1459e-30
618.01,3.9211e-30
619,2.536e-30
620.02,1.6179e-30
621,1.0468e-30
622.02,6.6806e-31
623.01,4.3222e-31
624.02,2.7584e-31
625.01,1.7846e-31
626.03,1.1389e-31
627.01,7.3689e-32
628,4.7677e-32
628.98,3.0862e-32
630,1.9697e-32
630.99,1.2751e-32
632,8.1391e-33
632.99,5.2671e-33
634.01,3.3638e-33
634.99,2.1781e-33
636.01,1.3906e-33
636.99,9.0092e-34
638.01,5.7529e-34
638.99,3.7261e-34
640.01,2.3808e-34
640.99,1.5423e-34
642.01,9.8567e-35
643,6.3866e-35
644.01,4.0825e-35
645,2.6459e-35
646.01,1.6917e-35
647,1.0967e-35
648.01,7.017e-36
649,4.55e-36
650.01,2.9121e-36
651,1.8889e-36
652.01,1.2088e-36
653,7.8427e-37
653.98,5.0893e-37
655,3.2599e-37
655.98,2.1161e-37
657,1.3554e-37
657.98,8.8052e-38
659,5.6417e-38
