381.99,0.0015677,1.515e-10,1.822e-13
383.01,0.0021479,3.7111e-10,5.1144e-13
383.99,0.0028834,8.6605e-10,1.3615e-12
385.01,0.0038592,2.0245e-09,3.6418e-12
386,0.0050645,4.514e-09,9.2488e-12
387.01,0.0066281,1.0091e-08,2.363e-11
388,0.0085136,2.156e-08,5.7432e-11
388.99,0.010816,4.5037e-08,1.3636e-10
390,0.013697,9.4229e-08,3.2534e-10
390.99,0.017052,1.8908e-07,7.4121e-10
392,0.021143,3.7919e-07,1.6929e-09
392.99,0.025789,7.3015e-07,3.6957e-09
394.01,0.031322,1.4043e-06,8.0835e-09
394.99,0.037451,2.5965e-06,1.6919e-08
396.01,0.044598,4.8013e-06,3.5537e-08
396.99,0.05233,8.5493e-06,7.1554e-08
398.01,0.061124,1.5206e-05,1.4437e-07
398.99,0.070399,2.6073e-05,2.7955e-07
400.01,0.080689,4.4629e-05,5.4207e-07
400.99,0.091284,7.3811e-05,1.0112e-06
402,0.10272,0.00012167,1.8854e-06
403.02,0.11457,0.00019712,3.454e-06
404,0.12627,0.00030918,6.0989e-06
405.01,0.13839,0.00048339,1.0768e-05
406,0.15,0.00073285,1.8353e-05
407.01,0.16164,0.0011068,3.1261e-05
407.99,0.17242,0.0016254,5.1565e-05
409,0.18275,0.0023729,8.4779e-05
409.99,0.19187,0.003372,0.00013513
411,0.20019,0.0047701,0.00021507
412.01,0.2072,0.0066382,0.00033653
412.99,0.21265,0.0090053,0.00051113
414,0.21679,0.012151,0.00077457
415.01,0.21933,0.016141,0.0011548
416,0.22026,0.02096,0.0016766
417.01,0.21963,0.02703,0.002424
417.99,0.21751,0.034104,0.003415
419,0.21384,0.042732,0.0047919
420.01,0.20877,0.052781,0.0066248
420.99,0.20262,0.063893,0.0089395
422,0.19514,0.076783,0.012013
423.01,0.18671,0.090968,0.015901
423.99,0.17773,0.10587,0.0206
423.99,0.17773,0.10587,0.0206
425,0.16786,0.12216,0.026529
426.01,0.15753,0.13912,0.0337
427.01,0.1469,0.15639,0.042238
427.99,0.13648,0.17303,0.0519
429,0.12575,0.18968,0.063356
430.01,0.11517,0.20537,0.076352
431.01,0.10487,0.21964,0.09082
432.01,0.09496,0.23208,0.10666
432.99,0.085751,0.2421,0.12324
433.99,0.076772,0.24998,0.14131
435,0.068334,0.25517,0.16014
436.01,0.060474,0.25753,0.17938
436.98,0.05344,0.25706,0.198
438.02,0.046583,0.25363,0.21735
439.01,0.040718,0.24778,0.23467
440.02,0.035251,0.23929,0.25119
441,0.030488,0.22894,0.26548
442.02,0.026103,0.2164,0.27804
443.01,0.022341,0.20283,0.28774
444.01,0.019016,0.18816,0.29476
445,0.016106,0.17284,0.29886
445.99,0.013583,0.15727,0.29997
446.99,0.011392,0.14166,0.29809
448.02,0.0094613,0.12596,0.2931
448.99,0.0079058,0.11173,0.28575
450.02,0.0065031,0.097438,0.27538
451.01,0.0053571,0.084541,0.26312
452.02,0.0043906,0.072649,0.24899
453.01,0.0035868,0.061926,0.23351
454.01,0.0029155,0.052292,0.21693
455.01,0.002363,0.043823,0.19981
456.01,0.0019063,0.036396,0.18237
457,0.0015328,0.029993,0.16504
458,0.0012271,0.024504,0.14804
459,0.00097874,0.019862,0.13168
459.99,0.00077861,0.015988,0.11622
461.01,0.00061245,0.012676,0.10129
462,0.00048369,0.010046,0.087942
463.02,0.00037758,0.0078382,0.07536
464.01,0.00029604,0.0061177,0.064382
465,0.00023142,0.0047422,0.054597
465.99,0.00018028,0.0036495,0.045947
467.01,0.00013889,0.0027655,0.038163
468,0.00010747,0.0020977,0.031632
469.01,8.2224e-05,0.0015665,0.025871
470,6.3218e-05,0.001172,0.021134
471.02,4.8058e-05,0.00086309,0.01703
472,3.6724e-05,0.00063723,0.013717
473.02,2.7737e-05,0.00046282,0.010893
474.01,2.1064e-05,0.00033721,0.0086521
475.02,1.5814e-05,0.00024173,0.0067761
476.01,1.1941e-05,0.00017394,0.0053107
477.02,8.9103e-06,0.00012307,0.0041022
478.01,6.6851e-06,8.7394e-05,0.0031713
479.02,4.9603e-06,6.1076e-05,0.0024176
480.01,3.7016e-06,4.2864e-05,0.0018456
481.03,2.7301e-06,2.9578e-05,0.0013883
482.01,2.0274e-06,2.053e-05,0.0010473
483.03,1.487e-06,1.3998e-05,0.00077787
483.98,1.1086e-06,9.7167e-06,0.00058497
485.03,8.0103e-07,6.4705e-06,0.00042516
486.01,5.8867e-07,4.3908e-06,0.00031312
487.03,4.2732e-07,2.9269e-06,0.00022704
488.01,3.1247e-07,1.9648e-06,0.00016531
489,2.2787e-07,1.3115e-06,0.00011965
490.01,1.6418e-07,8.6014e-07,8.5268e-05
491,1.1916e-07,5.6823e-07,6.1041e-05
491.98,8.6254e-08,3.7336e-07,4.3451e-05
492.01,8.5435e-08,3.6875e-07,4.3015e-05
493,6.1741e-08,2.4127e-07,3.0475e-05
494.01,4.4062e-08,1.5497e-07,2.1242e-05
494.99,3.17e-08,1.0041e-07,1.4894e-05
496.01,2.252e-08,6.3856e-08,1.0272e-05
496.99,1.6127e-08,4.0963e-08,7.1265e-06
498.01,1.1406e-08,2.58e-08,4.8645e-06
498.99,8.1365e-09,1.6406e-08,3.343e-06
500.01,5.7305e-09,1.0236e-08,2.2592e-06
500.99,4.0697e-09,6.4477e-09,1.5371e-06
502.01,2.8545e-09,3.9865e-09,1.0287e-06
502.99,2.02e-09,2.4904e-09,6.9366e-07
504.01,1.4111e-09,1.5262e-09,4.5982e-07
504.99,9.9442e-10,9.449e-10,3.0714e-07
506.01,6.9176e-10,5.738e-10,2.0164e-07
506.99,4.8586e-10,3.5252e-10,1.3356e-07
508.01,3.3684e-10,2.1239e-10,8.6937e-08
508.99,2.3574e-10,1.2945e-10,5.7092e-08
510.01,1.6279e-10,7.732e-11,3.6823e-08
510.99,1.1353e-10,4.6759e-11,2.3981e-08
512.01,7.8152e-11,2.7725e-11,1.5343e-08
512.99,5.4304e-11,1.6632e-11,9.9069e-09
514.01,3.7254e-11,9.7863e-12,6.2864e-09
514.99,2.5803e-11,5.828e-12,4.0272e-09
516.01,1.7637e-11,3.402e-12,2.5338e-09
516.99,1.2182e-11,2.0127e-12,1.6116e-09
518.01,8.3035e-12,1.167e-12,1.0066e-09
518.99,5.7158e-12,6.8532e-13,6.3513e-10
520.01,3.8826e-12,3.9439e-13,3.9352e-10
520.99,2.6658e-12,2.3018e-13,2.4663e-10
522.01,1.8062e-12,1.3164e-13,1.5176e-10
522.99,1.2357e-12,7.6249e-14,9.4357e-11
524.01,8.3452e-13,4.3295e-14,5.7618e-11
524.99,5.696e-13,2.4934e-14,3.5597e-11
526.01,3.8376e-13,1.4075e-14,2.1597e-11
526.99,2.6125e-13,8.0567e-15,1.3254e-11
528.01,1.7547e-13,4.5174e-15,7.9836e-12
528.99,1.192e-13,2.5719e-15,4.8706e-12
530.01,7.9858e-14,1.4334e-15,2.9145e-12
530.99,5.4093e-14,8.1098e-16,1.7661e-12
532.01,3.615e-14,4.4936e-16,1.0501e-12
532.99,2.4439e-14,2.5296e-16,6.3279e-13
534.01,1.6293e-14,1.3938e-16,3.7394e-13
534.99,1.099e-14,7.8038e-17,2.2401e-13
536.01,7.3101e-15,4.2762e-17,1.3158e-13
536.99,4.9199e-15,2.3818e-17,7.8374e-14
538.01,3.2653e-15,1.2983e-17,4.5769e-14
538.99,2.193e-15,7.1948e-18,2.7111e-14
540.01,1.4524e-15,3.9015e-18,1.5743e-14
540.99,9.7346e-16,2.1516e-18,9.2751e-15
542.01,6.4337e-16,1.161e-18,5.3566e-15
543,4.302e-16,6.3684e-19,3.1377e-15
544.01,2.8388e-16,3.4218e-19,1.8034e-15
544.99,1.8954e-16,1.8695e-19,1.0516e-15
546.01,1.2484e-16,9.9986e-20,6.0134e-16
546.99,8.3168e-17,5.4353e-20,3.4873e-16
548.01,5.4677e-17,2.8938e-20,1.9842e-16
548.99,3.6363e-17,1.5663e-20,1.1452e-16
550.01,2.3874e-17,8.3083e-21,6.4882e-17
550.99,1.5851e-17,4.4784e-21,3.7276e-17
552.01,1.0385e-17,2.364e-21,2.1008e-17
552.99,6.8871e-18,1.2699e-21,1.2022e-17
554.01,4.5031e-18,6.6721e-22,6.7408e-18
554.99,2.9818e-18,3.5704e-22,3.8408e-18
556.01,1.9466e-18,1.8685e-22,2.1441e-18
556.99,1.2871e-18,9.9611e-23,1.2165e-18
558.01,8.3899e-19,5.1931e-23,6.7623e-19
558.99,5.5395e-19,2.7585e-23,3.8213e-19
560.01,3.6075e-19,1.4338e-23,2.1166e-19
560.99,2.3777e-19,7.5845e-24,1.1907e-19
562.01,1.5463e-19,3.9281e-24,6.5688e-20
562.99,1.0179e-19,2.0709e-24,3.6812e-20
564.01,6.6138e-20,1.0696e-24,2.0242e-20
564.99,4.3482e-20,5.6208e-25,1.1302e-20
566.01,2.8207e-20,2.8916e-25,6.1877e-21
566.99,1.8523e-20,1.5148e-25,3.4425e-21
568.01,1.2002e-20,7.7679e-26,1.878e-21
568.99,7.8761e-21,4.0596e-26,1.0418e-21
570.01,5.0976e-21,2.0755e-26,5.6636e-22
570.99,3.3431e-21,1.0822e-26,3.1334e-22
572,2.1614e-21,5.5165e-27,1.6976e-22
572.99,1.4149e-21,2.8646e-27,9.3507e-23
574,9.1424e-22,1.457e-27,5.0526e-23
574.98,5.9867e-22,7.5608e-28,2.7795e-23
576,3.863e-22,3.8327e-28,1.4962e-23
576.98,2.5263e-22,1.9824e-28,8.2013e-24
578,1.6293e-22,1.0029e-28,4.4042e-24
579.01,1.0509e-22,5.0709e-29,2.363e-24
579.99,6.8576e-23,2.6095e-29,1.2881e-24
581.01,4.4212e-23,1.3171e-29,6.8954e-25
582.02,2.848e-23,6.6348e-30,3.6838e-25
583,1.858e-23,3.407e-30,2.0023e-25
584.01,1.1959e-23,1.7123e-30,1.0668e-25
585,7.7964e-24,8.7735e-31,5.7834e-26
586.01,5.0149e-24,4.3997e-31,3.0733e-26
586.99,3.2685e-24,2.2511e-31,1.663e-26
588.01,2.1001e-24,1.1257e-31,8.8094e-27
588.99,1.3679e-24,5.7479e-32,4.7554e-27
590,8.7837e-25,2.8685e-32,2.513e-27
590.99,5.7155e-25,1.4608e-32,1.3526e-27
592,3.6679e-25,7.276e-33,7.1308e-28
593.01,2.3532e-25,3.6205e-33,3.7551e-28
594,1.53e-25,1.8387e-33,2.0144e-28
595.01,9.8067e-26,9.1265e-34,1.0578e-28
596,6.3674e-26,4.6207e-34,5.6553e-29
597.01,4.0775e-26,2.2879e-34,2.9614e-29
598,2.6463e-26,1.1564e-34,1.5801e-29
599.01,1.6932e-26,5.7123e-35,8.2522e-30
600,1.0984e-26,2.8828e-35,4.3946e-30
600.98,7.1245e-27,1.4537e-35,2.3381e-30
602,4.5537e-27,7.1592e-36,1.2168e-30
602.99,2.9512e-27,3.6024e-36,6.4577e-31
604.01,1.8857e-27,1.7715e-36,3.3545e-31
604.99,1.2212e-27,8.8953e-37,1.7761e-31
606.01,7.8001e-28,4.3681e-37,9.2097e-32
607,5.05e-28,2.1905e-37,4.8681e-32
608.02,3.2233e-28,1.0735e-37,2.5184e-32
609.01,2.0863e-28,5.3765e-38,1.329e-32
610.02,1.3314e-28,2.6315e-38,6.8645e-33
611.01,8.6155e-29,1.3164e-38,3.6171e-33
612,5.5748e-29,6.5819e-39,1.9046e-33
612.99,3.6069e-29,3.289e-39,1.0021e-33
614,2.3018e-29,1.6072e-39,5.164e-34
614.99,1.4891e-29,8.0231e-40,2.7134e-34
616.01,9.5014e-30,3.9166e-40,1.3963e-34
617,6.1458e-30,1.9532e-40,7.3269e-35
618.01,3.921e-30,9.5251e-41,3.7653e-35
619,2.536e-30,4.7457e-41,1.9734e-35
620.02,1.6179e-30,2.3123e-41,1.0128e-35
621,1.0468e-30,1.1519e-41,5.3054e-36
622.02,6.6805e-31,5.6114e-42,2.7215e-36
623.01,4.3222e-31,2.7931e-42,1.424e-36
624.02,2.7584e-31,1.3596e-42,7.2965e-37
625.01,1.7846e-31,6.7625e-43,3.8137e-37
626.03,1.1389e-31,3.2893e-43,1.952e-37
627.01,7.3689e-32,1.635e-43,1.0193e-37
628,4.7677e-32,8.1239e-44,5.3196e-38
628.98,3.0862e-32,4.0383e-44,2.7769e-38
630,1.9697e-32,1.9618e-44,1.4186e-38
630.99,1.2751e-32,9.7461e-45,7.3987e-39
632,8.1391e-33,4.7318e-45,3.7764e-39
632.99,5.2671e-33,2.3479e-45,1.9666e-39
634.01,3.3638e-33,1.1401e-45,1.0036e-39
634.99,2.1781e-33,5.6587e-46,5.226e-40
636.01,1.3906e-33,2.7447e-46,2.6631e-40
636.99,9.0092e-34,1.3626e-46,1.3867e-40
638.01,5.7529e-34,6.6064e-47,7.0612e-41
638.99,3.7261e-34,3.2762e-47,3.6717e-41
640.01,2.3808e-34,1.589e-47,1.8698e-41
640.99,1.5423e-34,7.8776e-48,9.7165e-42
642.01,9.8567e-35,3.8195e-48,4.9449e-42
643,6.3866e-35,1.893e-48,2.5682e-42
644.01,4.0825e-35,9.1762e-49,1.3063e-42
645,2.6459e-35,4.5468e-49,6.7808e-43
646.01,1.6917e-35,2.2035e-49,3.4472e-43
647,1.0967e-35,1.0917e-49,1.7886e-43
648.01,7.017e-36,5.2933e-50,9.0943e-44
649,4.55e-36,2.622e-50,4.7166e-44
650.01,2.9121e-36,1.2712e-50,2.3972e-44
651,1.8889e-36,6.2963e-51,1.2428e-44
652.01,1.2088e-36,3.0502e-51,6.3101e-45
653,7.8427e-37,1.5106e-51,3.2702e-45
653.98,5.0893e-37,7.4815e-52,1.6946e-45
655,3.2599e-37,3.6268e-52,8.6055e-46
655.98,2.1161e-37,1.7962e-52,4.4579e-46
657,1.3554e-37,8.7013e-53,2.2618e-46
657.98,8.8052e-38,4.3126e-53,1.1722e-46
659,5.6417e-38,2.0893e-53,5.9458e-47
