400,0.0022082
400.02,0.0022173
400.03,0.0022265
400.05,0.0022357
400.06,0.0022449
400.08,0.0022541
400.1,0.0022634
400.11,0.0022727
400.13,0.002282
400.14,0.0022914
400.16,0.0023008
400.18,0.0023102
400.19,0.0023196
400.21,0.0023291
400.22,0.0023387
400.24,0.0023482
400.26,0.0023578
400.27,0.0023674
400.29,0.002377
400.3,0.0023867
400.32,0.0023964
400.34,0.0024061
400.35,0.0024159
400.37,0.0024257
400.38,0.0024355
400.4,0.0024454
400.42,0.0024553
400.43,0.0024652
400.45,0.0024752
400.46,0.0024852
400.48,0.0024952
400.5,0.0025053
400.51,0.0025154
400.53,0.0025255
400.54,0.0025356
400.56,0.0025458
400.58,0.002556
400.59,0.0025663
400.61,0.0025766
400.62,0.0025869
400.64,0.0025972
400.66,0.0026076
400.67,0.002618
400.69,0.0026285
400.71,0.0026389
400.72,0.0026494
400.74,0.00266
400.75,0.0026706
400.77,0.0026812
400.79,0.0026918
400.8,0.0027025
400.82,0.0027132
400.83,0.002724
400.85,0.0027347
400.87,0.0027456
400.88,0.0027564
400.9,0.0027673
400.91,0.0027782
400.93,0.0027891
400.95,0.0028001
400.96,0.0028111
400.98,0.0028222
400.99,0.0028333
401.01,0.0028444
401.03,0.0028555
401.04,0.0028667
401.06,0.0028779
401.07,0.0028892
401.09,0.0029005
401.11,0.0029118
401.12,0.0029232
401.14,0.0029345
401.16,0.002946
401.17,0.0029574
401.19,0.0029689
401.2,0.0029805
401.22,0.002992
401.24,0.0030036
401.25,0.0030153
401.27,0.0030269
401.28,0.0030386
401.3,0.0030504
401.32,0.0030622
401.33,0.003074
401.35,0.0030858
401.36,0.0030977
401.38,0.0031096
401.4,0.0031216
401.41,0.0031336
401.43,0.0031456
401.45,0.0031576
401.46,0.0031697
401.48,0.0031819
401.49,0.003194
401.51,0.0032062
401.53,0.0032185
401.54,0.0032308
401.56,0.0032431
401.57,0.0032554
401.59,0.0032678
401.61,0.0032802
401.62,0.0032927
401.64,0.0033052
401.65,0.0033177
401.67,0.0033303
401.69,0.0033429
401.7,0.0033555
401.72,0.0033682
401.74,0.0033809
401.75,0.0033936
401.77,0.0034064
401.78,0.0034193
401.8,0.0034321
401.82,0.003445
401.83,0.0034579
401.85,0.0034709
401.86,0.0034839
401.88,0.003497
401.9,0.0035101
401.91,0.0035232
401.93,0.0035363
401.95,0.0035495
401.96,0.0035628
401.98,0.003576
401.99,0.0035893
402.01,0.0036027
402.03,0.0036161
402.04,0.0036295
402.06,0.0036429
402.07,0.0036564
402.09,0.00367
402.11,0.0036835
402.12,0.0036971
402.14,0.0037108
402.16,0.0037245
402.17,0.0037382
402.19,0.003752
402.2,0.0037658
402.22,0.0037796
402.24,0.0037935
402.25,0.0038074
402.27,0.0038213
402.28,0.0038353
402.3,0.0038494
402.32,0.0038634
402.33,0.0038775
402.35,0.0038917
402.37,0.0039059
402.38,0.0039201
402.4,0.0039344
402.41,0.0039487
402.43,0.003963
402.45,0.0039774
402.46,0.0039918
402.48,0.0040063
402.5,0.0040208
402.51,0.0040353
402.53,0.0040499
402.54,0.0040645
402.56,0.0040791
402.58,0.0040938
402.59,0.0041086
402.61,0.0041233
402.63,0.0041381
402.64,0.004153
402.66,0.0041679
402.67,0.0041828
402.69,0.0041978
402.71,0.0042128
402.72,0.0042278
402.74,0.0042429
402.75,0.004258
402.77,0.0042732
402.79,0.0042884
402.8,0.0043037
402.82,0.0043189
402.84,0.0043343
402.85,0.0043496
402.87,0.004365
402.88,0.0043805
402.9,0.004396
402.92,0.0044115
402.93,0.0044271
402.95,0.0044427
402.97,0.0044583
402.98,0.004474
403,0.0044897
403.01,0.0045055
403.03,0.0045213
403.05,0.0045372
403.06,0.0045531
403.08,0.004569
403.1,0.004585
403.11,0.004601
403.13,0.004617
403.14,0.0046331
403.16,0.0046493
403.18,0.0046654
403.19,0.0046817
403.21,0.0046979
403.23,0.0047142
403.24,0.0047305
403.26,0.0047469
403.27,0.0047633
403.29,0.0047798
403.31,0.0047963
403.32,0.0048128
403.34,0.0048294
403.36,0.0048461
403.37,0.0048627
403.39,0.0048794
403.4,0.0048962
403.42,0.004913
403.44,0.0049298
403.45,0.0049467
403.47,0.0049636
403.49,0.0049805
403.5,0.0049975
403.52,0.0050146
403.53,0.0050317
403.55,0.0050488
403.57,0.0050659
403.58,0.0050831
403.6,0.0051004
403.62,0.0051177
403.63,0.005135
403.65,0.0051524
403.67,0.0051698
403.68,0.0051872
403.7,0.0052047
403.71,0.0052223
403.73,0.0052399
403.75,0.0052575
403.76,0.0052751
403.78,0.0052928
403.8,0.0053106
403.81,0.0053284
403.83,0.0053462
403.84,0.0053641
403.86,0.005382
403.88,0.0054
403.89,0.005418
403.91,0.005436
403.93,0.0054541
403.94,0.0054722
403.96,0.0054904
403.98,0.0055086
403.99,0.0055268
404.01,0.0055451
404.02,0.0055635
404.04,0.0055818
404.06,0.0056003
404.07,0.0056187
404.09,0.0056372
404.11,0.0056558
404.12,0.0056744
404.14,0.005693
404.15,0.0057117
404.17,0.0057304
404.19,0.0057491
404.2,0.0057679
404.22,0.0057868
404.24,0.0058057
404.25,0.0058246
404.27,0.0058436
404.29,0.0058626
404.3,0.0058816
404.32,0.0059007
404.33,0.0059199
404.35,0.005939
404.37,0.0059583
404.38,0.0059775
404.4,0.0059968
404.42,0.0060162
404.43,0.0060356
404.45,0.006055
404.47,0.0060745
404.48,0.006094
404.5,0.0061136
404.51,0.0061332
404.53,0.0061528
404.55,0.0061725
404.56,0.0061923
404.58,0.006212
404.6,0.0062319
404.61,0.0062517
404.63,0.0062716
404.65,0.0062916
404.66,0.0063116
404.68,0.0063316
404.69,0.0063517
404.71,0.0063718
404.73,0.0063919
404.74,0.0064121
404.76,0.0064324
404.78,0.0064527
404.79,0.006473
404.81,0.0064934
404.83,0.0065138
404.84,0.0065343
404.86,0.0065548
404.87,0.0065753
404.89,0.0065959
404.91,0.0066165
404.92,0.0066372
404.94,0.0066579
404.96,0.0066786
404.97,0.0066994
404.99,0.0067203
405.01,0.0067412
405.02,0.0067621
405.04,0.0067831
405.06,0.0068041
405.07,0.0068251
405.09,0.0068462
405.1,0.0068674
405.12,0.0068885
405.14,0.0069098
405.15,0.006931
405.17,0.0069523
405.19,0.0069737
405.2,0.0069951
405.22,0.0070165
405.24,0.007038
405.25,0.0070595
405.27,0.0070811
405.28,0.0071027
405.3,0.0071243
405.32,0.007146
405.33,0.0071678
405.35,0.0071895
405.37,0.0072114
405.38,0.0072332
405.4,0.0072551
405.42,0.0072771
405.43,0.007299
405.45,0.0073211
405.47,0.0073431
405.48,0.0073653
405.5,0.0073874
405.52,0.0074096
405.53,0.0074318
405.55,0.0074541
405.56,0.0074765
405.58,0.0074988
405.6,0.0075212
405.61,0.0075437
405.63,0.0075662
405.65,0.0075887
405.66,0.0076113
405.68,0.0076339
405.7,0.0076566
405.71,0.0076793
405.73,0.007702
405.75,0.0077248
405.76,0.0077476
405.78,0.0077705
405.79,0.0077934
405.81,0.0078163
405.83,0.0078393
405.84,0.0078624
405.86,0.0078854
405.88,0.0079086
405.89,0.0079317
405.91,0.0079549
405.93,0.0079782
405.94,0.0080015
405.96,0.0080248
405.98,0.0080481
405.99,0.0080716
406.01,0.008095
406.03,0.0081185
406.04,0.008142
406.06,0.0081656
406.07,0.0081892
406.09,0.0082129
406.11,0.0082366
406.12,0.0082603
406.14,0.0082841
406.16,0.0083079
406.17,0.0083318
406.19,0.0083557
406.21,0.0083796
406.22,0.0084036
406.24,0.0084276
406.26,0.0084517
406.27,0.0084758
406.29,0.0084999
406.31,0.0085241
406.32,0.0085484
406.34,0.0085726
406.36,0.0085969
406.37,0.0086213
406.39,0.0086457
406.4,0.0086701
406.42,0.0086946
406.44,0.0087191
406.45,0.0087436
406.47,0.0087682
406.49,0.0087929
406.5,0.0088175
406.52,0.0088422
406.54,0.008867
406.55,0.0088918
406.57,0.0089166
406.59,0.0089415
406.6,0.0089664
406.62,0.0089913
406.64,0.0090163
406.65,0.0090414
406.67,0.0090664
406.69,0.0090915
406.7,0.0091167
406.72,0.0091419
406.74,0.0091671
406.75,0.0091924
406.77,0.0092177
406.79,0.009243
406.8,0.0092684
406.82,0.0092938
406.83,0.0093193
406.85,0.0093448
406.87,0.0093703
406.88,0.0093959
406.9,0.0094215
406.92,0.0094472
406.93,0.0094728
406.95,0.0094986
406.97,0.0095243
406.98,0.0095502
407,0.009576
407.02,0.0096019
407.03,0.0096278
407.05,0.0096538
407.07,0.0096798
407.08,0.0097058
407.1,0.0097319
407.12,0.009758
407.13,0.0097841
407.15,0.0098103
407.17,0.0098366
407.18,0.0098628
407.2,0.0098891
407.22,0.0099155
407.23,0.0099418
407.25,0.0099682
407.27,0.0099947
407.28,0.010021
407.3,0.010048
407.32,0.010074
407.33,0.010101
407.35,0.010127
407.37,0.010154
407.38,0.010181
407.4,0.010208
407.41,0.010234
407.43,0.010261
407.45,0.010288
407.46,0.010315
407.48,0.010342
407.5,0.010369
407.51,0.010396
407.53,0.010423
407.55,0.01045
407.56,0.010477
407.58,0.010504
407.6,0.010531
407.61,0.010559
407.63,0.010586
407.65,0.010613
407.66,0.01064
407.68,0.010668
407.7,0.010695
407.71,0.010723
407.73,0.01075
407.75,0.010777
407.76,0.010805
407.78,0.010833
407.8,0.01086
407.81,0.010888
407.83,0.010915
407.85,0.010943
407.86,0.010971
407.88,0.010999
407.9,0.011026
407.91,0.011054
407.93,0.011082
407.95,0.01111
407.96,0.011138
407.98,0.011166
408,0.011194
408.01,0.011222
408.03,0.01125
408.05,0.011278
408.06,0.011306
408.08,0.011334
408.1,0.011363
408.11,0.011391
408.13,0.011419
408.15,0.011447
408.16,0.011476
408.18,0.011504
408.2,0.011532
408.21,0.011561
408.23,0.011589
408.25,0.011618
408.26,0.011646
408.28,0.011675
408.3,0.011703
408.31,0.011732
408.33,0.011761
408.35,0.011789
408.36,0.011818
408.38,0.011847
408.4,0.011876
408.41,0.011904
408.43,0.011933
408.45,0.011962
408.46,0.011991
408.48,0.01202
408.5,0.012049
408.51,0.012078
408.53,0.012107
408.55,0.012136
408.56,0.012165
408.58,0.012194
408.6,0.012223
408.61,0.012252
408.63,0.012281
408.65,0.012311
408.66,0.01234
408.68,0.012369
408.7,0.012398
408.71,0.012428
408.73,0.012457
408.75,0.012486
408.76,0.012516
408.78,0.012545
408.8,0.012575
408.81,0.012604
408.83,0.012634
408.85,0.012663
408.86,0.012693
408.88,0.012722
408.9,0.012752
408.91,0.012782
408.93,0.012811
408.95,0.012841
408.96,0.012871
408.98,0.012901
409,0.01293
409.01,0.01296
409.03,0.01299
409.05,0.01302
409.06,0.01305
409.08,0.01308
409.1,0.01311
409.12,0.01314
409.13,0.01317
409.15,0.0132
409.17,0.01323
409.18,0.01326
409.2,0.01329
409.22,0.01332
409.23,0.01335
409.25,0.01338
409.27,0.01341
409.28,0.013441
409.3,0.013471
409.32,0.013501
409.33,0.013531
409.35,0.013562
409.37,0.013592
409.38,0.013622
409.4,0.013653
409.42,0.013683
409.43,0.013713
409.45,0.013744
409.47,0.013774
409.48,0.013805
409.5,0.013835
409.52,0.013866
409.53,0.013896
409.55,0.013927
409.57,0.013958
409.58,0.013988
409.6,0.014019
409.62,0.014049
409.63,0.01408
409.65,0.014111
409.67,0.014141
409.68,0.014172
409.7,0.014203
409.72,0.014234
409.74,0.014264
409.75,0.014295
409.77,0.014326
409.79,0.014357
409.8,0.014388
409.82,0.014419
409.84,0.01445
409.85,0.014481
409.87,0.014511
409.89,0.014542
409.9,0.014573
409.92,0.014604
409.94,0.014635
409.95,0.014666
409.97,0.014697
409.99,0.014728
410,0.01476
410.02,0.014791
410.04,0.014822
410.05,0.014853
410.07,0.014884
410.09,0.014915
410.1,0.014946
410.12,0.014978
410.14,0.015009
410.16,0.01504
410.17,0.015071
410.19,0.015102
410.21,0.015134
410.22,0.015165
410.24,0.015196
410.26,0.015228
410.27,0.015259
410.29,0.01529
410.31,0.015322
410.32,0.015353
410.34,0.015384
410.36,0.015416
410.37,0.015447
410.39,0.015479
410.41,0.01551
410.42,0.015541
410.44,0.015573
410.46,0.015604
410.48,0.015636
410.49,0.015667
410.51,0.015699
410.53,0.01573
410.54,0.015762
410.56,0.015793
410.58,0.015825
410.59,0.015856
410.61,0.015888
410.63,0.01592
410.64,0.015951
410.66,0.015983
410.68,0.016014
410.69,0.016046
410.71,0.016078
410.73,0.016109
410.75,0.016141
410.76,0.016173
410.78,0.016204
410.8,0.016236
410.81,0.016268
410.83,0.016299
410.85,0.016331
410.86,0.016363
410.88,0.016394
410.9,0.016426
410.91,0.016458
410.93,0.016489
410.95,0.016521
410.96,0.016553
410.98,0.016585
411,0.016616
411.02,0.016648
411.03,0.01668
411.05,0.016712
411.07,0.016743
411.08,0.016775
411.1,0.016807
411.12,0.016839
411.13,0.016871
411.15,0.016902
411.17,0.016934
411.18,0.016966
411.2,0.016998
411.22,0.01703
411.23,0.017061
411.25,0.017093
411.27,0.017125
411.29,0.017157
411.3,0.017189
411.32,0.017221
411.34,0.017252
411.35,0.017284
411.37,0.017316
411.39,0.017348
411.4,0.01738
411.42,0.017412
411.44,0.017443
411.45,0.017475
411.47,0.017507
411.49,0.017539
411.51,0.017571
411.52,0.017603
411.54,0.017634
411.56,0.017666
411.57,0.017698
411.59,0.01773
411.61,0.017762
411.62,0.017794
411.64,0.017825
411.66,0.017857
411.68,0.017889
411.69,0.017921
411.71,0.017953
411.73,0.017984
411.74,0.018016
411.76,0.018048
411.78,0.01808
411.79,0.018112
411.81,0.018143
411.83,0.018175
411.84,0.018207
411.86,0.018239
411.88,0.018271
411.9,0.018302
411.91,0.018334
411.93,0.018366
411.95,0.018398
411.96,0.018429
411.98,0.018461
412,0.018493
412.01,0.018525
412.03,0.018556
412.05,0.018588
412.07,0.01862
412.08,0.018651
412.1,0.018683
412.12,0.018715
412.13,0.018746
412.15,0.018778
412.17,0.01881
412.18,0.018841
412.2,0.018873
412.22,0.018905
412.24,0.018936
412.25,0.018968
412.27,0.019
412.29,0.019031
412.3,0.019063
412.32,0.019094
412.34,0.019126
412.35,0.019157
412.37,0.019189
412.39,0.01922
412.41,0.019252
412.42,0.019283
412.44,0.019315
412.46,0.019346
412.47,0.019378
412.49,0.019409
412.51,0.019441
412.52,0.019472
412.54,0.019504
412.56,0.019535
412.58,0.019566
412.59,0.019598
412.61,0.019629
412.63,0.01966
412.64,0.019692
412.66,0.019723
412.68,0.019754
412.69,0.019786
412.71,0.019817
412.73,0.019848
412.75,0.019879
412.76,0.019911
412.78,0.019942
412.8,0.019973
412.81,0.020004
412.83,0.020035
412.85,0.020066
412.86,0.020098
412.88,0.020129
412.9,0.02016
412.92,0.020191
412.93,0.020222
412.95,0.020253
412.97,0.020284
412.98,0.020315
413,0.020346
413.02,0.020377
413.04,0.020408
413.05,0.020438
413.07,0.020469
413.09,0.0205
413.1,0.020531
413.12,0.020562
413.14,0.020593
413.15,0.020623
413.17,0.020654
413.19,0.020685
413.21,0.020716
413.22,0.020746
413.24,0.020777
413.26,0.020807
413.27,0.020838
413.29,0.020869
413.31,0.020899
413.33,0.02093
413.34,0.02096
413.36,0.020991
413.38,0.021021
413.39,0.021052
413.41,0.021082
413.43,0.021112
413.45,0.021143
413.46,0.021173
413.48,0.021203
413.5,0.021234
413.51,0.021264
413.53,0.021294
413.55,0.021324
413.56,0.021355
413.58,0.021385
413.6,0.021415
413.62,0.021445
413.63,0.021475
413.65,0.021505
413.67,0.021535
413.68,0.021565
413.7,0.021595
413.72,0.021625
413.74,0.021655
413.75,0.021684
413.77,0.021714
413.79,0.021744
413.8,0.021774
413.82,0.021803
413.84,0.021833
413.86,0.021863
413.87,0.021892
413.89,0.021922
413.91,0.021952
413.92,0.021981
413.94,0.022011
413.96,0.02204
413.98,0.02207
413.99,0.022099
414.01,0.022128
414.03,0.022158
414.04,0.022187
414.06,0.022216
414.08,0.022245
414.1,0.022275
414.11,0.022304
414.13,0.022333
414.15,0.022362
414.16,0.022391
414.18,0.02242
414.2,0.022449
414.22,0.022478
414.23,0.022507
414.25,0.022536
414.27,0.022564
414.28,0.022593
414.3,0.022622
414.32,0.022651
414.34,0.022679
414.35,0.022708
414.37,0.022737
414.39,0.022765
414.4,0.022794
414.42,0.022822
414.44,0.022851
414.46,0.022879
414.47,0.022907
414.49,0.022936
414.51,0.022964
414.52,0.022992
414.54,0.02302
414.56,0.023048
414.58,0.023077
414.59,0.023105
414.61,0.023133
414.63,0.023161
414.65,0.023189
414.66,0.023216
414.68,0.023244
414.7,0.023272
414.71,0.0233
414.73,0.023328
414.75,0.023355
414.77,0.023383
414.78,0.023411
414.8,0.023438
414.82,0.023466
414.83,0.023493
414.85,0.02352
414.87,0.023548
414.89,0.023575
414.9,0.023602
414.92,0.02363
414.94,0.023657
414.95,0.023684
414.97,0.023711
414.99,0.023738
415.01,0.023765
415.02,0.023792
415.04,0.023819
415.06,0.023846
415.08,0.023873
415.09,0.023899
415.11,0.023926
415.13,0.023953
415.14,0.023979
415.16,0.024006
415.18,0.024032
415.2,0.024059
415.21,0.024085
415.23,0.024111
415.25,0.024138
415.27,0.024164
415.28,0.02419
415.3,0.024216
415.32,0.024242
415.33,0.024269
415.35,0.024295
415.37,0.02432
415.39,0.024346
415.4,0.024372
415.42,0.024398
415.44,0.024424
415.45,0.024449
415.47,0.024475
415.49,0.024501
415.51,0.024526
415.52,0.024552
415.54,0.024577
415.56,0.024602
415.58,0.024628
415.59,0.024653
415.61,0.024678
415.63,0.024703
415.64,0.024728
415.66,0.024753
415.68,0.024778
415.7,0.024803
415.71,0.024828
415.73,0.024853
415.75,0.024877
415.77,0.024902
415.78,0.024927
415.8,0.024951
415.82,0.024976
415.83,0.025
415.85,0.025025
415.87,0.025049
415.89,0.025073
415.9,0.025098
415.92,0.025122
415.94,0.025146
415.96,0.02517
415.97,0.025194
415.99,0.025218
416.01,0.025242
416.03,0.025265
416.04,0.025289
416.06,0.025313
416.08,0.025336
416.09,0.02536
416.11,0.025383
416.13,0.025407
416.15,0.02543
416.16,0.025453
416.18,0.025477
416.2,0.0255
416.22,0.025523
416.23,0.025546
416.25,0.025569
416.27,0.025592
416.29,0.025615
416.3,0.025638
416.32,0.02566
416.34,0.025683
416.35,0.025706
416.37,0.025728
416.39,0.025751
416.41,0.025773
416.42,0.025795
416.44,0.025818
416.46,0.02584
416.48,0.025862
416.49,0.025884
416.51,0.025906
416.53,0.025928
416.55,0.02595
416.56,0.025972
416.58,0.025994
416.6,0.026015
416.61,0.026037
416.63,0.026059
416.65,0.02608
416.67,0.026101
416.68,0.026123
416.7,0.026144
416.72,0.026165
416.74,0.026186
416.75,0.026207
416.77,0.026229
416.79,0.026249
416.81,0.02627
416.82,0.026291
416.84,0.026312
416.86,0.026333
416.88,0.026353
416.89,0.026374
416.91,0.026394
416.93,0.026414
416.94,0.026435
416.96,0.026455
416.98,0.026475
417,0.026495
417.01,0.026515
417.03,0.026535
417.05,0.026555
417.07,0.026575
417.08,0.026595
417.1,0.026614
417.12,0.026634
417.14,0.026654
417.15,0.026673
417.17,0.026692
417.19,0.026712
417.21,0.026731
417.22,0.02675
417.24,0.026769
417.26,0.026788
417.28,0.026807
417.29,0.026826
417.31,0.026845
417.33,0.026864
417.34,0.026882
417.36,0.026901
417.38,0.026919
417.4,0.026938
417.41,0.026956
417.43,0.026974
417.45,0.026993
417.47,0.027011
417.48,0.027029
417.5,0.027047
417.52,0.027065
417.54,0.027082
417.55,0.0271
417.57,0.027118
417.59,0.027135
417.61,0.027153
417.62,0.02717
417.64,0.027188
417.66,0.027205
417.68,0.027222
417.69,0.027239
417.71,0.027256
417.73,0.027273
417.75,0.02729
417.76,0.027307
417.78,0.027324
417.8,0.027341
417.82,0.027357
417.83,0.027374
417.85,0.02739
417.87,0.027407
417.89,0.027423
417.9,0.027439
417.92,0.027455
417.94,0.027471
417.96,0.027487
417.97,0.027503
417.99,0.027519
418.01,0.027535
418.03,0.02755
418.04,0.027566
418.06,0.027581
418.08,0.027597
418.1,0.027612
418.11,0.027627
418.13,0.027642
418.15,0.027658
418.17,0.027673
418.18,0.027688
418.2,0.027702
418.22,0.027717
418.24,0.027732
418.25,0.027746
418.27,0.027761
418.29,0.027775
418.31,0.02779
418.32,0.027804
418.34,0.027818
418.36,0.027832
418.38,0.027847
418.39,0.027861
418.41,0.027874
418.43,0.027888
418.45,0.027902
418.46,0.027916
418.48,0.027929
418.5,0.027943
418.52,0.027956
418.53,0.027969
418.55,0.027983
418.57,0.027996
418.59,0.028009
418.6,0.028022
418.62,0.028035
418.64,0.028047
418.66,0.02806
418.67,0.028073
418.69,0.028085
418.71,0.028098
418.73,0.02811
418.74,0.028123
418.76,0.028135
418.78,0.028147
418.8,0.028159
418.81,0.028171
418.83,0.028183
418.85,0.028195
418.87,0.028207
418.88,0.028218
418.9,0.02823
418.92,0.028241
418.94,0.028253
418.95,0.028264
418.97,0.028275
418.99,0.028287
419.01,0.028298
419.02,0.028309
419.04,0.02832
419.06,0.028331
419.08,0.028341
419.09,0.028352
419.11,0.028363
419.13,0.028373
419.15,0.028383
419.16,0.028394
419.18,0.028404
419.2,0.028414
419.22,0.028424
419.23,0.028434
419.25,0.028444
419.27,0.028454
419.29,0.028464
419.3,0.028474
419.32,0.028483
419.34,0.028493
419.36,0.028502
419.38,0.028511
419.39,0.028521
419.41,0.02853
419.43,0.028539
419.45,0.028548
419.46,0.028557
419.48,0.028566
419.5,0.028575
419.52,0.028583
419.53,0.028592
419.55,0.0286
419.57,0.028609
419.59,0.028617
419.6,0.028625
419.62,0.028634
419.64,0.028642
419.66,0.02865
419.67,0.028658
419.69,0.028665
419.71,0.028673
419.73,0.028681
419.74,0.028689
419.76,0.028696
419.78,0.028703
419.8,0.028711
419.82,0.028718
419.83,0.028725
419.85,0.028732
419.87,0.028739
419.89,0.028746
419.9,0.028753
419.92,0.02876
419.94,0.028767
419.96,0.028773
419.97,0.02878
419.99,0.028786
420.01,0.028793
420.03,0.028799
420.04,0.028805
420.06,0.028811
420.08,0.028817
420.1,0.028823
420.12,0.028829
420.13,0.028835
420.15,0.028841
420.17,0.028847
420.19,0.028852
420.2,0.028858
420.22,0.028863
420.24,0.028868
420.26,0.028874
420.27,0.028879
420.29,0.028884
420.31,0.028889
420.33,0.028894
420.34,0.028899
420.36,0.028903
420.38,0.028908
420.4,0.028913
420.42,0.028917
420.43,0.028922
420.45,0.028926
420.47,0.02893
420.49,0.028935
420.5,0.028939
420.52,0.028943
420.54,0.028947
420.56,0.028951
420.57,0.028955
420.59,0.028959
420.61,0.028962
420.63,0.028966
420.65,0.028969
420.66,0.028973
420.68,0.028976
420.7,0.02898
420.72,0.028983
420.73,0.028986
420.75,0.028989
420.77,0.028992
420.79,0.028995
420.8,0.028998
420.82,0.029001
420.84,0.029003
420.86,0.029006
420.88,0.029009
420.89,0.029011
420.91,0.029014
420.93,0.029016
420.95,0.029018
420.96,0.02902
420.98,0.029023
421,0.029025
421.02,0.029027
421.03,0.029029
421.05,0.02903
421.07,0.029032
421.09,0.029034
421.11,0.029036
421.12,0.029037
421.14,0.029039
421.16,0.02904
421.18,0.029041
421.19,0.029043
421.21,0.029044
421.23,0.029045
421.25,0.029046
421.27,0.029047
421.28,0.029048
421.3,0.029049
421.32,0.02905
421.34,0.029051
421.35,0.029051
421.37,0.029052
421.39,0.029053
421.41,0.029053
421.43,0.029054
421.44,0.029054
421.46,0.029054
421.48,0.029055
421.5,0.029055
421.51,0.029055
421.53,0.029055
421.55,0.029055
421.57,0.029055
421.59,0.029055
421.6,0.029055
421.62,0.029054
421.64,0.029054
421.66,0.029054
421.67,0.029053
421.69,0.029053
421.71,0.029052
421.73,0.029052
421.75,0.029051
421.76,0.02905
421.78,0.02905
421.8,0.029049
421.82,0.029048
421.83,0.029047
421.85,0.029046
421.87,0.029045
421.89,0.029044
421.91,0.029043
421.92,0.029042
421.94,0.02904
421.96,0.029039
421.98,0.029038
421.99,0.029036
422.01,0.029035
422.03,0.029033
422.05,0.029032
422.07,0.02903
422.08,0.029029
422.1,0.029027
422.12,0.029025
422.14,0.029024
422.15,0.029022
422.17,0.02902
422.19,0.029018
422.21,0.029016
422.23,0.029014
422.24,0.029012
422.26,0.02901
422.28,0.029008
422.3,0.029006
422.32,0.029003
422.33,0.029001
422.35,0.028999
422.37,0.028997
422.39,0.028994
422.4,0.028992
422.42,0.028989
422.44,0.028987
422.46,0.028984
422.48,0.028982
422.49,0.028979
422.51,0.028977
422.53,0.028974
422.55,0.028971
422.56,0.028969
422.58,0.028966
422.6,0.028963
422.62,0.02896
422.64,0.028957
422.65,0.028955
422.67,0.028952
422.69,0.028949
422.71,0.028946
422.73,0.028943
422.74,0.02894
422.76,0.028937
422.78,0.028934
422.8,0.028931
422.82,0.028928
422.83,0.028925
422.85,0.028922
422.87,0.028918
422.89,0.028915
422.9,0.028912
422.92,0.028909
422.94,0.028906
422.96,0.028903
422.98,0.028899
422.99,0.028896
423.01,0.028893
423.03,0.02889
423.05,0.028886
423.07,0.028883
423.08,0.02888
423.1,0.028876
423.12,0.028873
423.14,0.02887
423.16,0.028866
423.17,0.028863
423.19,0.02886
423.21,0.028856
423.23,0.028853
423.24,0.02885
423.26,0.028846
423.28,0.028843
423.3,0.02884
423.32,0.028836
423.33,0.028833
423.35,0.02883
423.37,0.028826
423.39,0.028823
423.41,0.02882
423.42,0.028816
423.44,0.028813
423.46,0.02881
423.48,0.028807
423.5,0.028803
423.51,0.0288
423.53,0.028797
423.55,0.028794
423.57,0.028791
423.59,0.028787
423.6,0.028784
423.62,0.028781
423.64,0.028778
423.66,0.028775
423.67,0.028772
423.69,0.028769
423.71,0.028766
423.73,0.028763
423.75,0.02876
423.76,0.028757
423.78,0.028754
423.8,0.028751
423.82,0.028748
423.84,0.028745
423.85,0.028743
423.87,0.02874
423.89,0.028737
423.91,0.028734
423.93,0.028732
423.94,0.028729
423.96,0.028727
423.98,0.028724
424,0.028722
424.02,0.028719
424.03,0.028717
424.05,0.028715
424.07,0.028712
424.09,0.02871
424.11,0.028708
424.12,0.028706
424.14,0.028704
424.16,0.028702
424.18,0.0287
424.2,0.028698
424.21,0.028696
424.23,0.028695
424.25,0.028693
424.27,0.028691
424.29,0.02869
424.3,0.028688
424.32,0.028687
424.34,0.028685
424.36,0.028684
424.38,0.028683
424.39,0.028682
424.41,0.028681
424.43,0.02868
424.45,0.028679
424.47,0.028678
424.48,0.028677
424.5,0.028677
424.52,0.028676
424.54,0.028676
424.56,0.028675
424.57,0.028675
424.59,0.028675
424.61,0.028675
424.63,0.028675
424.65,0.028675
424.66,0.028675
424.68,0.028675
424.7,0.028676
424.72,0.028676
424.74,0.028677
424.75,0.028677
424.77,0.028678
424.79,0.028679
424.81,0.02868
424.83,0.028681
424.84,0.028683
424.86,0.028684
424.88,0.028685
424.9,0.028687
424.92,0.028689
424.94,0.028691
424.95,0.028693
424.97,0.028695
424.99,0.028697
425.01,0.028699
425.03,0.028702
425.04,0.028704
425.06,0.028707
425.08,0.02871
425.1,0.028713
425.12,0.028716
425.13,0.02872
425.15,0.028723
425.17,0.028727
425.19,0.028731
425.21,0.028735
425.22,0.028739
425.24,0.028743
425.26,0.028747
425.28,0.028752
425.3,0.028757
425.31,0.028761
425.33,0.028767
425.35,0.028772
425.37,0.028777
425.39,0.028783
425.41,0.028788
425.42,0.028794
425.44,0.028801
425.46,0.028807
425.48,0.028813
425.5,0.02882
425.51,0.028827
425.53,0.028834
425.55,0.028841
425.57,0.028848
425.59,0.028856
425.6,0.028864
425.62,0.028872
425.64,0.02888
425.66,0.028888
425.68,0.028897
425.69,0.028906
425.71,0.028915
425.73,0.028924
425.75,0.028934
425.77,0.028943
425.79,0.028953
425.8,0.028963
425.82,0.028974
425.84,0.028984
425.86,0.028995
425.88,0.029006
425.89,0.029017
425.91,0.029029
425.93,0.029041
425.95,0.029053
425.97,0.029065
425.99,0.029077
426,0.02909
426.02,0.029103
426.04,0.029116
426.06,0.02913
426.08,0.029144
426.09,0.029158
426.11,0.029172
426.13,0.029187
426.15,0.029201
426.17,0.029217
426.18,0.029232
426.2,0.029248
426.22,0.029263
426.24,0.02928
426.26,0.029296
426.28,0.029313
426.29,0.02933
426.31,0.029347
426.33,0.029365
426.35,0.029383
426.37,0.029401
426.38,0.02942
426.4,0.029439
426.42,0.029458
426.44,0.029478
426.46,0.029497
426.48,0.029518
426.49,0.029538
426.51,0.029559
426.53,0.02958
426.55,0.029601
426.57,0.029623
426.58,0.029645
426.6,0.029668
426.62,0.029691
426.64,0.029714
426.66,0.029737
426.68,0.029761
426.69,0.029785
426.71,0.02981
426.73,0.029835
426.75,0.02986
426.77,0.029886
426.79,0.029912
426.8,0.029938
426.82,0.029965
426.84,0.029992
426.86,0.03002
426.88,0.030048
426.89,0.030076
426.91,0.030105
426.93,0.030134
426.95,0.030163
426.97,0.030193
426.99,0.030223
427,0.030254
427.02,0.030285
427.04,0.030317
427.06,0.030349
427.08,0.030381
427.09,0.030414
427.11,0.030447
427.13,0.030481
427.15,0.030515
427.17,0.030549
427.19,0.030584
427.2,0.030619
427.22,0.030655
427.24,0.030692
427.26,0.030728
427.28,0.030765
427.3,0.030803
427.31,0.030841
427.33,0.03088
427.35,0.030919
427.37,0.030958
427.39,0.030998
427.41,0.031039
427.42,0.03108
427.44,0.031121
427.46,0.031163
427.48,0.031206
427.5,0.031249
427.51,0.031292
427.53,0.031336
427.55,0.03138
427.57,0.031425
427.59,0.031471
427.61,0.031517
427.62,0.031563
427.64,0.03161
427.66,0.031658
427.68,0.031706
427.7,0.031755
427.72,0.031804
427.73,0.031854
427.75,0.031904
427.77,0.031955
427.79,0.032006
427.81,0.032058
427.83,0.032111
427.84,0.032164
427.86,0.032217
427.88,0.032272
427.9,0.032326
427.92,0.032382
427.94,0.032438
427.95,0.032494
427.97,0.032552
427.99,0.032609
428.01,0.032668
428.03,0.032727
428.05,0.032786
428.06,0.032847
428.08,0.032907
428.1,0.032969
428.12,0.033031
428.14,0.033094
428.16,0.033157
428.17,0.033221
428.19,0.033286
428.21,0.033351
428.23,0.033417
428.25,0.033483
428.27,0.03355
428.28,0.033618
428.3,0.033687
428.32,0.033756
428.34,0.033826
428.36,0.033897
428.38,0.033968
428.39,0.03404
428.41,0.034113
428.43,0.034186
428.45,0.03426
428.47,0.034335
428.49,0.03441
428.5,0.034486
428.52,0.034563
428.54,0.034641
428.56,0.034719
428.58,0.034798
428.6,0.034878
428.61,0.034958
428.63,0.03504
428.65,0.035122
428.67,0.035204
428.69,0.035288
428.71,0.035372
428.72,0.035457
428.74,0.035543
428.76,0.03563
428.78,0.035717
428.8,0.035805
428.82,0.035894
428.83,0.035984
428.85,0.036074
428.87,0.036165
428.89,0.036258
428.91,0.03635
428.93,0.036444
428.95,0.036539
428.96,0.036634
428.98,0.03673
429,0.036827
429.02,0.036925
429.04,0.037024
429.06,0.037123
429.07,0.037224
429.09,0.037325
429.11,0.037427
429.13,0.03753
429.15,0.037634
429.17,0.037738
429.18,0.037844
429.2,0.03795
429.22,0.038057
429.24,0.038166
429.26,0.038275
429.28,0.038385
429.3,0.038495
429.31,0.038607
429.33,0.03872
429.35,0.038833
429.37,0.038948
429.39,0.039063
429.41,0.03918
429.42,0.039297
429.44,0.039415
429.46,0.039534
429.48,0.039654
429.5,0.039776
429.52,0.039898
429.53,0.040021
429.55,0.040144
429.57,0.040269
429.59,0.040395
429.61,0.040522
429.63,0.04065
429.65,0.040779
429.66,0.040909
429.68,0.041039
429.7,0.041171
429.72,0.041304
429.74,0.041438
429.76,0.041573
429.77,0.041708
429.79,0.041845
429.81,0.041983
429.83,0.042122
429.85,0.042262
429.87,0.042403
429.89,0.042545
429.9,0.042688
429.92,0.042832
429.94,0.042978
429.96,0.043124
429.98,0.043271
430,0.04342
430.02,0.043569
430.03,0.04372
430.05,0.043872
430.07,0.044024
430.09,0.044178
430.11,0.044333
430.13,0.044489
430.14,0.044646
430.16,0.044805
430.18,0.044964
430.2,0.045125
430.22,0.045286
430.24,0.045449
430.26,0.045613
430.27,0.045778
430.29,0.045945
430.31,0.046112
430.33,0.04628
430.35,0.04645
430.37,0.046621
430.39,0.046793
430.4,0.046966
430.42,0.047141
430.44,0.047316
430.46,0.047493
430.48,0.047671
430.5,0.04785
430.51,0.048031
430.53,0.048212
430.55,0.048395
430.57,0.048579
430.59,0.048764
430.61,0.048951
430.63,0.049138
430.64,0.049327
430.66,0.049518
430.68,0.049709
430.7,0.049902
430.72,0.050095
430.74,0.050291
430.76,0.050487
430.77,0.050685
430.79,0.050884
430.81,0.051084
430.83,0.051285
430.85,0.051488
430.87,0.051692
430.89,0.051898
430.9,0.052104
430.92,0.052312
430.94,0.052522
430.96,0.052732
430.98,0.052944
431,0.053157
431.02,0.053372
431.03,0.053588
431.05,0.053805
431.07,0.054023
431.09,0.054243
431.11,0.054464
431.13,0.054687
431.15,0.054911
431.16,0.055136
431.18,0.055363
431.2,0.055591
431.22,0.05582
431.24,0.056051
431.26,0.056283
431.28,0.056517
431.29,0.056751
431.31,0.056988
431.33,0.057225
431.35,0.057464
431.37,0.057705
431.39,0.057947
431.41,0.05819
431.42,0.058435
431.44,0.058681
431.46,0.058929
431.48,0.059177
431.5,0.059428
431.52,0.05968
431.54,0.059933
431.56,0.060188
431.57,0.060444
431.59,0.060702
431.61,0.060961
431.63,0.061221
431.65,0.061483
431.67,0.061747
431.69,0.062012
431.7,0.062278
431.72,0.062546
431.74,0.062815
431.76,0.063086
431.78,0.063358
431.8,0.063632
431.82,0.063908
431.83,0.064184
431.85,0.064463
431.87,0.064742
431.89,0.065024
431.91,0.065307
431.93,0.065591
431.95,0.065877
431.97,0.066164
431.98,0.066453
432,0.066744
432.02,0.067036
432.04,0.067329
432.06,0.067625
432.08,0.067921
432.1,0.068219
432.11,0.068519
432.13,0.06882
432.15,0.069123
432.17,0.069428
432.19,0.069734
432.21,0.070041
432.23,0.07035
432.25,0.070661
432.26,0.070973
432.28,0.071287
432.3,0.071603
432.32,0.07192
432.34,0.072238
432.36,0.072559
432.38,0.07288
432.4,0.073204
432.41,0.073529
432.43,0.073855
432.45,0.074184
432.47,0.074513
432.49,0.074845
432.51,0.075178
432.53,0.075513
432.54,0.075849
432.56,0.076187
432.58,0.076526
432.6,0.076868
432.62,0.07721
432.64,0.077555
432.66,0.077901
432.68,0.078249
432.69,0.078598
432.71,0.078949
432.73,0.079302
432.75,0.079656
432.77,0.080012
432.79,0.08037
432.81,0.080729
432.83,0.08109
432.84,0.081452
432.86,0.081817
432.88,0.082183
432.9,0.08255
432.92,0.082919
432.94,0.08329
432.96,0.083663
432.98,0.084037
432.99,0.084413
433.01,0.084791
433.03,0.08517
433.05,0.085551
433.07,0.085934
433.09,0.086318
433.11,0.086704
433.13,0.087092
433.14,0.087482
433.16,0.087873
433.18,0.088266
433.2,0.08866
433.22,0.089056
433.24,0.089454
433.26,0.089854
433.28,0.090255
433.29,0.090658
433.31,0.091063
433.33,0.09147
433.35,0.091878
433.37,0.092288
433.39,0.092699
433.41,0.093113
433.43,0.093528
433.44,0.093944
433.46,0.094363
433.48,0.094783
433.5,0.095205
433.52,0.095629
433.54,0.096054
433.56,0.096481
433.58,0.09691
433.59,0.09734
433.61,0.097772
433.63,0.098206
433.65,0.098642
433.67,0.099079
433.69,0.099518
433.71,0.099959
433.73,0.1004
433.75,0.10085
433.76,0.10129
433.78,0.10174
433.8,0.10219
433.82,0.10264
433.84,0.10309
433.86,0.10355
433.88,0.104
433.9,0.10446
433.91,0.10492
433.93,0.10538
433.95,0.10585
433.97,0.10631
433.99,0.10678
434.01,0.10725
434.03,0.10772
434.05,0.10819
434.07,0.10866
434.08,0.10914
434.1,0.10962
434.12,0.1101
434.14,0.11058
434.16,0.11106
434.18,0.11154
434.2,0.11203
434.22,0.11252
434.24,0.113
434.25,0.1135
434.27,0.11399
434.29,0.11448
434.31,0.11498
434.33,0.11548
434.35,0.11598
434.37,0.11648
434.39,0.11698
434.4,0.11749
434.42,0.11799
434.44,0.1185
434.46,0.11901
434.48,0.11952
434.5,0.12003
434.52,0.12055
434.54,0.12107
434.56,0.12158
434.57,0.1221
434.59,0.12263
434.61,0.12315
434.63,0.12368
434.65,0.1242
434.67,0.12473
434.69,0.12526
434.71,0.12579
434.73,0.12633
434.74,0.12686
434.76,0.1274
434.78,0.12794
434.8,0.12848
434.82,0.12902
434.84,0.12956
434.86,0.13011
434.88,0.13066
434.9,0.13121
434.91,0.13176
434.93,0.13231
434.95,0.13286
434.97,0.13342
434.99,0.13397
435.01,0.13453
435.03,0.13509
435.05,0.13566
435.07,0.13622
435.09,0.13679
435.1,0.13735
435.12,0.13792
435.14,0.13849
435.16,0.13906
435.18,0.13964
435.2,0.14021
435.22,0.14079
435.24,0.14137
435.26,0.14195
435.27,0.14253
435.29,0.14311
435.31,0.1437
435.33,0.14428
435.35,0.14487
435.37,0.14546
435.39,0.14605
435.41,0.14665
435.43,0.14724
435.45,0.14784
435.46,0.14843
435.48,0.14903
435.5,0.14963
435.52,0.15024
435.54,0.15084
435.56,0.15145
435.58,0.15205
435.6,0.15266
435.62,0.15327
435.63,0.15388
435.65,0.1545
435.67,0.15511
435.69,0.15573
435.71,0.15635
435.73,0.15697
435.75,0.15759
435.77,0.15821
435.79,0.15883
435.81,0.15946
435.82,0.16009
435.84,0.16071
435.86,0.16134
435.88,0.16197
435.9,0.16261
435.92,0.16324
435.94,0.16388
435.96,0.16452
435.98,0.16515
436,0.16579
436.01,0.16644
436.03,0.16708
436.05,0.16772
436.07,0.16837
436.09,0.16902
436.11,0.16967
436.13,0.17032
436.15,0.17097
436.17,0.17162
436.19,0.17228
436.21,0.17293
436.22,0.17359
436.24,0.17425
436.26,0.17491
436.28,0.17557
436.3,0.17623
436.32,0.1769
436.34,0.17756
436.36,0.17823
436.38,0.1789
436.4,0.17957
436.41,0.18024
436.43,0.18091
436.45,0.18158
436.47,0.18226
436.49,0.18293
436.51,0.18361
436.53,0.18429
436.55,0.18497
436.57,0.18565
436.59,0.18633
436.6,0.18702
436.62,0.1877
436.64,0.18839
436.66,0.18908
436.68,0.18977
436.7,0.19046
436.72,0.19115
436.74,0.19184
436.76,0.19253
436.78,0.19323
436.8,0.19392
436.81,0.19462
436.83,0.19532
436.85,0.19602
436.87,0.19672
436.89,0.19742
436.91,0.19813
436.93,0.19883
436.95,0.19954
436.97,0.20024
436.99,0.20095
437.01,0.20166
437.02,0.20237
437.04,0.20308
437.06,0.20379
437.08,0.20451
437.1,0.20522
437.12,0.20594
437.14,0.20665
437.16,0.20737
437.18,0.20809
437.2,0.20881
437.22,0.20953
437.23,0.21025
437.25,0.21097
437.27,0.2117
437.29,0.21242
437.31,0.21315
437.33,0.21387
437.35,0.2146
437.37,0.21533
437.39,0.21606
437.41,0.21679
437.43,0.21752
437.45,0.21825
437.46,0.21899
437.48,0.21972
437.5,0.22046
437.52,0.22119
437.54,0.22193
437.56,0.22267
437.58,0.22341
437.6,0.22415
437.62,0.22489
437.64,0.22563
437.66,0.22637
437.68,0.22711
437.69,0.22786
437.71,0.2286
437.73,0.22935
437.75,0.23009
437.77,0.23084
437.79,0.23159
437.81,0.23234
437.83,0.23309
437.85,0.23384
437.87,0.23459
437.89,0.23534
437.91,0.23609
437.92,0.23684
437.94,0.2376
437.96,0.23835
437.98,0.23911
438,0.23986
438.02,0.24062
438.04,0.24138
438.06,0.24214
438.08,0.24289
438.1,0.24365
438.12,0.24441
438.14,0.24517
438.15,0.24593
438.17,0.24669
438.19,0.24746
438.21,0.24822
438.23,0.24898
438.25,0.24975
438.27,0.25051
438.29,0.25128
438.31,0.25204
438.33,0.25281
438.35,0.25357
438.37,0.25434
438.38,0.25511
438.4,0.25588
438.42,0.25664
438.44,0.25741
438.46,0.25818
438.48,0.25895
438.5,0.25972
438.52,0.26049
438.54,0.26126
438.56,0.26203
438.58,0.26281
438.6,0.26358
438.62,0.26435
438.63,0.26512
438.65,0.2659
438.67,0.26667
438.69,0.26744
438.71,0.26822
438.73,0.26899
438.75,0.26977
438.77,0.27054
438.79,0.27132
438.81,0.27209
438.83,0.27287
438.85,0.27364
438.87,0.27442
438.89,0.27519
438.9,0.27597
438.92,0.27675
438.94,0.27753
438.96,0.2783
438.98,0.27908
439,0.27986
439.02,0.28063
439.04,0.28141
439.06,0.28219
439.08,0.28297
439.1,0.28375
439.12,0.28452
439.14,0.2853
439.16,0.28608
439.17,0.28686
439.19,0.28764
439.21,0.28842
439.23,0.28919
439.25,0.28997
439.27,0.29075
439.29,0.29153
439.31,0.29231
439.33,0.29309
439.35,0.29386
439.37,0.29464
439.39,0.29542
439.41,0.2962
439.43,0.29698
439.44,0.29776
439.46,0.29853
439.48,0.29931
439.5,0.30009
439.52,0.30087
439.54,0.30164
439.56,0.30242
439.58,0.3032
439.6,0.30397
439.62,0.30475
439.64,0.30553
439.66,0.3063
439.68,0.30708
439.7,0.30786
439.72,0.30863
439.73,0.30941
439.75,0.31018
439.77,0.31096
439.79,0.31173
439.81,0.3125
439.83,0.31328
439.85,0.31405
439.87,0.31483
439.89,0.3156
439.91,0.31637
439.93,0.31714
439.95,0.31791
439.97,0.31869
439.99,0.31946
440.01,0.32023
440.02,0.321
440.04,0.32177
440.06,0.32254
440.08,0.3233
440.1,0.32407
440.12,0.32484
440.14,0.32561
440.16,0.32637
440.18,0.32714
440.2,0.32791
440.22,0.32867
440.24,0.32944
440.26,0.3302
440.28,0.33096
440.3,0.33173
440.32,0.33249
440.33,0.33325
440.35,0.33401
440.37,0.33477
440.39,0.33553
440.41,0.33629
440.43,0.33705
440.45,0.33781
440.47,0.33856
440.49,0.33932
440.51,0.34008
440.53,0.34083
440.55,0.34159
440.57,0.34234
440.59,0.34309
440.61,0.34384
440.63,0.3446
440.65,0.34535
440.66,0.3461
440.68,0.34684
440.7,0.34759
440.72,0.34834
440.74,0.34909
440.76,0.34983
440.78,0.35058
440.8,0.35132
440.82,0.35206
440.84,0.3528
440.86,0.35355
440.88,0.35429
440.9,0.35503
440.92,0.35576
440.94,0.3565
440.96,0.35724
440.98,0.35797
440.99,0.35871
441.01,0.35944
441.03,0.36017
441.05,0.3609
441.07,0.36163
441.09,0.36236
441.11,0.36309
441.13,0.36382
441.15,0.36455
441.17,0.36527
441.19,0.366
441.21,0.36672
441.23,0.36744
441.25,0.36816
441.27,0.36888
441.29,0.3696
441.31,0.37032
441.33,0.37103
441.35,0.37175
441.36,0.37246
441.38,0.37317
441.4,0.37388
441.42,0.37459
441.44,0.3753
441.46,0.37601
441.48,0.37672
441.5,0.37742
441.52,0.37812
441.54,0.37883
441.56,0.37953
441.58,0.38023
441.6,0.38093
441.62,0.38162
441.64,0.38232
441.66,0.38301
441.68,0.38371
441.7,0.3844
441.72,0.38509
441.74,0.38578
441.75,0.38647
441.77,0.38715
441.79,0.38784
441.81,0.38852
441.83,0.3892
441.85,0.38988
441.87,0.39056
441.89,0.39124
441.91,0.39191
441.93,0.39259
441.95,0.39326
441.97,0.39393
441.99,0.3946
442.01,0.39527
442.03,0.39594
442.05,0.3966
442.07,0.39727
442.09,0.39793
442.11,0.39859
442.13,0.39925
442.15,0.3999
442.16,0.40056
442.18,0.40121
442.2,0.40187
442.22,0.40252
442.24,0.40317
442.26,0.40381
442.28,0.40446
442.3,0.4051
442.32,0.40574
442.34,0.40639
442.36,0.40702
442.38,0.40766
442.4,0.4083
442.42,0.40893
442.44,0.40956
442.46,0.41019
442.48,0.41082
442.5,0.41145
442.52,0.41207
442.54,0.41269
442.56,0.41331
442.58,0.41393
442.6,0.41455
442.61,0.41517
442.63,0.41578
442.65,0.41639
442.67,0.417
442.69,0.41761
442.71,0.41821
442.73,0.41882
442.75,0.41942
442.77,0.42002
442.79,0.42062
442.81,0.42121
442.83,0.42181
442.85,0.4224
442.87,0.42299
442.89,0.42358
442.91,0.42416
442.93,0.42475
442.95,0.42533
442.97,0.42591
442.99,0.42649
443.01,0.42707
443.03,0.42764
443.05,0.42821
443.07,0.42878
443.09,0.42935
443.11,0.42992
443.12,0.43048
443.14,0.43104
443.16,0.4316
443.18,0.43216
443.2,0.43271
443.22,0.43326
443.24,0.43382
443.26,0.43436
443.28,0.43491
443.3,0.43545
443.32,0.436
443.34,0.43654
443.36,0.43707
443.38,0.43761
443.4,0.43814
443.42,0.43867
443.44,0.4392
443.46,0.43973
443.48,0.44025
443.5,0.44077
443.52,0.44129
443.54,0.44181
443.56,0.44233
443.58,0.44284
443.6,0.44335
443.62,0.44386
443.64,0.44436
443.66,0.44487
443.68,0.44537
443.7,0.44586
443.71,0.44636
443.73,0.44685
443.75,0.44735
443.77,0.44784
443.79,0.44832
443.81,0.44881
443.83,0.44929
443.85,0.44977
443.87,0.45024
443.89,0.45072
443.91,0.45119
443.93,0.45166
443.95,0.45213
443.97,0.45259
443.99,0.45305
444.01,0.45351
444.03,0.45397
444.05,0.45442
444.07,0.45488
444.09,0.45533
444.11,0.45577
444.13,0.45622
444.15,0.45666
444.17,0.4571
444.19,0.45753
444.21,0.45797
444.23,0.4584
444.25,0.45883
444.27,0.45925
444.29,0.45968
444.31,0.4601
444.33,0.46052
444.35,0.46093
444.37,0.46135
444.39,0.46176
444.4,0.46216
444.42,0.46257
444.44,0.46297
444.46,0.46337
444.48,0.46377
444.5,0.46416
444.52,0.46456
444.54,0.46494
444.56,0.46533
444.58,0.46571
444.6,0.4661
444.62,0.46647
444.64,0.46685
444.66,0.46722
444.68,0.46759
444.7,0.46796
444.72,0.46832
444.74,0.46868
444.76,0.46904
444.78,0.4694
444.8,0.46975
444.82,0.4701
444.84,0.47045
444.86,0.47079
444.88,0.47114
444.9,0.47148
444.92,0.47181
444.94,0.47214
444.96,0.47248
444.98,0.4728
445,0.47313
445.02,0.47345
445.04,0.47377
445.06,0.47408
445.08,0.4744
445.1,0.47471
445.12,0.47502
445.14,0.47532
445.16,0.47562
445.18,0.47592
445.2,0.47622
445.22,0.47651
445.24,0.4768
445.26,0.47709
445.28,0.47737
445.3,0.47765
445.32,0.47793
445.34,0.4782
445.35,0.47848
445.37,0.47874
445.39,0.47901
445.41,0.47927
445.43,0.47953
445.45,0.47979
445.47,0.48004
445.49,0.4803
445.51,0.48054
445.53,0.48079
445.55,0.48103
445.57,0.48127
445.59,0.4815
445.61,0.48174
445.63,0.48197
445.65,0.48219
445.67,0.48242
445.69,0.48264
445.71,0.48285
445.73,0.48307
445.75,0.48328
445.77,0.48349
445.79,0.48369
445.81,0.4839
445.83,0.48409
445.85,0.48429
445.87,0.48448
445.89,0.48467
445.91,0.48486
445.93,0.48504
445.95,0.48522
445.97,0.4854
445.99,0.48557
446.01,0.48574
446.03,0.48591
446.05,0.48607
446.07,0.48623
446.09,0.48639
446.11,0.48655
446.13,0.4867
446.15,0.48685
446.17,0.48699
446.19,0.48713
446.21,0.48727
446.23,0.48741
446.25,0.48754
446.27,0.48767
446.29,0.4878
446.31,0.48792
446.33,0.48804
446.35,0.48815
446.37,0.48827
446.39,0.48838
446.41,0.48848
446.43,0.48859
446.45,0.48869
446.47,0.48878
446.49,0.48888
446.51,0.48897
446.53,0.48905
446.55,0.48914
446.57,0.48922
446.59,0.4893
446.61,0.48937
446.63,0.48944
446.65,0.48951
446.67,0.48957
446.69,0.48963
446.71,0.48969
446.73,0.48974
446.75,0.4898
446.77,0.48984
446.79,0.48989
446.81,0.48993
446.83,0.48997
446.85,0.49
446.87,0.49003
446.89,0.49006
446.91,0.49008
446.93,0.4901
446.95,0.49012
446.97,0.49014
446.99,0.49015
447.01,0.49016
447.03,0.49016
447.05,0.49016
447.07,0.49016
447.09,0.49015
447.11,0.49015
447.13,0.49013
447.15,0.49012
447.17,0.4901
447.19,0.49008
447.21,0.49005
447.23,0.49002
447.25,0.48999
447.27,0.48995
447.29,0.48992
447.31,0.48987
447.33,0.48983
447.35,0.48978
447.37,0.48973
447.39,0.48967
447.41,0.48961
447.43,0.48955
447.45,0.48948
447.47,0.48941
447.49,0.48934
447.51,0.48927
447.53,0.48919
447.55,0.4891
447.57,0.48902
447.59,0.48893
447.61,0.48884
447.63,0.48874
447.65,0.48864
447.67,0.48854
447.69,0.48843
447.71,0.48832
447.73,0.48821
447.75,0.48809
447.77,0.48797
447.79,0.48785
447.81,0.48772
447.83,0.48759
447.85,0.48746
447.87,0.48732
447.89,0.48718
447.91,0.48704
447.93,0.48689
447.95,0.48674
447.97,0.48659
447.99,0.48643
448.01,0.48627
448.03,0.48611
448.05,0.48594
448.07,0.48577
448.09,0.4856
448.11,0.48542
448.13,0.48524
448.15,0.48506
448.17,0.48487
448.19,0.48468
448.21,0.48449
448.23,0.48429
448.25,0.48409
448.27,0.48388
448.29,0.48368
448.31,0.48347
448.33,0.48325
448.35,0.48303
448.37,0.48281
448.39,0.48259
448.41,0.48236
448.43,0.48213
448.45,0.4819
448.47,0.48166
448.49,0.48142
448.51,0.48118
448.53,0.48093
448.55,0.48068
448.57,0.48042
448.59,0.48017
448.61,0.47991
448.63,0.47964
448.65,0.47937
448.67,0.4791
448.69,0.47883
448.71,0.47855
448.73,0.47827
448.75,0.47799
448.77,0.4777
448.79,0.47741
448.81,0.47712
448.83,0.47682
448.85,0.47652
448.87,0.47622
448.89,0.47591
448.91,0.4756
448.93,0.47529
448.95,0.47497
448.97,0.47465
448.99,0.47433
449.01,0.474
449.03,0.47367
449.05,0.47334
449.07,0.473
449.1,0.47266
449.12,0.47232
449.14,0.47197
449.16,0.47162
449.18,0.47127
449.2,0.47092
449.22,0.47056
449.24,0.4702
449.26,0.46983
449.28,0.46946
449.3,0.46909
449.32,0.46872
449.34,0.46834
449.36,0.46796
449.38,0.46757
449.4,0.46718
449.42,0.46679
449.44,0.4664
449.46,0.466
449.48,0.4656
449.5,0.4652
449.52,0.46479
449.54,0.46438
449.56,0.46397
449.58,0.46356
449.6,0.46314
449.62,0.46272
449.64,0.46229
449.66,0.46186
449.68,0.46143
449.7,0.461
449.72,0.46056
449.74,0.46012
449.76,0.45967
449.78,0.45923
449.8,0.45878
449.82,0.45833
449.84,0.45787
449.86,0.45741
449.88,0.45695
449.9,0.45648
449.92,0.45602
449.94,0.45555
449.96,0.45507
449.98,0.4546
450,0.45412
450.02,0.45363
450.05,0.45315
450.07,0.45266
450.09,0.45217
450.11,0.45167
450.13,0.45117
450.15,0.45067
450.17,0.45017
450.19,0.44966
450.21,0.44916
450.23,0.44864
450.25,0.44813
450.27,0.44761
450.29,0.44709
450.31,0.44657
450.33,0.44604
450.35,0.44551
450.37,0.44498
450.39,0.44444
450.41,0.4439
450.43,0.44336
450.45,0.44282
450.47,0.44227
450.49,0.44173
450.51,0.44117
450.53,0.44062
450.55,0.44006
450.57,0.4395
450.59,0.43894
450.61,0.43837
450.63,0.4378
450.65,0.43723
450.67,0.43666
450.69,0.43608
450.71,0.4355
450.73,0.43492
450.76,0.43434
450.78,0.43375
450.8,0.43316
450.82,0.43257
450.84,0.43197
450.86,0.43138
450.88,0.43078
450.9,0.43017
450.92,0.42957
450.94,0.42896
450.96,0.42835
450.98,0.42774
451,0.42712
451.02,0.4265
451.04,0.42588
451.06,0.42526
451.08,0.42463
451.1,0.424
451.12,0.42337
451.14,0.42274
451.16,0.4221
451.18,0.42146
451.2,0.42082
451.22,0.42018
451.24,0.41954
451.26,0.41889
451.28,0.41824
451.3,0.41758
451.32,0.41693
451.35,0.41627
451.37,0.41561
451.39,0.41495
451.41,0.41429
451.43,0.41362
451.45,0.41295
451.47,0.41228
451.49,0.4116
451.51,0.41093
451.53,0.41025
451.55,0.40957
451.57,0.40889
451.59,0.4082
451.61,0.40752
451.63,0.40683
451.65,0.40613
451.67,0.40544
451.69,0.40474
451.71,0.40405
451.73,0.40335
451.75,0.40264
451.77,0.40194
451.79,0.40123
451.81,0.40052
451.83,0.39981
451.85,0.3991
451.88,0.39839
451.9,0.39767
451.92,0.39695
451.94,0.39623
451.96,0.39551
451.98,0.39478
452,0.39406
452.02,0.39333
452.04,0.3926
452.06,0.39186
452.08,0.39113
452.1,0.39039
452.12,0.38965
452.14,0.38891
452.16,0.38817
452.18,0.38743
452.2,0.38668
452.22,0.38593
452.24,0.38518
452.26,0.38443
452.28,0.38368
452.3,0.38293
452.32,0.38217
452.35,0.38141
452.37,0.38065
452.39,0.37989
452.41,0.37913
452.43,0.37836
452.45,0.37759
452.47,0.37682
452.49,0.37605
452.51,0.37528
452.53,0.37451
452.55,0.37373
452.57,0.37296
452.59,0.37218
452.61,0.3714
452.63,0.37062
452.65,0.36983
452.67,0.36905
452.69,0.36826
452.71,0.36748
452.73,0.36669
452.76,0.3659
452.78,0.36511
452.8,0.36431
452.82,0.36352
452.84,0.36272
452.86,0.36192
452.88,0.36113
452.9,0.36032
452.92,0.35952
452.94,0.35872
452.96,0.35792
452.98,0.35711
453,0.3563
453.02,0.3555
453.04,0.35469
453.06,0.35387
453.08,0.35306
453.1,0.35225
453.12,0.35144
453.14,0.35062
453.17,0.3498
453.19,0.34898
453.21,0.34817
453.23,0.34735
453.25,0.34652
453.27,0.3457
453.29,0.34488
453.31,0.34405
453.33,0.34323
453.35,0.3424
453.37,0.34157
453.39,0.34074
453.41,0.33991
453.43,0.33908
453.45,0.33825
453.47,0.33742
453.49,0.33659
453.51,0.33575
453.54,0.33492
453.56,0.33408
453.58,0.33324
453.6,0.3324
453.62,0.33157
453.64,0.33073
453.66,0.32988
453.68,0.32904
453.7,0.3282
453.72,0.32736
453.74,0.32651
453.76,0.32567
453.78,0.32482
453.8,0.32398
453.82,0.32313
453.84,0.32228
453.86,0.32144
453.89,0.32059
453.91,0.31974
453.93,0.31889
453.95,0.31804
453.97,0.31719
453.99,0.31633
454.01,0.31548
454.03,0.31463
454.05,0.31378
454.07,0.31292
454.09,0.31207
454.11,0.31121
454.13,0.31036
454.15,0.3095
454.17,0.30864
454.19,0.30779
454.22,0.30693
454.24,0.30607
454.26,0.30521
454.28,0.30436
454.3,0.3035
454.32,0.30264
454.34,0.30178
454.36,0.30092
454.38,0.30006
454.4,0.2992
454.42,0.29834
454.44,0.29748
454.46,0.29662
454.48,0.29575
454.5,0.29489
454.52,0.29403
454.55,0.29317
454.57,0.29231
454.59,0.29144
454.61,0.29058
454.63,0.28972
454.65,0.28886
454.67,0.28799
454.69,0.28713
454.71,0.28627
454.73,0.28541
454.75,0.28454
454.77,0.28368
454.79,0.28282
454.81,0.28195
454.83,0.28109
454.86,0.28023
454.88,0.27937
454.9,0.2785
454.92,0.27764
454.94,0.27678
454.96,0.27591
454.98,0.27505
455,0.27419
455.02,0.27333
455.04,0.27247
455.06,0.2716
455.08,0.27074
455.1,0.26988
455.12,0.26902
455.15,0.26816
455.17,0.2673
455.19,0.26644
455.21,0.26558
455.23,0.26472
455.25,0.26386
455.27,0.263
455.29,0.26214
455.31,0.26128
455.33,0.26042
455.35,0.25956
455.37,0.25871
455.39,0.25785
455.41,0.25699
455.44,0.25614
455.46,0.25528
455.48,0.25442
455.5,0.25357
455.52,0.25271
455.54,0.25186
455.56,0.25101
455.58,0.25015
455.6,0.2493
455.62,0.24845
455.64,0.2476
455.66,0.24675
455.68,0.2459
455.71,0.24505
455.73,0.2442
455.75,0.24335
455.77,0.2425
455.79,0.24166
455.81,0.24081
455.83,0.23996
455.85,0.23912
455.87,0.23827
455.89,0.23743
455.91,0.23659
455.93,0.23574
455.95,0.2349
455.98,0.23406
456,0.23322
456.02,0.23238
456.04,0.23154
456.06,0.23071
456.08,0.22987
456.1,0.22903
456.12,0.2282
456.14,0.22736
456.16,0.22653
456.18,0.2257
456.2,0.22487
456.23,0.22404
456.25,0.22321
456.27,0.22238
456.29,0.22155
456.31,0.22072
456.33,0.2199
456.35,0.21907
456.37,0.21825
456.39,0.21742
456.41,0.2166
456.43,0.21578
456.45,0.21496
456.48,0.21414
456.5,0.21332
456.52,0.21251
456.54,0.21169
456.56,0.21087
456.58,0.21006
456.6,0.20925
456.62,0.20844
456.64,0.20763
456.66,0.20682
456.68,0.20601
456.7,0.2052
456.73,0.2044
456.75,0.20359
456.77,0.20279
456.79,0.20199
456.81,0.20118
456.83,0.20038
456.85,0.19959
456.87,0.19879
456.89,0.19799
456.91,0.1972
456.93,0.1964
456.95,0.19561
456.98,0.19482
457,0.19403
457.02,0.19324
457.04,0.19245
457.06,0.19167
457.08,0.19088
457.1,0.1901
457.12,0.18932
457.14,0.18854
457.16,0.18776
457.18,0.18698
457.21,0.1862
457.23,0.18543
457.25,0.18466
457.27,0.18388
457.29,0.18311
457.31,0.18234
457.33,0.18157
457.35,0.18081
457.37,0.18004
457.39,0.17928
457.41,0.17852
457.44,0.17776
457.46,0.177
457.48,0.17624
457.5,0.17548
457.52,0.17473
457.54,0.17398
457.56,0.17322
457.58,0.17247
457.6,0.17173
457.62,0.17098
457.64,0.17023
457.67,0.16949
457.69,0.16875
457.71,0.16801
457.73,0.16727
457.75,0.16653
457.77,0.16579
457.79,0.16506
457.81,0.16433
457.83,0.16359
457.85,0.16286
457.88,0.16214
457.9,0.16141
457.92,0.16069
457.94,0.15996
457.96,0.15924
457.98,0.15852
458,0.1578
458.02,0.15709
458.04,0.15637
458.06,0.15566
458.09,0.15495
458.11,0.15424
458.13,0.15353
458.15,0.15282
458.17,0.15212
458.19,0.15142
458.21,0.15072
458.23,0.15002
458.25,0.14932
458.27,0.14862
458.3,0.14793
458.32,0.14724
458.34,0.14655
458.36,0.14586
458.38,0.14517
458.4,0.14448
458.42,0.1438
458.44,0.14312
458.46,0.14244
458.48,0.14176
458.51,0.14108
458.53,0.14041
458.55,0.13974
458.57,0.13907
458.59,0.1384
458.61,0.13773
458.63,0.13706
458.65,0.1364
458.67,0.13574
458.69,0.13508
458.72,0.13442
458.74,0.13376
458.76,0.13311
458.78,0.13246
458.8,0.13181
458.82,0.13116
458.84,0.13051
458.86,0.12987
458.88,0.12922
458.91,0.12858
458.93,0.12794
458.95,0.1273
458.97,0.12667
458.99,0.12603
459.01,0.1254
459.03,0.12477
459.05,0.12414
459.07,0.12352
459.09,0.12289
459.12,0.12227
459.14,0.12165
459.16,0.12103
459.18,0.12042
459.2,0.1198
459.22,0.11919
459.24,0.11858
459.26,0.11797
459.28,0.11736
459.31,0.11676
459.33,0.11615
459.35,0.11555
459.37,0.11495
459.39,0.11435
459.41,0.11376
459.43,0.11316
459.45,0.11257
459.47,0.11198
459.5,0.1114
459.52,0.11081
459.54,0.11023
459.56,0.10964
459.58,0.10906
459.6,0.10849
459.62,0.10791
459.64,0.10734
459.66,0.10676
459.69,0.10619
459.71,0.10563
459.73,0.10506
459.75,0.10449
459.77,0.10393
459.79,0.10337
459.81,0.10281
459.83,0.10226
459.85,0.1017
459.88,0.10115
459.9,0.1006
459.92,0.10005
459.94,0.099503
459.96,0.098958
459.98,0.098416
460,0.097875
460.02,0.097336
460.05,0.096799
460.07,0.096264
460.09,0.095731
460.11,0.0952
460.13,0.094671
460.15,0.094144
460.17,0.093619
460.19,0.093095
460.21,0.092574
460.24,0.092055
460.26,0.091538
460.28,0.091022
460.3,0.090509
460.32,0.089997
460.34,0.089488
460.36,0.08898
460.38,0.088475
460.41,0.087971
460.43,0.08747
460.45,0.08697
460.47,0.086472
460.49,0.085976
460.51,0.085483
460.53,0.084991
460.55,0.084501
460.57,0.084013
460.6,0.083527
460.62,0.083043
460.64,0.082561
460.66,0.08208
460.68,0.081602
460.7,0.081126
460.72,0.080651
460.74,0.080179
460.77,0.079708
460.79,0.07924
460.81,0.078773
460.83,0.078308
460.85,0.077846
460.87,0.077385
460.89,0.076926
460.91,0.076469
460.94,0.076014
460.96,0.07556
460.98,0.075109
461,0.07466
461.02,0.074212
461.04,0.073767
461.06,0.073323
461.08,0.072881
461.11,0.072441
461.13,0.072003
461.15,0.071567
461.17,0.071133
461.19,0.070701
461.21,0.070271
461.23,0.069842
461.25,0.069415
461.28,0.068991
461.3,0.068568
461.32,0.068147
461.34,0.067728
461.36,0.067311
461.38,0.066895
461.4,0.066482
461.42,0.06607
461.45,0.06566
461.47,0.065252
461.49,0.064846
461.51,0.064442
461.53,0.064039
461.55,0.063639
461.57,0.06324
461.6,0.062843
461.62,0.062448
461.64,0.062055
461.66,0.061664
461.68,0.061274
461.7,0.060886
461.72,0.0605
461.74,0.060116
461.77,0.059734
461.79,0.059353
461.81,0.058975
461.83,0.058598
461.85,0.058222
461.87,0.057849
461.89,0.057478
461.92,0.057108
461.94,0.05674
461.96,0.056374
461.98,0.056009
462,0.055646
462.02,0.055285
462.04,0.054926
462.06,0.054569
462.09,0.054213
462.11,0.053859
462.13,0.053507
462.15,0.053157
462.17,0.052808
462.19,0.052461
462.21,0.052116
462.24,0.051772
462.26,0.05143
462.28,0.05109
462.3,0.050752
462.32,0.050415
462.34,0.05008
462.36,0.049747
462.38,0.049416
462.41,0.049086
462.43,0.048757
462.45,0.048431
462.47,0.048106
462.49,0.047783
462.51,0.047461
462.53,0.047141
462.56,0.046823
462.58,0.046507
462.6,0.046192
462.62,0.045879
462.64,0.045567
462.66,0.045257
462.68,0.044949
462.71,0.044642
462.73,0.044337
462.75,0.044033
462.77,0.043731
462.79,0.043431
462.81,0.043132
462.83,0.042835
462.86,0.04254
462.88,0.042246
462.9,0.041954
462.92,0.041663
462.94,0.041374
462.96,0.041086
462.98,0.0408
463.01,0.040516
463.03,0.040233
463.05,0.039951
463.07,0.039672
463.09,0.039393
463.11,0.039117
463.13,0.038841
463.16,0.038568
463.18,0.038295
463.2,0.038025
463.22,0.037756
463.24,0.037488
463.26,0.037222
463.28,0.036957
463.31,0.036694
463.33,0.036432
463.35,0.036172
463.37,0.035913
463.39,0.035656
463.41,0.0354
463.43,0.035146
463.46,0.034893
463.48,0.034642
463.5,0.034392
463.52,0.034143
463.54,0.033896
463.56,0.03365
463.59,0.033406
463.61,0.033163
463.63,0.032922
463.65,0.032682
463.67,0.032443
463.69,0.032206
463.71,0.03197
463.74,0.031735
463.76,0.031502
463.78,0.031271
463.8,0.03104
463.82,0.030811
463.84,0.030584
463.86,0.030357
463.89,0.030132
463.91,0.029909
463.93,0.029687
463.95,0.029466
463.97,0.029246
463.99,0.029028
464.02,0.028811
464.04,0.028595
464.06,0.028381
464.08,0.028168
464.1,0.027957
464.12,0.027746
464.14,0.027537
464.17,0.027329
464.19,0.027123
464.21,0.026917
464.23,0.026713
464.25,0.026511
464.27,0.026309
464.3,0.026109
464.32,0.02591
464.34,0.025712
464.36,0.025515
464.38,0.02532
464.4,0.025126
464.43,0.024933
464.45,0.024742
464.47,0.024551
464.49,0.024362
464.51,0.024174
464.53,0.023987
464.55,0.023801
464.58,0.023617
464.6,0.023434
464.62,0.023251
464.64,0.023071
464.66,0.022891
464.68,0.022712
464.71,0.022535
464.73,0.022358
464.75,0.022183
464.77,0.022009
464.79,0.021836
464.81,0.021664
464.84,0.021494
464.86,0.021324
464.88,0.021155
464.9,0.020988
464.92,0.020822
464.94,0.020657
464.96,0.020493
464.99,0.02033
465.01,0.020168
465.03,0.020007
465.05,0.019847
465.07,0.019688
465.09,0.019531
465.12,0.019374
465.14,0.019218
465.16,0.019064
465.18,0.01891
465.2,0.018758
465.22,0.018607
465.25,0.018456
465.27,0.018307
465.29,0.018158
465.31,0.018011
465.33,0.017865
465.35,0.017719
465.38,0.017575
465.4,0.017432
465.42,0.017289
465.44,0.017148
465.46,0.017007
465.48,0.016868
465.51,0.016729
465.53,0.016592
465.55,0.016455
465.57,0.016319
465.59,0.016185
465.61,0.016051
465.64,0.015918
465.66,0.015786
465.68,0.015655
465.7,0.015525
465.72,0.015396
465.74,0.015268
465.77,0.01514
465.79,0.015014
465.81,0.014888
465.83,0.014764
465.85,0.01464
465.87,0.014517
465.9,0.014395
465.92,0.014274
465.94,0.014154
465.96,0.014034
465.98,0.013916
466,0.013798
466.03,0.013681
466.05,0.013565
466.07,0.01345
466.09,0.013335
466.11,0.013222
466.14,0.013109
466.16,0.012997
466.18,0.012886
466.2,0.012776
466.22,0.012666
466.24,0.012558
466.27,0.01245
466.29,0.012343
466.31,0.012237
466.33,0.012131
466.35,0.012026
466.37,0.011922
466.4,0.011819
466.42,0.011717
466.44,0.011615
466.46,0.011514
466.48,0.011414
466.5,0.011315
466.53,0.011216
466.55,0.011118
466.57,0.011021
466.59,0.010925
466.61,0.010829
466.64,0.010734
466.66,0.01064
466.68,0.010546
466.7,0.010453
466.72,0.010361
466.74,0.01027
466.77,0.010179
466.79,0.010089
466.81,0.0099994
466.83,0.0099107
466.85,0.0098227
466.88,0.0097354
466.9,0.0096487
466.92,0.0095627
466.94,0.0094774
466.96,0.0093927
466.98,0.0093087
467.01,0.0092253
467.03,0.0091426
467.05,0.0090605
467.07,0.008979
467.09,0.0088982
467.12,0.0088181
467.14,0.0087385
467.16,0.0086596
467.18,0.0085813
467.2,0.0085036
467.22,0.0084265
467.25,0.0083501
467.27,0.0082742
467.29,0.0081989
467.31,0.0081242
467.33,0.0080502
467.36,0.0079767
467.38,0.0079038
467.4,0.0078314
467.42,0.0077597
467.44,0.0076885
467.46,0.0076179
467.49,0.0075479
467.51,0.0074784
467.53,0.0074095
467.55,0.0073411
467.57,0.0072733
467.6,0.007206
467.62,0.0071393
467.64,0.0070731
467.66,0.0070075
467.68,0.0069424
467.7,0.0068778
467.73,0.0068137
467.75,0.0067502
467.77,0.0066872
467.79,0.0066247
467.81,0.0065627
467.84,0.0065012
467.86,0.0064403
467.88,0.0063798
467.9,0.0063198
467.92,0.0062604
467.95,0.0062014
467.97,0.0061429
467.99,0.0060849
468.01,0.0060274
468.03,0.0059703
468.06,0.0059137
468.08,0.0058576
468.1,0.005802
468.12,0.0057468
468.14,0.0056921
468.16,0.0056379
468.19,0.0055841
468.21,0.0055308
468.23,0.0054779
468.25,0.0054254
468.27,0.0053734
468.3,0.0053219
468.32,0.0052708
468.34,0.0052201
468.36,0.0051698
468.38,0.00512
468.41,0.0050706
468.43,0.0050216
468.45,0.004973
468.47,0.0049249
468.49,0.0048772
468.52,0.0048298
468.54,0.0047829
468.56,0.0047364
468.58,0.0046903
468.6,0.0046446
468.63,0.0045992
468.65,0.0045543
468.67,0.0045098
468.69,0.0044656
468.71,0.0044219
468.74,0.0043785
468.76,0.0043355
468.78,0.0042928
468.8,0.0042506
468.82,0.0042087
468.85,0.0041672
468.87,0.004126
468.89,0.0040852
468.91,0.0040448
468.93,0.0040047
468.96,0.0039649
468.98,0.0039256
469,0.0038865
469.02,0.0038479
469.04,0.0038095
469.07,0.0037715
469.09,0.0037339
469.11,0.0036965
469.13,0.0036595
469.15,0.0036229
469.18,0.0035865
469.2,0.0035505
469.22,0.0035149
469.24,0.0034795
469.26,0.0034444
469.29,0.0034097
469.31,0.0033753
469.33,0.0033412
469.35,0.0033074
469.37,0.0032739
469.4,0.0032407
469.42,0.0032078
469.44,0.0031752
469.46,0.0031429
469.48,0.0031109
469.51,0.0030792
469.53,0.0030478
469.55,0.0030167
469.57,0.0029858
469.59,0.0029553
469.62,0.002925
469.64,0.002895
469.66,0.0028653
469.68,0.0028358
469.7,0.0028066
469.73,0.0027777
469.75,0.0027491
469.77,0.0027207
469.79,0.0026926
469.81,0.0026647
469.84,0.0026371
469.86,0.0026098
469.88,0.0025827
469.9,0.0025559
469.92,0.0025293
469.95,0.002503
469.97,0.0024769
469.99,0.0024511
470.01,0.0024255
470.04,0.0024001
470.06,0.002375
470.08,0.0023501
470.1,0.0023255
470.12,0.0023011
470.15,0.0022769
470.17,0.0022529
470.19,0.0022292
470.21,0.0022057
470.23,0.0021825
470.26,0.0021594
470.28,0.0021366
470.3,0.002114
470.32,0.0020916
470.34,0.0020694
470.37,0.0020474
470.39,0.0020257
470.41,0.0020041
470.43,0.0019828
470.46,0.0019616
470.48,0.0019407
470.5,0.00192
470.52,0.0018994
470.54,0.0018791
470.57,0.001859
470.59,0.001839
470.61,0.0018193
470.63,0.0017997
470.65,0.0017804
470.68,0.0017612
470.7,0.0017422
470.72,0.0017234
470.74,0.0017048
470.77,0.0016864
470.79,0.0016681
470.81,0.0016501
470.83,0.0016322
470.85,0.0016144
470.88,0.0015969
470.9,0.0015795
470.92,0.0015623
470.94,0.0015453
470.97,0.0015284
470.99,0.0015117
471.01,0.0014952
471.03,0.0014789
471.05,0.0014627
471.08,0.0014466
471.1,0.0014307
471.12,0.001415
471.14,0.0013995
471.16,0.0013841
471.19,0.0013688
471.21,0.0013537
471.23,0.0013388
471.25,0.001324
471.28,0.0013093
471.3,0.0012948
471.32,0.0012805
471.34,0.0012663
471.36,0.0012522
471.39,0.0012383
471.41,0.0012245
471.43,0.0012109
471.45,0.0011974
471.48,0.001184
471.5,0.0011708
471.52,0.0011577
471.54,0.0011447
471.56,0.0011319
471.59,0.0011192
471.61,0.0011066
471.63,0.0010942
471.65,0.0010819
471.68,0.0010697
471.7,0.0010577
471.72,0.0010457
471.74,0.0010339
471.76,0.0010222
471.79,0.0010107
471.81,0.00099923
471.83,0.0009879
471.85,0.00097669
471.88,0.0009656
471.9,0.00095462
471.92,0.00094376
471.94,0.00093301
471.97,0.00092238
471.99,0.00091185
472.01,0.00090144
472.03,0.00089113
472.05,0.00088093
472.08,0.00087084
472.1,0.00086086
472.12,0.00085098
472.14,0.0008412
472.17,0.00083153
472.19,0.00082196
472.21,0.00081249
472.23,0.00080312
472.26,0.00079385
472.28,0.00078468
472.3,0.00077561
472.32,0.00076663
472.34,0.00075775
472.37,0.00074896
472.39,0.00074027
472.41,0.00073167
472.43,0.00072316
472.46,0.00071474
472.48,0.00070641
472.5,0.00069817
472.52,0.00069003
472.55,0.00068196
472.57,0.00067399
472.59,0.0006661
472.61,0.00065829
472.63,0.00065057
472.66,0.00064294
472.68,0.00063538
472.7,0.00062791
472.72,0.00062052
472.75,0.00061321
472.77,0.00060598
472.79,0.00059883
472.81,0.00059175
472.84,0.00058475
472.86,0.00057783
472.88,0.00057099
472.9,0.00056422
472.93,0.00055752
472.95,0.0005509
472.97,0.00054435
472.99,0.00053787
473.01,0.00053146
473.04,0.00052512
473.06,0.00051886
473.08,0.00051266
473.1,0.00050653
473.13,0.00050047
473.15,0.00049447
473.17,0.00048854
473.19,0.00048268
473.22,0.00047689
473.24,0.00047115
473.26,0.00046548
473.28,0.00045988
473.31,0.00045433
473.33,0.00044885
473.35,0.00044343
473.37,0.00043807
473.4,0.00043277
473.42,0.00042753
473.44,0.00042235
473.46,0.00041723
473.48,0.00041216
473.51,0.00040715
473.53,0.0004022
473.55,0.0003973
473.57,0.00039246
473.6,0.00038768
473.62,0.00038294
473.64,0.00037827
473.66,0.00037364
473.69,0.00036907
473.71,0.00036455
473.73,0.00036008
473.75,0.00035566
473.78,0.00035129
473.8,0.00034697
473.82,0.0003427
473.84,0.00033848
473.87,0.00033431
473.89,0.00033018
473.91,0.00032611
473.93,0.00032207
473.96,0.00031809
473.98,0.00031415
474,0.00031026
474.02,0.00030641
474.05,0.00030261
474.07,0.00029885
474.09,0.00029513
474.11,0.00029146
474.14,0.00028783
474.16,0.00028424
474.18,0.00028069
474.2,0.00027718
474.23,0.00027372
474.25,0.00027029
474.27,0.00026691
474.29,0.00026356
474.32,0.00026026
474.34,0.00025699
474.36,0.00025376
474.38,0.00025057
474.41,0.00024741
474.43,0.0002443
474.45,0.00024122
474.47,0.00023817
474.5,0.00023516
474.52,0.00023219
474.54,0.00022925
474.56,0.00022635
474.59,0.00022348
474.61,0.00022064
474.63,0.00021784
474.65,0.00021507
474.68,0.00021234
474.7,0.00020964
474.72,0.00020697
474.74,0.00020433
474.77,0.00020172
474.79,0.00019914
474.81,0.0001966
474.83,0.00019408
474.86,0.00019159
474.88,0.00018914
474.9,0.00018671
474.92,0.00018432
474.95,0.00018195
474.97,0.00017961
474.99,0.00017729
475.01,0.00017501
475.04,0.00017275
475.06,0.00017052
475.08,0.00016832
475.1,0.00016615
475.13,0.000164
475.15,0.00016187
475.17,0.00015978
475.19,0.0001577
475.22,0.00015566
475.24,0.00015363
475.26,0.00015164
475.29,0.00014966
475.31,0.00014771
475.33,0.00014579
475.35,0.00014389
475.38,0.00014201
475.4,0.00014015
475.42,0.00013832
475.44,0.00013651
475.47,0.00013472
475.49,0.00013295
475.51,0.00013121
475.53,0.00012949
475.56,0.00012778
475.58,0.0001261
475.6,0.00012444
475.62,0.0001228
475.65,0.00012118
475.67,0.00011958
475.69,0.000118
475.71,0.00011644
475.74,0.0001149
475.76,0.00011338
475.78,0.00011188
475.81,0.00011039
475.83,0.00010893
475.85,0.00010748
475.87,0.00010605
475.9,0.00010464
475.92,0.00010325
475.94,0.00010187
475.96,0.00010051
475.99,9.9171e-05
476.01,9.7846e-05
476.03,9.6537e-05
476.05,9.5245e-05
476.08,9.3969e-05
476.1,9.271e-05
476.12,9.1466e-05
476.15,9.0237e-05
476.17,8.9025e-05
476.19,8.7828e-05
476.21,8.6645e-05
476.24,8.5478e-05
476.26,8.4326e-05
476.28,8.3188e-05
476.3,8.2065e-05
476.33,8.0955e-05
476.35,7.986e-05
476.37,7.8779e-05
476.39,7.7712e-05
476.42,7.6659e-05
476.44,7.5618e-05
476.46,7.4591e-05
476.49,7.3578e-05
476.51,7.2577e-05
476.53,7.1589e-05
476.55,7.0614e-05
476.58,6.9651e-05
476.6,6.87e-05
476.62,6.7762e-05
476.64,6.6836e-05
476.67,6.5922e-05
476.69,6.5019e-05
476.71,6.4129e-05
476.74,6.3249e-05
476.76,6.2382e-05
476.78,6.1525e-05
476.8,6.0679e-05
476.83,5.9845e-05
476.85,5.9021e-05
476.87,5.8208e-05
476.89,5.7405e-05
476.92,5.6613e-05
476.94,5.5832e-05
476.96,5.506e-05
476.99,5.4298e-05
477.01,5.3547e-05
477.03,5.2805e-05
477.05,5.2073e-05
477.08,5.1351e-05
477.1,5.0638e-05
477.12,4.9934e-05
477.14,4.924e-05
477.17,4.8554e-05
477.19,4.7878e-05
477.21,4.7211e-05
477.24,4.6552e-05
477.26,4.5902e-05
477.28,4.5261e-05
477.3,4.4628e-05
477.33,4.4003e-05
477.35,4.3387e-05
477.37,4.2779e-05
477.4,4.2179e-05
477.42,4.1587e-05
477.44,4.1003e-05
477.46,4.0426e-05
477.49,3.9857e-05
477.51,3.9296e-05
477.53,3.8742e-05
477.55,3.8196e-05
477.58,3.7657e-05
477.6,3.7125e-05
477.62,3.66e-05
477.65,3.6083e-05
477.67,3.5572e-05
477.69,3.5068e-05
477.71,3.4571e-05
477.74,3.408e-05
477.76,3.3596e-05
477.78,3.3119e-05
477.81,3.2648e-05
477.83,3.2183e-05
477.85,3.1725e-05
477.87,3.1272e-05
477.9,3.0826e-05
477.92,3.0386e-05
477.94,2.9952e-05
477.97,2.9524e-05
477.99,2.9101e-05
478.01,2.8684e-05
478.03,2.8273e-05
478.06,2.7868e-05
478.08,2.7468e-05
478.1,2.7073e-05
478.13,2.6684e-05
478.15,2.63e-05
478.17,2.5922e-05
478.19,2.5548e-05
478.22,2.518e-05
478.24,2.4817e-05
478.26,2.4458e-05
478.29,2.4105e-05
478.31,2.3756e-05
478.33,2.3412e-05
478.35,2.3073e-05
478.38,2.2739e-05
478.4,2.2409e-05
478.42,2.2084e-05
478.45,2.1763e-05
478.47,2.1447e-05
478.49,2.1135e-05
478.51,2.0827e-05
478.54,2.0524e-05
478.56,2.0224e-05
478.58,1.9929e-05
478.61,1.9638e-05
478.63,1.9351e-05
478.65,1.9068e-05
478.68,1.8789e-05
478.7,1.8514e-05
478.72,1.8243e-05
478.74,1.7975e-05
478.77,1.7711e-05
478.79,1.7451e-05
478.81,1.7194e-05
478.84,1.6942e-05
478.86,1.6692e-05
478.88,1.6446e-05
478.9,1.6204e-05
478.93,1.5965e-05
478.95,1.5729e-05
478.97,1.5497e-05
479,1.5267e-05
479.02,1.5041e-05
479.04,1.4819e-05
479.06,1.4599e-05
479.09,1.4383e-05
479.11,1.4169e-05
479.13,1.3959e-05
479.16,1.3751e-05
479.18,1.3547e-05
479.2,1.3345e-05
479.23,1.3146e-05
479.25,1.295e-05
479.27,1.2757e-05
479.29,1.2567e-05
479.32,1.2379e-05
479.34,1.2194e-05
479.36,1.2012e-05
479.39,1.1832e-05
479.41,1.1654e-05
479.43,1.148e-05
479.46,1.1307e-05
479.48,1.1138e-05
479.5,1.097e-05
479.52,1.0805e-05
479.55,1.0643e-05
479.57,1.0483e-05
479.59,1.0325e-05
479.62,1.0169e-05
479.64,1.0015e-05
479.66,9.8642e-06
479.69,9.7151e-06
479.71,9.5682e-06
479.73,9.4234e-06
479.75,9.2807e-06
479.78,9.14e-06
479.8,9.0014e-06
479.82,8.8648e-06
479.85,8.7302e-06
479.87,8.5975e-06
479.89,8.4667e-06
479.92,8.3379e-06
479.94,8.2109e-06
479.96,8.0857e-06
479.98,7.9624e-06
480.01,7.8409e-06
480.03,7.7211e-06
480.05,7.6031e-06
480.08,7.4868e-06
480.1,7.3722e-06
480.12,7.2593e-06
480.15,7.148e-06
480.17,7.0383e-06
480.19,6.9303e-06
480.22,6.8238e-06
480.24,6.719e-06
480.26,6.6156e-06
480.28,6.5138e-06
480.31,6.4134e-06
480.33,6.3146e-06
480.35,6.2172e-06
480.38,6.1212e-06
480.4,6.0266e-06
480.42,5.9335e-06
480.45,5.8417e-06
480.47,5.7513e-06
480.49,5.6622e-06
480.52,5.5744e-06
480.54,5.4879e-06
480.56,5.4028e-06
480.58,5.3188e-06
480.61,5.2362e-06
480.63,5.1547e-06
480.65,5.0745e-06
480.68,4.9954e-06
480.7,4.9176e-06
480.72,4.8409e-06
480.75,4.7653e-06
480.77,4.6909e-06
480.79,4.6175e-06
480.82,4.5453e-06
480.84,4.4742e-06
480.86,4.4041e-06
480.88,4.3351e-06
480.91,4.2671e-06
480.93,4.2001e-06
480.95,4.1341e-06
480.98,4.0692e-06
481,4.0052e-06
481.02,3.9421e-06
481.05,3.8801e-06
481.07,3.8189e-06
481.09,3.7587e-06
481.12,3.6994e-06
481.14,3.6409e-06
481.16,3.5834e-06
481.19,3.5267e-06
481.21,3.4709e-06
481.23,3.416e-06
481.26,3.3618e-06
481.28,3.3085e-06
481.3,3.256e-06
481.32,3.2043e-06
481.35,3.1534e-06
481.37,3.1033e-06
481.39,3.0539e-06
481.42,3.0053e-06
481.44,2.9574e-06
481.46,2.9103e-06
481.49,2.8638e-06
481.51,2.8181e-06
481.53,2.7731e-06
481.56,2.7288e-06
481.58,2.6851e-06
481.6,2.6421e-06
481.63,2.5998e-06
481.65,2.5582e-06
481.67,2.5171e-06
481.7,2.4767e-06
481.72,2.437e-06
481.74,2.3978e-06
481.77,2.3592e-06
481.79,2.3213e-06
481.81,2.2839e-06
481.83,2.2471e-06
481.86,2.2108e-06
481.88,2.1752e-06
481.9,2.1401e-06
481.93,2.1055e-06
481.95,2.0714e-06
481.97,2.0379e-06
482,2.0049e-06
482.02,1.9725e-06
482.04,1.9405e-06
482.07,1.909e-06
482.09,1.878e-06
482.11,1.8475e-06
482.14,1.8175e-06
482.16,1.7879e-06
482.18,1.7588e-06
482.21,1.7302e-06
482.23,1.702e-06
482.25,1.6742e-06
482.28,1.6469e-06
482.3,1.62e-06
482.32,1.5936e-06
482.35,1.5675e-06
482.37,1.5419e-06
482.39,1.5166e-06
482.42,1.4918e-06
482.44,1.4673e-06
482.46,1.4433e-06
482.49,1.4196e-06
482.51,1.3963e-06
482.53,1.3733e-06
482.56,1.3507e-06
482.58,1.3285e-06
482.6,1.3066e-06
482.63,1.2851e-06
482.65,1.2639e-06
482.67,1.2431e-06
482.7,1.2225e-06
482.72,1.2023e-06
482.74,1.1825e-06
482.77,1.1629e-06
482.79,1.1437e-06
482.81,1.1247e-06
482.84,1.1061e-06
482.86,1.0877e-06
482.88,1.0697e-06
482.91,1.0519e-06
482.93,1.0345e-06
482.95,1.0173e-06
482.98,1.0003e-06
483,9.8368e-07
483.02,9.673e-07
483.05,9.5117e-07
483.07,9.3531e-07
483.09,9.197e-07
483.12,9.0434e-07
483.14,8.8923e-07
483.16,8.7436e-07
483.19,8.5973e-07
483.21,8.4534e-07
483.23,8.3118e-07
483.26,8.1724e-07
483.28,8.0354e-07
483.3,7.9005e-07
483.33,7.7678e-07
483.35,7.6373e-07
483.37,7.5089e-07
483.4,7.3825e-07
483.42,7.2582e-07
483.44,7.1359e-07
483.47,7.0156e-07
483.49,6.8973e-07
483.51,6.7809e-07
483.54,6.6664e-07
483.56,6.5537e-07
483.58,6.4429e-07
483.61,6.3338e-07
483.63,6.2266e-07
483.65,6.1211e-07
483.68,6.0174e-07
483.7,5.9153e-07
483.72,5.8149e-07
483.75,5.7161e-07
483.77,5.619e-07
483.79,5.5234e-07
483.82,5.4294e-07
483.84,5.337e-07
483.86,5.2461e-07
483.89,5.1567e-07
483.91,5.0687e-07
483.93,4.9822e-07
483.96,4.8971e-07
483.98,4.8134e-07
484,4.7311e-07
484.03,4.6502e-07
484.05,4.5706e-07
484.07,4.4923e-07
484.1,4.4153e-07
484.12,4.3395e-07
484.14,4.2651e-07
484.17,4.1918e-07
484.19,4.1198e-07
484.21,4.049e-07
484.24,3.9793e-07
484.26,3.9108e-07
484.28,3.8435e-07
484.31,3.7772e-07
484.33,3.7121e-07
484.36,3.648e-07
484.38,3.585e-07
484.4,3.5231e-07
484.43,3.4622e-07
484.45,3.4023e-07
484.47,3.3434e-07
484.5,3.2855e-07
484.52,3.2286e-07
484.54,3.1726e-07
484.57,3.1176e-07
484.59,3.0635e-07
484.61,3.0103e-07
484.64,2.958e-07
484.66,2.9065e-07
484.68,2.8559e-07
484.71,2.8062e-07
484.73,2.7573e-07
484.75,2.7093e-07
484.78,2.662e-07
484.8,2.6156e-07
484.82,2.5699e-07
484.85,2.525e-07
484.87,2.4809e-07
484.9,2.4375e-07
484.92,2.3948e-07
484.94,2.3529e-07
484.97,2.3116e-07
484.99,2.2711e-07
485.01,2.2313e-07
485.04,2.1921e-07
485.06,2.1536e-07
485.08,2.1157e-07
485.11,2.0785e-07
485.13,2.042e-07
485.15,2.006e-07
485.18,1.9707e-07
485.2,1.936e-07
485.22,1.9018e-07
485.25,1.8683e-07
485.27,1.8353e-07
485.3,1.8029e-07
485.32,1.771e-07
485.34,1.7397e-07
485.37,1.7089e-07
485.39,1.6786e-07
485.41,1.6489e-07
485.44,1.6197e-07
485.46,1.5909e-07
485.48,1.5627e-07
485.51,1.535e-07
485.53,1.5077e-07
485.55,1.4809e-07
485.58,1.4545e-07
485.6,1.4287e-07
485.63,1.4032e-07
485.65,1.3782e-07
485.67,1.3536e-07
485.7,1.3295e-07
485.72,1.3058e-07
485.74,1.2825e-07
485.77,1.2595e-07
485.79,1.237e-07
485.81,1.2149e-07
485.84,1.1932e-07
485.86,1.1718e-07
485.89,1.1508e-07
485.91,1.1302e-07
485.93,1.1099e-07
485.96,1.09e-07
485.98,1.0704e-07
486,1.0512e-07
486.03,1.0323e-07
486.05,1.0137e-07
486.07,9.9548e-08
486.1,9.7755e-08
486.12,9.5994e-08
486.14,9.4264e-08
486.17,9.2564e-08
486.19,9.0894e-08
486.22,8.9253e-08
486.24,8.764e-08
486.26,8.6056e-08
486.29,8.45e-08
486.31,8.2971e-08
486.33,8.1469e-08
486.36,7.9994e-08
486.38,7.8544e-08
486.4,7.712e-08
486.43,7.5721e-08
486.45,7.4346e-08
486.48,7.2996e-08
486.5,7.1669e-08
486.52,7.0366e-08
486.55,6.9086e-08
486.57,6.7829e-08
486.59,6.6594e-08
486.62,6.5381e-08
486.64,6.4189e-08
486.67,6.3018e-08
486.69,6.1868e-08
486.71,6.0739e-08
486.74,5.9629e-08
486.76,5.8539e-08
486.78,5.7469e-08
486.81,5.6417e-08
486.83,5.5385e-08
486.85,5.437e-08
486.88,5.3374e-08
486.9,5.2396e-08
486.93,5.1434e-08
486.95,5.0491e-08
486.97,4.9563e-08
487,4.8653e-08
487.02,4.7759e-08
487.04,4.688e-08
487.07,4.6018e-08
487.09,4.5171e-08
487.12,4.4339e-08
487.14,4.3522e-08
487.16,4.2719e-08
487.19,4.1931e-08
487.21,4.1157e-08
487.23,4.0398e-08
487.26,3.9651e-08
487.28,3.8918e-08
487.31,3.8199e-08
487.33,3.7492e-08
487.35,3.6798e-08
487.38,3.6117e-08
487.4,3.5447e-08
487.42,3.479e-08
487.45,3.4145e-08
487.47,3.3511e-08
487.5,3.2889e-08
487.52,3.2278e-08
487.54,3.1679e-08
487.57,3.109e-08
487.59,3.0511e-08
487.61,2.9943e-08
487.64,2.9386e-08
487.66,2.8839e-08
487.69,2.8301e-08
487.71,2.7773e-08
487.73,2.7255e-08
487.76,2.6747e-08
487.78,2.6247e-08
487.8,2.5757e-08
487.83,2.5276e-08
487.85,2.4803e-08
487.88,2.4339e-08
487.9,2.3883e-08
487.92,2.3436e-08
487.95,2.2997e-08
487.97,2.2566e-08
488,2.2143e-08
488.02,2.1728e-08
488.04,2.132e-08
488.07,2.0919e-08
488.09,2.0527e-08
488.11,2.0141e-08
488.14,1.9762e-08
488.16,1.939e-08
488.19,1.9025e-08
488.21,1.8667e-08
488.23,1.8316e-08
488.26,1.797e-08
488.28,1.7632e-08
488.31,1.7299e-08
488.33,1.6973e-08
488.35,1.6652e-08
488.38,1.6338e-08
488.4,1.6029e-08
488.42,1.5726e-08
488.45,1.5429e-08
488.47,1.5137e-08
488.5,1.485e-08
488.52,1.4569e-08
488.54,1.4293e-08
488.57,1.4022e-08
488.59,1.3756e-08
488.62,1.3495e-08
488.64,1.3239e-08
488.66,1.2988e-08
488.69,1.2741e-08
488.71,1.2499e-08
488.73,1.2262e-08
488.76,1.2029e-08
488.78,1.18e-08
488.81,1.1575e-08
488.83,1.1355e-08
488.85,1.1139e-08
488.88,1.0926e-08
488.9,1.0718e-08
488.93,1.0514e-08
488.95,1.0313e-08
488.97,1.0116e-08
489,9.9232e-09
489.02,9.7337e-09
489.05,9.5477e-09
489.07,9.3652e-09
489.09,9.1861e-09
489.12,9.0104e-09
489.14,8.838e-09
489.16,8.6688e-09
489.19,8.5028e-09
489.21,8.3399e-09
489.24,8.1801e-09
489.26,8.0232e-09
489.28,7.8694e-09
489.31,7.7184e-09
489.33,7.5702e-09
489.36,7.4249e-09
489.38,7.2823e-09
489.4,7.1423e-09
489.43,7.0051e-09
489.45,6.8704e-09
489.48,6.7382e-09
489.5,6.6086e-09
489.52,6.4814e-09
489.55,6.3566e-09
489.57,6.2341e-09
489.6,6.114e-09
489.62,5.9962e-09
489.64,5.8805e-09
489.67,5.7671e-09
489.69,5.6558e-09
489.72,5.5467e-09
489.74,5.4396e-09
489.76,5.3345e-09
489.79,5.2315e-09
489.81,5.1304e-09
489.84,5.0312e-09
489.86,4.9339e-09
489.88,4.8385e-09
489.91,4.7448e-09
489.93,4.653e-09
489.96,4.5629e-09
489.98,4.4745e-09
490,4.3878e-09
490.03,4.3028e-09
490.05,4.2194e-09
490.08,4.1376e-09
490.1,4.0573e-09
490.12,3.9786e-09
490.15,3.9014e-09
490.17,3.8256e-09
490.2,3.7513e-09
490.22,3.6785e-09
490.24,3.607e-09
490.27,3.5369e-09
490.29,3.4681e-09
490.32,3.4007e-09
490.34,3.3346e-09
490.36,3.2697e-09
490.39,3.2061e-09
490.41,3.1436e-09
490.44,3.0824e-09
490.46,3.0224e-09
490.48,2.9635e-09
490.51,2.9058e-09
490.53,2.8491e-09
490.56,2.7936e-09
490.58,2.7391e-09
490.6,2.6857e-09
490.63,2.6333e-09
490.65,2.5819e-09
490.68,2.5315e-09
490.7,2.4821e-09
490.73,2.4337e-09
490.75,2.3861e-09
490.77,2.3395e-09
490.8,2.2938e-09
490.82,2.249e-09
490.85,2.205e-09
490.87,2.1619e-09
490.89,2.1197e-09
490.92,2.0782e-09
490.94,2.0376e-09
490.97,1.9977e-09
490.99,1.9586e-09
491.01,1.9203e-09
491.04,1.8827e-09
491.06,1.8458e-09
491.09,1.8097e-09
491.11,1.7743e-09
491.14,1.7395e-09
491.16,1.7054e-09
491.18,1.672e-09
491.21,1.6393e-09
491.23,1.6071e-09
491.26,1.5756e-09
491.28,1.5448e-09
491.3,1.5145e-09
491.33,1.4848e-09
491.35,1.4557e-09
491.38,1.4271e-09
491.4,1.3991e-09
491.42,1.3717e-09
491.45,1.3448e-09
491.47,1.3184e-09
491.5,1.2925e-09
491.52,1.2671e-09
491.55,1.2423e-09
491.57,1.2179e-09
491.59,1.194e-09
491.62,1.1705e-09
491.64,1.1476e-09
491.67,1.125e-09
491.69,1.1029e-09
491.71,1.0813e-09
491.74,1.0601e-09
491.76,1.0392e-09
491.79,1.0188e-09
491.81,9.9882e-10
491.84,9.7921e-10
491.86,9.5998e-10
491.88,9.4112e-10
491.91,9.2264e-10
491.93,9.0452e-10
491.96,8.8675e-10
491.98,8.6933e-10
492,8.5226e-10
492.03,8.3552e-10
492.05,8.1911e-10
492.08,8.0302e-10
492.1,7.8725e-10
492.13,7.7179e-10
492.15,7.5663e-10
492.17,7.4177e-10
492.2,7.2721e-10
492.22,7.1293e-10
492.25,6.9893e-10
492.27,6.8521e-10
492.3,6.7175e-10
492.32,6.5857e-10
492.34,6.4564e-10
492.37,6.3296e-10
492.39,6.2054e-10
492.42,6.0836e-10
492.44,5.9642e-10
492.47,5.8472e-10
492.49,5.7325e-10
492.51,5.62e-10
492.54,5.5098e-10
492.56,5.4017e-10
492.59,5.2958e-10
492.61,5.192e-10
492.64,5.0902e-10
492.66,4.9904e-10
492.68,4.8926e-10
492.71,4.7967e-10
492.73,4.7028e-10
492.76,4.6106e-10
492.78,4.5203e-10
492.81,4.4318e-10
492.83,4.3451e-10
492.85,4.26e-10
492.88,4.1766e-10
492.9,4.0949e-10
492.93,4.0148e-10
492.95,3.9363e-10
492.98,3.8593e-10
493,3.7839e-10
493.02,3.7099e-10
493.05,3.6374e-10
493.07,3.5664e-10
493.1,3.4967e-10
493.12,3.4285e-10
493.15,3.3616e-10
493.17,3.296e-10
493.19,3.2317e-10
493.22,3.1686e-10
493.24,3.1069e-10
493.27,3.0463e-10
493.29,2.987e-10
493.32,2.9288e-10
493.34,2.8718e-10
493.36,2.8159e-10
493.39,2.7611e-10
493.41,2.7074e-10
493.44,2.6547e-10
493.46,2.6031e-10
493.49,2.5525e-10
493.51,2.503e-10
493.53,2.4544e-10
493.56,2.4067e-10
493.58,2.3601e-10
493.61,2.3143e-10
493.63,2.2694e-10
493.66,2.2255e-10
493.68,2.1824e-10
493.71,2.1401e-10
493.73,2.0987e-10
493.75,2.0581e-10
493.78,2.0183e-10
493.8,1.9793e-10
493.83,1.9411e-10
493.85,1.9036e-10
493.88,1.8669e-10
493.9,1.8309e-10
493.92,1.7956e-10
493.95,1.761e-10
493.97,1.7271e-10
494,1.6939e-10
494.02,1.6613e-10
494.05,1.6293e-10
494.07,1.598e-10
494.1,1.5673e-10
494.12,1.5373e-10
494.14,1.5078e-10
494.17,1.4789e-10
494.19,1.4505e-10
494.22,1.4228e-10
494.24,1.3955e-10
494.27,1.3689e-10
494.29,1.3427e-10
494.32,1.3171e-10
494.34,1.2919e-10
494.36,1.2673e-10
494.39,1.2431e-10
494.41,1.2194e-10
494.44,1.1962e-10
494.46,1.1735e-10
494.49,1.1512e-10
494.51,1.1293e-10
494.54,1.1079e-10
494.56,1.0868e-10
494.58,1.0662e-10
494.61,1.046e-10
494.63,1.0262e-10
494.66,1.0068e-10
494.68,9.878e-11
494.71,9.6914e-11
494.73,9.5086e-11
494.76,9.3293e-11
494.78,9.1535e-11
494.8,8.9812e-11
494.83,8.8123e-11
494.85,8.6466e-11
494.88,8.4843e-11
494.9,8.3251e-11
494.93,8.169e-11
494.95,8.016e-11
494.98,7.8659e-11
495,7.7189e-11
495.02,7.5746e-11
495.05,7.4333e-11
495.07,7.2946e-11
495.1,7.1587e-11
495.12,7.0254e-11
495.15,6.8948e-11
495.17,6.7667e-11
495.2,6.6411e-11
495.22,6.5179e-11
495.25,6.3971e-11
495.27,6.2787e-11
495.29,6.1626e-11
495.32,6.0487e-11
495.34,5.9371e-11
495.37,5.8276e-11
495.39,5.7203e-11
495.42,5.615e-11
495.44,5.5118e-11
495.47,5.4106e-11
495.49,5.3113e-11
495.52,5.214e-11
495.54,5.1186e-11
495.56,5.025e-11
495.59,4.9332e-11
495.61,4.8431e-11
495.64,4.7549e-11
495.66,4.6683e-11
495.69,4.5834e-11
495.71,4.5001e-11
495.74,4.4184e-11
495.76,4.3384e-11
495.79,4.2598e-11
495.81,4.1828e-11
495.83,4.1072e-11
495.86,4.0331e-11
495.88,3.9604e-11
495.91,3.8891e-11
495.93,3.8192e-11
495.96,3.7506e-11
495.98,3.6833e-11
496.01,3.6173e-11
496.03,3.5526e-11
496.06,3.4891e-11
496.08,3.4268e-11
496.11,3.3657e-11
496.13,3.3058e-11
496.15,3.247e-11
496.18,3.1893e-11
496.2,3.1327e-11
496.23,3.0772e-11
496.25,3.0227e-11
496.28,2.9693e-11
496.3,2.9169e-11
496.33,2.8655e-11
496.35,2.815e-11
496.38,2.7655e-11
496.4,2.717e-11
496.43,2.6693e-11
496.45,2.6226e-11
496.48,2.5767e-11
496.5,2.5317e-11
496.52,2.4875e-11
496.55,2.4442e-11
496.57,2.4017e-11
496.6,2.36e-11
496.62,2.319e-11
496.65,2.2788e-11
496.67,2.2394e-11
496.7,2.2007e-11
496.72,2.1628e-11
496.75,2.1255e-11
496.77,2.0889e-11
496.8,2.053e-11
496.82,2.0178e-11
496.85,1.9832e-11
496.87,1.9493e-11
496.89,1.916e-11
496.92,1.8833e-11
496.94,1.8512e-11
496.97,1.8197e-11
496.99,1.7888e-11
497.02,1.7585e-11
497.04,1.7287e-11
497.07,1.6994e-11
497.09,1.6707e-11
497.12,1.6425e-11
497.14,1.6149e-11
497.17,1.5877e-11
497.19,1.5611e-11
497.22,1.5349e-11
497.24,1.5092e-11
497.27,1.4839e-11
497.29,1.4592e-11
497.31,1.4349e-11
497.34,1.411e-11
497.36,1.3875e-11
497.39,1.3645e-11
497.41,1.3419e-11
497.44,1.3197e-11
497.46,1.2979e-11
497.49,1.2765e-11
497.51,1.2554e-11
497.54,1.2348e-11
497.56,1.2145e-11
497.59,1.1946e-11
497.61,1.175e-11
497.64,1.1558e-11
497.66,1.1369e-11
497.69,1.1184e-11
497.71,1.1002e-11
497.74,1.0823e-11
497.76,1.0648e-11
497.78,1.0475e-11
497.81,1.0306e-11
497.83,1.0139e-11
497.86,9.9756e-12
497.88,9.8149e-12
497.91,9.6571e-12
497.93,9.502e-12
497.96,9.3497e-12
497.98,9.2e-12
498.01,9.0529e-12
498.03,8.9084e-12
498.06,8.7665e-12
498.08,8.627e-12
498.11,8.4899e-12
498.13,8.3552e-12
498.16,8.2228e-12
498.18,8.0927e-12
498.21,7.9649e-12
498.23,7.8393e-12
498.26,7.7158e-12
498.28,7.5945e-12
498.31,7.4753e-12
498.33,7.3581e-12
498.36,7.2429e-12
498.38,7.1297e-12
498.41,7.0184e-12
498.43,6.909e-12
498.45,6.8015e-12
498.48,6.6958e-12
498.5,6.5919e-12
498.53,6.4897e-12
498.55,6.3893e-12
498.58,6.2906e-12
498.6,6.1936e-12
498.63,6.0982e-12
498.65,6.0044e-12
498.68,5.9121e-12
498.7,5.8214e-12
498.73,5.7323e-12
498.75,5.6446e-12
498.78,5.5584e-12
498.8,5.4736e-12
498.83,5.3903e-12
498.85,5.3083e-12
498.88,5.2277e-12
498.9,5.1484e-12
498.93,5.0704e-12
498.95,4.9937e-12
498.98,4.9183e-12
499,4.8442e-12
499.03,4.7712e-12
499.05,4.6994e-12
499.08,4.6289e-12
499.1,4.5594e-12
499.13,4.4911e-12
499.15,4.4239e-12
499.18,4.3579e-12
499.2,4.2928e-12
499.23,4.2289e-12
499.25,4.166e-12
499.28,4.1041e-12
499.3,4.0432e-12
499.33,3.9832e-12
499.35,3.9243e-12
499.38,3.8663e-12
499.4,3.8092e-12
499.43,3.753e-12
499.45,3.6978e-12
499.48,3.6434e-12
499.5,3.5899e-12
499.53,3.5372e-12
499.55,3.4854e-12
499.58,3.4344e-12
499.6,3.3842e-12
499.63,3.3348e-12
499.65,3.2862e-12
499.68,3.2383e-12
499.7,3.1912e-12
499.73,3.1449e-12
499.75,3.0992e-12
499.78,3.0543e-12
499.8,3.0101e-12
499.83,2.9666e-12
499.85,2.9237e-12
499.88,2.8816e-12
499.9,2.84e-12
499.93,2.7992e-12
499.95,2.7589e-12
499.98,2.7193e-12
500,2.6803e-12
