400,0.023769
400.02,0.023859
400.03,0.023949
400.05,0.024039
400.06,0.02413
400.08,0.024221
400.1,0.024312
400.11,0.024404
400.13,0.024496
400.14,0.024588
400.16,0.02468
400.18,0.024773
400.19,0.024866
400.21,0.024959
400.22,0.025052
400.24,0.025146
400.26,0.02524
400.27,0.025334
400.29,0.025429
400.3,0.025524
400.32,0.025619
400.34,0.025715
400.35,0.02581
400.37,0.025906
400.38,0.026003
400.4,0.026099
400.42,0.026196
400.43,0.026293
400.45,0.026391
400.46,0.026488
400.48,0.026586
400.5,0.026685
400.51,0.026783
400.53,0.026882
400.54,0.026981
400.56,0.027081
400.58,0.027181
400.59,0.027281
400.61,0.027381
400.62,0.027482
400.64,0.027583
400.66,0.027684
400.67,0.027786
400.69,0.027887
400.71,0.027989
400.72,0.028092
400.74,0.028195
400.75,0.028298
400.77,0.028401
400.79,0.028505
400.8,0.028608
400.82,0.028713
400.83,0.028817
400.85,0.028922
400.87,0.029027
400.88,0.029132
400.9,0.029238
400.91,0.029344
400.93,0.02945
400.95,0.029557
400.96,0.029664
400.98,0.029771
400.99,0.029879
401.01,0.029987
401.03,0.030095
401.04,0.030203
401.06,0.030312
401.07,0.030421
401.09,0.03053
401.11,0.03064
401.12,0.03075
401.14,0.03086
401.16,0.030971
401.17,0.031082
401.19,0.031193
401.2,0.031305
401.22,0.031416
401.24,0.031529
401.25,0.031641
401.27,0.031754
401.28,0.031867
401.3,0.03198
401.32,0.032094
401.33,0.032208
401.35,0.032322
401.36,0.032437
401.38,0.032552
401.4,0.032667
401.41,0.032783
401.43,0.032899
401.45,0.033015
401.46,0.033132
401.48,0.033249
401.49,0.033366
401.51,0.033483
401.53,0.033601
401.54,0.033719
401.56,0.033838
401.57,0.033957
401.59,0.034076
401.61,0.034195
401.62,0.034315
401.64,0.034435
401.65,0.034556
401.67,0.034676
401.69,0.034797
401.7,0.034919
401.72,0.035041
401.74,0.035163
401.75,0.035285
401.77,0.035408
401.78,0.035531
401.8,0.035654
401.82,0.035778
401.83,0.035902
401.85,0.036026
401.86,0.036151
401.88,0.036276
401.9,0.036401
401.91,0.036527
401.93,0.036653
401.95,0.036779
401.96,0.036906
401.98,0.037033
401.99,0.03716
402.01,0.037288
402.03,0.037416
402.04,0.037545
402.06,0.037673
402.07,0.037802
402.09,0.037932
402.11,0.038061
402.12,0.038191
402.14,0.038322
402.16,0.038452
402.17,0.038584
402.19,0.038715
402.2,0.038847
402.22,0.038979
402.24,0.039111
402.25,0.039244
402.27,0.039377
402.28,0.03951
402.3,0.039644
402.32,0.039778
402.33,0.039913
402.35,0.040048
402.37,0.040183
402.38,0.040318
402.4,0.040454
402.41,0.04059
402.43,0.040727
402.45,0.040864
402.46,0.041001
402.48,0.041139
402.5,0.041276
402.51,0.041415
402.53,0.041553
402.54,0.041692
402.56,0.041832
402.58,0.041971
402.59,0.042111
402.61,0.042252
402.63,0.042392
402.64,0.042533
402.66,0.042675
402.67,0.042817
402.69,0.042959
402.71,0.043101
402.72,0.043244
402.74,0.043387
402.75,0.043531
402.77,0.043674
402.79,0.043819
402.8,0.043963
402.82,0.044108
402.84,0.044253
402.85,0.044399
402.87,0.044545
402.88,0.044691
402.9,0.044838
402.92,0.044985
402.93,0.045133
402.95,0.04528
402.97,0.045429
402.98,0.045577
403,0.045726
403.01,0.045875
403.03,0.046025
403.05,0.046175
403.06,0.046325
403.08,0.046476
403.1,0.046627
403.11,0.046778
403.13,0.04693
403.14,0.047082
403.16,0.047234
403.18,0.047387
403.19,0.04754
403.21,0.047694
403.23,0.047848
403.24,0.048002
403.26,0.048157
403.27,0.048312
403.29,0.048467
403.31,0.048623
403.32,0.048779
403.34,0.048935
403.36,0.049092
403.37,0.049249
403.39,0.049407
403.4,0.049565
403.42,0.049723
403.44,0.049882
403.45,0.050041
403.47,0.0502
403.49,0.05036
403.5,0.05052
403.52,0.050681
403.53,0.050842
403.55,0.051003
403.57,0.051164
403.58,0.051326
403.6,0.051489
403.62,0.051651
403.63,0.051815
403.65,0.051978
403.67,0.052142
403.68,0.052306
403.7,0.052471
403.71,0.052635
403.73,0.052801
403.75,0.052966
403.76,0.053133
403.78,0.053299
403.8,0.053466
403.81,0.053633
403.83,0.0538
403.84,0.053968
403.86,0.054137
403.88,0.054305
403.89,0.054474
403.91,0.054644
403.93,0.054814
403.94,0.054984
403.96,0.055154
403.98,0.055325
403.99,0.055497
404.01,0.055668
404.02,0.05584
404.04,0.056013
404.06,0.056185
404.07,0.056359
404.09,0.056532
404.11,0.056706
404.12,0.05688
404.14,0.057055
404.15,0.05723
404.17,0.057406
404.19,0.057581
404.2,0.057758
404.22,0.057934
404.24,0.058111
404.25,0.058288
404.27,0.058466
404.29,0.058644
404.3,0.058823
404.32,0.059002
404.33,0.059181
404.35,0.05936
404.37,0.05954
404.38,0.059721
404.4,0.059901
404.42,0.060083
404.43,0.060264
404.45,0.060446
404.47,0.060628
404.48,0.060811
404.5,0.060994
404.51,0.061177
404.53,0.061361
404.55,0.061545
404.56,0.06173
404.58,0.061915
404.6,0.0621
404.61,0.062286
404.63,0.062472
404.65,0.062658
404.66,0.062845
404.68,0.063032
404.69,0.06322
404.71,0.063408
404.73,0.063596
404.74,0.063785
404.76,0.063974
404.78,0.064164
404.79,0.064354
404.81,0.064544
404.83,0.064735
404.84,0.064926
404.86,0.065117
404.87,0.065309
404.89,0.065501
404.91,0.065694
404.92,0.065887
404.94,0.06608
404.96,0.066274
404.97,0.066468
404.99,0.066662
405.01,0.066857
405.02,0.067052
405.04,0.067248
405.06,0.067444
405.07,0.06764
405.09,0.067837
405.1,0.068034
405.12,0.068232
405.14,0.06843
405.15,0.068628
405.17,0.068827
405.19,0.069026
405.2,0.069226
405.22,0.069425
405.24,0.069626
405.25,0.069826
405.27,0.070027
405.28,0.070229
405.3,0.07043
405.32,0.070633
405.33,0.070835
405.35,0.071038
405.37,0.071241
405.38,0.071445
405.4,0.071649
405.42,0.071854
405.43,0.072059
405.45,0.072264
405.47,0.072469
405.48,0.072675
405.5,0.072882
405.52,0.073089
405.53,0.073296
405.55,0.073503
405.56,0.073711
405.58,0.073919
405.6,0.074128
405.61,0.074337
405.63,0.074547
405.65,0.074756
405.66,0.074967
405.68,0.075177
405.7,0.075388
405.71,0.0756
405.73,0.075811
405.75,0.076023
405.76,0.076236
405.78,0.076449
405.79,0.076662
405.81,0.076876
405.83,0.07709
405.84,0.077304
405.86,0.077519
405.88,0.077734
405.89,0.07795
405.91,0.078166
405.93,0.078382
405.94,0.078599
405.96,0.078816
405.98,0.079033
405.99,0.079251
406.01,0.079469
406.03,0.079688
406.04,0.079907
406.06,0.080126
406.07,0.080346
406.09,0.080566
406.11,0.080786
406.12,0.081007
406.14,0.081228
406.16,0.08145
406.17,0.081672
406.19,0.081894
406.21,0.082117
406.22,0.08234
406.24,0.082564
406.26,0.082788
406.27,0.083012
406.29,0.083237
406.31,0.083462
406.32,0.083687
406.34,0.083913
406.36,0.084139
406.37,0.084365
406.39,0.084592
406.4,0.08482
406.42,0.085047
406.44,0.085275
406.45,0.085504
406.47,0.085732
406.49,0.085962
406.5,0.086191
406.52,0.086421
406.54,0.086651
406.55,0.086882
406.57,0.087113
406.59,0.087344
406.6,0.087576
406.62,0.087808
406.64,0.08804
406.65,0.088273
406.67,0.088507
406.69,0.08874
406.7,0.088974
406.72,0.089208
406.74,0.089443
406.75,0.089678
406.77,0.089914
406.79,0.090149
406.8,0.090386
406.82,0.090622
406.83,0.090859
406.85,0.091096
406.87,0.091334
406.88,0.091572
406.9,0.09181
406.92,0.092049
406.93,0.092288
406.95,0.092528
406.97,0.092767
406.98,0.093008
407,0.093248
407.02,0.093489
407.03,0.09373
407.05,0.093972
407.07,0.094214
407.08,0.094456
407.1,0.094699
407.12,0.094942
407.13,0.095185
407.15,0.095429
407.17,0.095673
407.18,0.095918
407.2,0.096163
407.22,0.096408
407.23,0.096654
407.25,0.0969
407.27,0.097146
407.28,0.097393
407.3,0.09764
407.32,0.097887
407.33,0.098135
407.35,0.098383
407.37,0.098631
407.38,0.09888
407.4,0.099129
407.41,0.099378
407.43,0.099628
407.45,0.099878
407.46,0.10013
407.48,0.10038
407.5,0.10063
407.51,0.10088
407.53,0.10113
407.55,0.10139
407.56,0.10164
407.58,0.10189
407.6,0.10215
407.61,0.1024
407.63,0.10265
407.65,0.10291
407.66,0.10316
407.68,0.10342
407.7,0.10367
407.71,0.10393
407.73,0.10418
407.75,0.10444
407.76,0.1047
407.78,0.10495
407.8,0.10521
407.81,0.10547
407.83,0.10573
407.85,0.10599
407.86,0.10625
407.88,0.1065
407.9,0.10676
407.91,0.10702
407.93,0.10728
407.95,0.10754
407.96,0.1078
407.98,0.10807
408,0.10833
408.01,0.10859
408.03,0.10885
408.05,0.10911
408.06,0.10938
408.08,0.10964
408.1,0.1099
408.11,0.11017
408.13,0.11043
408.15,0.1107
408.16,0.11096
408.18,0.11122
408.2,0.11149
408.21,0.11176
408.23,0.11202
408.25,0.11229
408.26,0.11255
408.28,0.11282
408.3,0.11309
408.31,0.11336
408.33,0.11362
408.35,0.11389
408.36,0.11416
408.38,0.11443
408.4,0.1147
408.41,0.11497
408.43,0.11524
408.45,0.11551
408.46,0.11578
408.48,0.11605
408.5,0.11632
408.51,0.11659
408.53,0.11686
408.55,0.11714
408.56,0.11741
408.58,0.11768
408.6,0.11795
408.61,0.11823
408.63,0.1185
408.65,0.11877
408.66,0.11905
408.68,0.11932
408.7,0.1196
408.71,0.11987
408.73,0.12015
408.75,0.12042
408.76,0.1207
408.78,0.12098
408.8,0.12125
408.81,0.12153
408.83,0.12181
408.85,0.12208
408.86,0.12236
408.88,0.12264
408.9,0.12292
408.91,0.1232
408.93,0.12347
408.95,0.12375
408.96,0.12403
408.98,0.12431
409,0.12459
409.01,0.12487
409.03,0.12515
409.05,0.12543
409.06,0.12572
409.08,0.126
409.1,0.12628
409.12,0.12656
409.13,0.12684
409.15,0.12713
409.17,0.12741
409.18,0.12769
409.2,0.12797
409.22,0.12826
409.23,0.12854
409.25,0.12883
409.27,0.12911
409.28,0.1294
409.3,0.12968
409.32,0.12997
409.33,0.13025
409.35,0.13054
409.37,0.13082
409.38,0.13111
409.4,0.1314
409.42,0.13168
409.43,0.13197
409.45,0.13226
409.47,0.13254
409.48,0.13283
409.5,0.13312
409.52,0.13341
409.53,0.1337
409.55,0.13399
409.57,0.13427
409.58,0.13456
409.6,0.13485
409.62,0.13514
409.63,0.13543
409.65,0.13572
409.67,0.13601
409.68,0.13631
409.7,0.1366
409.72,0.13689
409.74,0.13718
409.75,0.13747
409.77,0.13776
409.79,0.13806
409.8,0.13835
409.82,0.13864
409.84,0.13893
409.85,0.13923
409.87,0.13952
409.89,0.13981
409.9,0.14011
409.92,0.1404
409.94,0.1407
409.95,0.14099
409.97,0.14129
409.99,0.14158
410,0.14188
410.02,0.14217
410.04,0.14247
410.05,0.14276
410.07,0.14306
410.09,0.14335
410.1,0.14365
410.12,0.14395
410.14,0.14424
410.16,0.14454
410.17,0.14484
410.19,0.14514
410.21,0.14543
410.22,0.14573
410.24,0.14603
410.26,0.14633
410.27,0.14663
410.29,0.14693
410.31,0.14723
410.32,0.14752
410.34,0.14782
410.36,0.14812
410.37,0.14842
410.39,0.14872
410.41,0.14902
410.42,0.14932
410.44,0.14962
410.46,0.14993
410.48,0.15023
410.49,0.15053
410.51,0.15083
410.53,0.15113
410.54,0.15143
410.56,0.15173
410.58,0.15204
410.59,0.15234
410.61,0.15264
410.63,0.15294
410.64,0.15325
410.66,0.15355
410.68,0.15385
410.69,0.15416
410.71,0.15446
410.73,0.15476
410.75,0.15507
410.76,0.15537
410.78,0.15567
410.8,0.15598
410.81,0.15628
410.83,0.15659
410.85,0.15689
410.86,0.1572
410.88,0.1575
410.9,0.15781
410.91,0.15811
410.93,0.15842
410.95,0.15872
410.96,0.15903
410.98,0.15934
411,0.15964
411.02,0.15995
411.03,0.16025
411.05,0.16056
411.07,0.16087
411.08,0.16117
411.1,0.16148
411.12,0.16179
411.13,0.16209
411.15,0.1624
411.17,0.16271
411.18,0.16302
411.2,0.16333
411.22,0.16363
411.23,0.16394
411.25,0.16425
411.27,0.16456
411.29,0.16487
411.3,0.16517
411.32,0.16548
411.34,0.16579
411.35,0.1661
411.37,0.16641
411.39,0.16672
411.4,0.16703
411.42,0.16734
411.44,0.16765
411.45,0.16796
411.47,0.16826
411.49,0.16857
411.51,0.16888
411.52,0.16919
411.54,0.1695
411.56,0.16981
411.57,0.17012
411.59,0.17043
411.61,0.17074
411.62,0.17106
411.64,0.17137
411.66,0.17168
411.68,0.17199
411.69,0.1723
411.71,0.17261
411.73,0.17292
411.74,0.17323
411.76,0.17354
411.78,0.17385
411.79,0.17416
411.81,0.17448
411.83,0.17479
411.84,0.1751
411.86,0.17541
411.88,0.17572
411.9,0.17603
411.91,0.17634
411.93,0.17666
411.95,0.17697
411.96,0.17728
411.98,0.17759
412,0.1779
412.01,0.17822
412.03,0.17853
412.05,0.17884
412.07,0.17915
412.08,0.17946
412.1,0.17978
412.12,0.18009
412.13,0.1804
412.15,0.18071
412.17,0.18103
412.18,0.18134
412.2,0.18165
412.22,0.18196
412.24,0.18228
412.25,0.18259
412.27,0.1829
412.29,0.18322
412.3,0.18353
412.32,0.18384
412.34,0.18415
412.35,0.18447
412.37,0.18478
412.39,0.18509
412.41,0.1854
412.42,0.18572
412.44,0.18603
412.46,0.18634
412.47,0.18666
412.49,0.18697
412.51,0.18728
412.52,0.18759
412.54,0.18791
412.56,0.18822
412.58,0.18853
412.59,0.18885
412.61,0.18916
412.63,0.18947
412.64,0.18979
412.66,0.1901
412.68,0.19041
412.69,0.19072
412.71,0.19104
412.73,0.19135
412.75,0.19166
412.76,0.19197
412.78,0.19229
412.8,0.1926
412.81,0.19291
412.83,0.19323
412.85,0.19354
412.86,0.19385
412.88,0.19416
412.9,0.19448
412.92,0.19479
412.93,0.1951
412.95,0.19541
412.97,0.19573
412.98,0.19604
413,0.19635
413.02,0.19666
413.04,0.19697
413.05,0.19729
413.07,0.1976
413.09,0.19791
413.1,0.19822
413.12,0.19854
413.14,0.19885
413.15,0.19916
413.17,0.19947
413.19,0.19978
413.21,0.20009
413.22,0.20041
413.24,0.20072
413.26,0.20103
413.27,0.20134
413.29,0.20165
413.31,0.20196
413.33,0.20227
413.34,0.20258
413.36,0.20289
413.38,0.20321
413.39,0.20352
413.41,0.20383
413.43,0.20414
413.45,0.20445
413.46,0.20476
413.48,0.20507
413.5,0.20538
413.51,0.20569
413.53,0.206
413.55,0.20631
413.56,0.20662
413.58,0.20693
413.6,0.20724
413.62,0.20755
413.63,0.20786
413.65,0.20817
413.67,0.20847
413.68,0.20878
413.7,0.20909
413.72,0.2094
413.74,0.20971
413.75,0.21002
413.77,0.21033
413.79,0.21064
413.8,0.21094
413.82,0.21125
413.84,0.21156
413.86,0.21187
413.87,0.21217
413.89,0.21248
413.91,0.21279
413.92,0.2131
413.94,0.2134
413.96,0.21371
413.98,0.21402
413.99,0.21432
414.01,0.21463
414.03,0.21494
414.04,0.21524
414.06,0.21555
414.08,0.21585
414.1,0.21616
414.11,0.21646
414.13,0.21677
414.15,0.21707
414.16,0.21738
414.18,0.21768
414.2,0.21799
414.22,0.21829
414.23,0.2186
414.25,0.2189
414.27,0.2192
414.28,0.21951
414.3,0.21981
414.32,0.22012
414.34,0.22042
414.35,0.22072
414.37,0.22102
414.39,0.22133
414.4,0.22163
414.42,0.22193
414.44,0.22223
414.46,0.22253
414.47,0.22284
414.49,0.22314
414.51,0.22344
414.52,0.22374
414.54,0.22404
414.56,0.22434
414.58,0.22464
414.59,0.22494
414.61,0.22524
414.63,0.22554
414.65,0.22584
414.66,0.22614
414.68,0.22644
414.7,0.22674
414.71,0.22703
414.73,0.22733
414.75,0.22763
414.77,0.22793
414.78,0.22823
414.8,0.22852
414.82,0.22882
414.83,0.22912
414.85,0.22941
414.87,0.22971
414.89,0.23001
414.9,0.2303
414.92,0.2306
414.94,0.23089
414.95,0.23119
414.97,0.23148
414.99,0.23178
415.01,0.23207
415.02,0.23236
415.04,0.23266
415.06,0.23295
415.08,0.23324
415.09,0.23354
415.11,0.23383
415.13,0.23412
415.14,0.23441
415.16,0.23471
415.18,0.235
415.2,0.23529
415.21,0.23558
415.23,0.23587
415.25,0.23616
415.27,0.23645
415.28,0.23674
415.3,0.23703
415.32,0.23732
415.33,0.23761
415.35,0.2379
415.37,0.23818
415.39,0.23847
415.4,0.23876
415.42,0.23905
415.44,0.23933
415.45,0.23962
415.47,0.23991
415.49,0.24019
415.51,0.24048
415.52,0.24076
415.54,0.24105
415.56,0.24133
415.58,0.24162
415.59,0.2419
415.61,0.24219
415.63,0.24247
415.64,0.24275
415.66,0.24304
415.68,0.24332
415.7,0.2436
415.71,0.24388
415.73,0.24416
415.75,0.24444
415.77,0.24473
415.78,0.24501
415.8,0.24529
415.82,0.24557
415.83,0.24584
415.85,0.24612
415.87,0.2464
415.89,0.24668
415.9,0.24696
415.92,0.24724
415.94,0.24751
415.96,0.24779
415.97,0.24807
415.99,0.24834
416.01,0.24862
416.03,0.24889
416.04,0.24917
416.06,0.24944
416.08,0.24972
416.09,0.24999
416.11,0.25027
416.13,0.25054
416.15,0.25081
416.16,0.25108
416.18,0.25136
416.2,0.25163
416.22,0.2519
416.23,0.25217
416.25,0.25244
416.27,0.25271
416.29,0.25298
416.3,0.25325
416.32,0.25352
416.34,0.25379
416.35,0.25405
416.37,0.25432
416.39,0.25459
416.41,0.25486
416.42,0.25512
416.44,0.25539
416.46,0.25565
416.48,0.25592
416.49,0.25618
416.51,0.25645
416.53,0.25671
416.55,0.25697
416.56,0.25724
416.58,0.2575
416.6,0.25776
416.61,0.25802
416.63,0.25829
416.65,0.25855
416.67,0.25881
416.68,0.25907
416.7,0.25933
416.72,0.25959
416.74,0.25984
416.75,0.2601
416.77,0.26036
416.79,0.26062
416.81,0.26087
416.82,0.26113
416.84,0.26139
416.86,0.26164
416.88,0.2619
416.89,0.26215
416.91,0.26241
416.93,0.26266
416.94,0.26291
416.96,0.26317
416.98,0.26342
417,0.26367
417.01,0.26392
417.03,0.26417
417.05,0.26442
417.07,0.26467
417.08,0.26492
417.1,0.26517
417.12,0.26542
417.14,0.26567
417.15,0.26592
417.17,0.26616
417.19,0.26641
417.21,0.26666
417.22,0.2669
417.24,0.26715
417.26,0.26739
417.28,0.26764
417.29,0.26788
417.31,0.26813
417.33,0.26837
417.34,0.26861
417.36,0.26885
417.38,0.26909
417.4,0.26933
417.41,0.26958
417.43,0.26981
417.45,0.27005
417.47,0.27029
417.48,0.27053
417.5,0.27077
417.52,0.27101
417.54,0.27124
417.55,0.27148
417.57,0.27172
417.59,0.27195
417.61,0.27219
417.62,0.27242
417.64,0.27265
417.66,0.27289
417.68,0.27312
417.69,0.27335
417.71,0.27358
417.73,0.27382
417.75,0.27405
417.76,0.27428
417.78,0.27451
417.8,0.27474
417.82,0.27496
417.83,0.27519
417.85,0.27542
417.87,0.27565
417.89,0.27587
417.9,0.2761
417.92,0.27632
417.94,0.27655
417.96,0.27677
417.97,0.277
417.99,0.27722
418.01,0.27744
418.03,0.27767
418.04,0.27789
418.06,0.27811
418.08,0.27833
418.1,0.27855
418.11,0.27877
418.13,0.27899
418.15,0.27921
418.17,0.27942
418.18,0.27964
418.2,0.27986
418.22,0.28007
418.24,0.28029
418.25,0.28051
418.27,0.28072
418.29,0.28093
418.31,0.28115
418.32,0.28136
418.34,0.28157
418.36,0.28178
418.38,0.282
418.39,0.28221
418.41,0.28242
418.43,0.28263
418.45,0.28284
418.46,0.28304
418.48,0.28325
418.5,0.28346
418.52,0.28367
418.53,0.28387
418.55,0.28408
418.57,0.28428
418.59,0.28449
418.6,0.28469
418.62,0.28489
418.64,0.2851
418.66,0.2853
418.67,0.2855
418.69,0.2857
418.71,0.2859
418.73,0.2861
418.74,0.2863
418.76,0.2865
418.78,0.2867
418.8,0.2869
418.81,0.28709
418.83,0.28729
418.85,0.28749
418.87,0.28768
418.88,0.28788
418.9,0.28807
418.92,0.28826
418.94,0.28846
418.95,0.28865
418.97,0.28884
418.99,0.28903
419.01,0.28922
419.02,0.28941
419.04,0.2896
419.06,0.28979
419.08,0.28998
419.09,0.29017
419.11,0.29036
419.13,0.29054
419.15,0.29073
419.16,0.29091
419.18,0.2911
419.2,0.29128
419.22,0.29147
419.23,0.29165
419.25,0.29183
419.27,0.29201
419.29,0.2922
419.3,0.29238
419.32,0.29256
419.34,0.29274
419.36,0.29291
419.38,0.29309
419.39,0.29327
419.41,0.29345
419.43,0.29363
419.45,0.2938
419.46,0.29398
419.48,0.29415
419.5,0.29433
419.52,0.2945
419.53,0.29467
419.55,0.29485
419.57,0.29502
419.59,0.29519
419.6,0.29536
419.62,0.29553
419.64,0.2957
419.66,0.29587
419.67,0.29604
419.69,0.2962
419.71,0.29637
419.73,0.29654
419.74,0.2967
419.76,0.29687
419.78,0.29704
419.8,0.2972
419.82,0.29736
419.83,0.29753
419.85,0.29769
419.87,0.29785
419.89,0.29801
419.9,0.29817
419.92,0.29833
419.94,0.29849
419.96,0.29865
419.97,0.29881
419.99,0.29897
420.01,0.29913
420.03,0.29928
420.04,0.29944
420.06,0.2996
420.08,0.29975
420.1,0.2999
420.12,0.30006
420.13,0.30021
420.15,0.30036
420.17,0.30052
420.19,0.30067
420.2,0.30082
420.22,0.30097
420.24,0.30112
420.26,0.30127
420.27,0.30142
420.29,0.30157
420.31,0.30171
420.33,0.30186
420.34,0.30201
420.36,0.30215
420.38,0.3023
420.4,0.30244
420.42,0.30259
420.43,0.30273
420.45,0.30287
420.47,0.30302
420.49,0.30316
420.5,0.3033
420.52,0.30344
420.54,0.30358
420.56,0.30372
420.57,0.30386
420.59,0.304
420.61,0.30413
420.63,0.30427
420.65,0.30441
420.66,0.30455
420.68,0.30468
420.7,0.30482
420.72,0.30495
420.73,0.30508
420.75,0.30522
420.77,0.30535
420.79,0.30548
420.8,0.30562
420.82,0.30575
420.84,0.30588
420.86,0.30601
420.88,0.30614
420.89,0.30627
420.91,0.3064
420.93,0.30652
420.95,0.30665
420.96,0.30678
420.98,0.3069
421,0.30703
421.02,0.30716
421.03,0.30728
421.05,0.30741
421.07,0.30753
421.09,0.30765
421.11,0.30778
421.12,0.3079
421.14,0.30802
421.16,0.30814
421.18,0.30826
421.19,0.30838
421.21,0.3085
421.23,0.30862
421.25,0.30874
421.27,0.30886
421.28,0.30898
421.3,0.30909
421.32,0.30921
421.34,0.30933
421.35,0.30944
421.37,0.30956
421.39,0.30967
421.41,0.30979
421.43,0.3099
421.44,0.31001
421.46,0.31013
421.48,0.31024
421.5,0.31035
421.51,0.31046
421.53,0.31057
421.55,0.31068
421.57,0.31079
421.59,0.3109
421.6,0.31101
421.62,0.31112
421.64,0.31123
421.66,0.31133
421.67,0.31144
421.69,0.31155
421.71,0.31165
421.73,0.31176
421.75,0.31186
421.76,0.31197
421.78,0.31207
421.8,0.31218
421.82,0.31228
421.83,0.31238
421.85,0.31249
421.87,0.31259
421.89,0.31269
421.91,0.31279
421.92,0.31289
421.94,0.31299
421.96,0.31309
421.98,0.31319
421.99,0.31329
422.01,0.31339
422.03,0.31349
422.05,0.31359
422.07,0.31368
422.08,0.31378
422.1,0.31388
422.12,0.31397
422.14,0.31407
422.15,0.31417
422.17,0.31426
422.19,0.31436
422.21,0.31445
422.23,0.31454
422.24,0.31464
422.26,0.31473
422.28,0.31482
422.3,0.31492
422.32,0.31501
422.33,0.3151
422.35,0.31519
422.37,0.31528
422.39,0.31537
422.4,0.31546
422.42,0.31555
422.44,0.31564
422.46,0.31573
422.48,0.31582
422.49,0.31591
422.51,0.316
422.53,0.31608
422.55,0.31617
422.56,0.31626
422.58,0.31635
422.6,0.31643
422.62,0.31652
422.64,0.3166
422.65,0.31669
422.67,0.31677
422.69,0.31686
422.71,0.31694
422.73,0.31703
422.74,0.31711
422.76,0.3172
422.78,0.31728
422.8,0.31736
422.82,0.31745
422.83,0.31753
422.85,0.31761
422.87,0.31769
422.89,0.31778
422.9,0.31786
422.92,0.31794
422.94,0.31802
422.96,0.3181
422.98,0.31818
422.99,0.31826
423.01,0.31834
423.03,0.31842
423.05,0.3185
423.07,0.31858
423.08,0.31866
423.1,0.31874
423.12,0.31882
423.14,0.31889
423.16,0.31897
423.17,0.31905
423.19,0.31913
423.21,0.31921
423.23,0.31928
423.24,0.31936
423.26,0.31944
423.28,0.31951
423.3,0.31959
423.32,0.31967
423.33,0.31974
423.35,0.31982
423.37,0.3199
423.39,0.31997
423.41,0.32005
423.42,0.32012
423.44,0.3202
423.46,0.32027
423.48,0.32035
423.5,0.32042
423.51,0.3205
423.53,0.32057
423.55,0.32065
423.57,0.32072
423.59,0.3208
423.6,0.32087
423.62,0.32095
423.64,0.32102
423.66,0.32109
423.67,0.32117
423.69,0.32124
423.71,0.32131
423.73,0.32139
423.75,0.32146
423.76,0.32153
423.78,0.32161
423.8,0.32168
423.82,0.32175
423.84,0.32183
423.85,0.3219
423.87,0.32197
423.89,0.32205
423.91,0.32212
423.93,0.32219
423.94,0.32227
423.96,0.32234
423.98,0.32241
424,0.32248
424.02,0.32256
424.03,0.32263
424.05,0.3227
424.07,0.32278
424.09,0.32285
424.11,0.32292
424.12,0.32299
424.14,0.32307
424.16,0.32314
424.18,0.32321
424.2,0.32329
424.21,0.32336
424.23,0.32343
424.25,0.3235
424.27,0.32358
424.29,0.32365
424.3,0.32372
424.32,0.3238
424.34,0.32387
424.36,0.32394
424.38,0.32402
424.39,0.32409
424.41,0.32417
424.43,0.32424
424.45,0.32431
424.47,0.32439
424.48,0.32446
424.5,0.32454
424.52,0.32461
424.54,0.32468
424.56,0.32476
424.57,0.32483
424.59,0.32491
424.61,0.32498
424.63,0.32506
424.65,0.32513
424.66,0.32521
424.68,0.32529
424.7,0.32536
424.72,0.32544
424.74,0.32551
424.75,0.32559
424.77,0.32567
424.79,0.32574
424.81,0.32582
424.83,0.3259
424.84,0.32598
424.86,0.32605
424.88,0.32613
424.9,0.32621
424.92,0.32629
424.94,0.32637
424.95,0.32644
424.97,0.32652
424.99,0.3266
425.01,0.32668
425.03,0.32676
425.04,0.32684
425.06,0.32692
425.08,0.327
425.1,0.32708
425.12,0.32716
425.13,0.32725
425.15,0.32733
425.17,0.32741
425.19,0.32749
425.21,0.32757
425.22,0.32766
425.24,0.32774
425.26,0.32782
425.28,0.32791
425.3,0.32799
425.31,0.32808
425.33,0.32816
425.35,0.32825
425.37,0.32833
425.39,0.32842
425.41,0.3285
425.42,0.32859
425.44,0.32868
425.46,0.32877
425.48,0.32885
425.5,0.32894
425.51,0.32903
425.53,0.32912
425.55,0.32921
425.57,0.3293
425.59,0.32939
425.6,0.32948
425.62,0.32957
425.64,0.32966
425.66,0.32975
425.68,0.32985
425.69,0.32994
425.71,0.33003
425.73,0.33013
425.75,0.33022
425.77,0.33032
425.79,0.33041
425.8,0.33051
425.82,0.3306
425.84,0.3307
425.86,0.3308
425.88,0.33089
425.89,0.33099
425.91,0.33109
425.93,0.33119
425.95,0.33129
425.97,0.33139
425.99,0.33149
426,0.33159
426.02,0.33169
426.04,0.33179
426.06,0.3319
426.08,0.332
426.09,0.3321
426.11,0.33221
426.13,0.33231
426.15,0.33242
426.17,0.33252
426.18,0.33263
426.2,0.33274
426.22,0.33285
426.24,0.33295
426.26,0.33306
426.28,0.33317
426.29,0.33328
426.31,0.33339
426.33,0.3335
426.35,0.33362
426.37,0.33373
426.38,0.33384
426.4,0.33396
426.42,0.33407
426.44,0.33419
426.46,0.3343
426.48,0.33442
426.49,0.33454
426.51,0.33465
426.53,0.33477
426.55,0.33489
426.57,0.33501
426.58,0.33513
426.6,0.33525
426.62,0.33537
426.64,0.3355
426.66,0.33562
426.68,0.33574
426.69,0.33587
426.71,0.33599
426.73,0.33612
426.75,0.33625
426.77,0.33637
426.79,0.3365
426.8,0.33663
426.82,0.33676
426.84,0.33689
426.86,0.33702
426.88,0.33715
426.89,0.33729
426.91,0.33742
426.93,0.33755
426.95,0.33769
426.97,0.33782
426.99,0.33796
427,0.3381
427.02,0.33824
427.04,0.33837
427.06,0.33851
427.08,0.33865
427.09,0.3388
427.11,0.33894
427.13,0.33908
427.15,0.33922
427.17,0.33937
427.19,0.33951
427.2,0.33966
427.22,0.33981
427.24,0.33995
427.26,0.3401
427.28,0.34025
427.3,0.3404
427.31,0.34055
427.33,0.3407
427.35,0.34086
427.37,0.34101
427.39,0.34116
427.41,0.34132
427.42,0.34147
427.44,0.34163
427.46,0.34179
427.48,0.34195
427.5,0.34211
427.51,0.34227
427.53,0.34243
427.55,0.34259
427.57,0.34275
427.59,0.34292
427.61,0.34308
427.62,0.34325
427.64,0.34341
427.66,0.34358
427.68,0.34375
427.7,0.34392
427.72,0.34409
427.73,0.34426
427.75,0.34443
427.77,0.34461
427.79,0.34478
427.81,0.34495
427.83,0.34513
427.84,0.34531
427.86,0.34548
427.88,0.34566
427.9,0.34584
427.92,0.34602
427.94,0.3462
427.95,0.34639
427.97,0.34657
427.99,0.34675
428.01,0.34694
428.03,0.34713
428.05,0.34731
428.06,0.3475
428.08,0.34769
428.1,0.34788
428.12,0.34807
428.14,0.34826
428.16,0.34846
428.17,0.34865
428.19,0.34884
428.21,0.34904
428.23,0.34924
428.25,0.34944
428.27,0.34963
428.28,0.34983
428.3,0.35003
428.32,0.35024
428.34,0.35044
428.36,0.35064
428.38,0.35085
428.39,0.35105
428.41,0.35126
428.43,0.35147
428.45,0.35168
428.47,0.35189
428.49,0.3521
428.5,0.35231
428.52,0.35252
428.54,0.35274
428.56,0.35295
428.58,0.35317
428.6,0.35338
428.61,0.3536
428.63,0.35382
428.65,0.35404
428.67,0.35426
428.69,0.35448
428.71,0.35471
428.72,0.35493
428.74,0.35516
428.76,0.35538
428.78,0.35561
428.8,0.35584
428.82,0.35607
428.83,0.3563
428.85,0.35653
428.87,0.35676
428.89,0.35699
428.91,0.35723
428.93,0.35746
428.95,0.3577
428.96,0.35794
428.98,0.35818
429,0.35842
429.02,0.35866
429.04,0.3589
429.06,0.35914
429.07,0.35939
429.09,0.35963
429.11,0.35988
429.13,0.36012
429.15,0.36037
429.17,0.36062
429.18,0.36087
429.2,0.36112
429.22,0.36138
429.24,0.36163
429.26,0.36188
429.28,0.36214
429.3,0.36239
429.31,0.36265
429.33,0.36291
429.35,0.36317
429.37,0.36343
429.39,0.36369
429.41,0.36396
429.42,0.36422
429.44,0.36448
429.46,0.36475
429.48,0.36502
429.5,0.36529
429.52,0.36556
429.53,0.36583
429.55,0.3661
429.57,0.36637
429.59,0.36664
429.61,0.36692
429.63,0.36719
429.65,0.36747
429.66,0.36775
429.68,0.36802
429.7,0.3683
429.72,0.36858
429.74,0.36887
429.76,0.36915
429.77,0.36943
429.79,0.36972
429.81,0.37
429.83,0.37029
429.85,0.37058
429.87,0.37087
429.89,0.37116
429.9,0.37145
429.92,0.37174
429.94,0.37203
429.96,0.37233
429.98,0.37262
430,0.37292
430.02,0.37322
430.03,0.37352
430.05,0.37381
430.07,0.37411
430.09,0.37442
430.11,0.37472
430.13,0.37502
430.14,0.37533
430.16,0.37563
430.18,0.37594
430.2,0.37625
430.22,0.37655
430.24,0.37686
430.26,0.37717
430.27,0.37749
430.29,0.3778
430.31,0.37811
430.33,0.37843
430.35,0.37874
430.37,0.37906
430.39,0.37938
430.4,0.3797
430.42,0.38001
430.44,0.38034
430.46,0.38066
430.48,0.38098
430.5,0.3813
430.51,0.38163
430.53,0.38195
430.55,0.38228
430.57,0.38261
430.59,0.38294
430.61,0.38326
430.63,0.3836
430.64,0.38393
430.66,0.38426
430.68,0.38459
430.7,0.38493
430.72,0.38526
430.74,0.3856
430.76,0.38594
430.77,0.38627
430.79,0.38661
430.81,0.38695
430.83,0.38729
430.85,0.38764
430.87,0.38798
430.89,0.38832
430.9,0.38867
430.92,0.38901
430.94,0.38936
430.96,0.38971
430.98,0.39005
431,0.3904
431.02,0.39075
431.03,0.39111
431.05,0.39146
431.07,0.39181
431.09,0.39216
431.11,0.39252
431.13,0.39287
431.15,0.39323
431.16,0.39359
431.18,0.39395
431.2,0.39431
431.22,0.39467
431.24,0.39503
431.26,0.39539
431.28,0.39575
431.29,0.39612
431.31,0.39648
431.33,0.39685
431.35,0.39721
431.37,0.39758
431.39,0.39795
431.41,0.39832
431.42,0.39869
431.44,0.39906
431.46,0.39943
431.48,0.3998
431.5,0.40017
431.52,0.40055
431.54,0.40092
431.56,0.4013
431.57,0.40167
431.59,0.40205
431.61,0.40243
431.63,0.40281
431.65,0.40319
431.67,0.40357
431.69,0.40395
431.7,0.40433
431.72,0.40471
431.74,0.4051
431.76,0.40548
431.78,0.40587
431.8,0.40625
431.82,0.40664
431.83,0.40703
431.85,0.40742
431.87,0.40781
431.89,0.4082
431.91,0.40859
431.93,0.40898
431.95,0.40937
431.97,0.40976
431.98,0.41016
432,0.41055
432.02,0.41095
432.04,0.41134
432.06,0.41174
432.08,0.41213
432.1,0.41253
432.11,0.41293
432.13,0.41333
432.15,0.41373
432.17,0.41413
432.19,0.41453
432.21,0.41494
432.23,0.41534
432.25,0.41574
432.26,0.41615
432.28,0.41655
432.3,0.41696
432.32,0.41736
432.34,0.41777
432.36,0.41818
432.38,0.41858
432.4,0.41899
432.41,0.4194
432.43,0.41981
432.45,0.42022
432.47,0.42064
432.49,0.42105
432.51,0.42146
432.53,0.42187
432.54,0.42229
432.56,0.4227
432.58,0.42312
432.6,0.42353
432.62,0.42395
432.64,0.42437
432.66,0.42478
432.68,0.4252
432.69,0.42562
432.71,0.42604
432.73,0.42646
432.75,0.42688
432.77,0.4273
432.79,0.42772
432.81,0.42814
432.83,0.42857
432.84,0.42899
432.86,0.42941
432.88,0.42984
432.9,0.43026
432.92,0.43069
432.94,0.43111
432.96,0.43154
432.98,0.43197
432.99,0.43239
433.01,0.43282
433.03,0.43325
433.05,0.43368
433.07,0.43411
433.09,0.43454
433.11,0.43497
433.13,0.4354
433.14,0.43583
433.16,0.43626
433.18,0.4367
433.2,0.43713
433.22,0.43756
433.24,0.438
433.26,0.43843
433.28,0.43886
433.29,0.4393
433.31,0.43973
433.33,0.44017
433.35,0.44061
433.37,0.44104
433.39,0.44148
433.41,0.44192
433.43,0.44236
433.44,0.44279
433.46,0.44323
433.48,0.44367
433.5,0.44411
433.52,0.44455
433.54,0.44499
433.56,0.44543
433.58,0.44587
433.59,0.44631
433.61,0.44675
433.63,0.4472
433.65,0.44764
433.67,0.44808
433.69,0.44852
433.71,0.44897
433.73,0.44941
433.75,0.44986
433.76,0.4503
433.78,0.45074
433.8,0.45119
433.82,0.45163
433.84,0.45208
433.86,0.45253
433.88,0.45297
433.9,0.45342
433.91,0.45387
433.93,0.45431
433.95,0.45476
433.97,0.45521
433.99,0.45565
434.01,0.4561
434.03,0.45655
434.05,0.457
434.07,0.45745
434.08,0.4579
434.1,0.45835
434.12,0.4588
434.14,0.45925
434.16,0.4597
434.18,0.46015
434.2,0.4606
434.22,0.46105
434.24,0.4615
434.25,0.46195
434.27,0.4624
434.29,0.46285
434.31,0.4633
434.33,0.46375
434.35,0.4642
434.37,0.46466
434.39,0.46511
434.4,0.46556
434.42,0.46601
434.44,0.46647
434.46,0.46692
434.48,0.46737
434.5,0.46782
434.52,0.46828
434.54,0.46873
434.56,0.46918
434.57,0.46964
434.59,0.47009
434.61,0.47054
434.63,0.471
434.65,0.47145
434.67,0.4719
434.69,0.47236
434.71,0.47281
434.73,0.47327
434.74,0.47372
434.76,0.47417
434.78,0.47463
434.8,0.47508
434.82,0.47554
434.84,0.47599
434.86,0.47645
434.88,0.4769
434.9,0.47735
434.91,0.47781
434.93,0.47826
434.95,0.47872
434.97,0.47917
434.99,0.47963
435.01,0.48008
435.03,0.48053
435.05,0.48099
435.07,0.48144
435.09,0.4819
435.1,0.48235
435.12,0.4828
435.14,0.48326
435.16,0.48371
435.18,0.48417
435.2,0.48462
435.22,0.48507
435.24,0.48553
435.26,0.48598
435.27,0.48643
435.29,0.48689
435.31,0.48734
435.33,0.48779
435.35,0.48825
435.37,0.4887
435.39,0.48915
435.41,0.48961
435.43,0.49006
435.45,0.49051
435.46,0.49096
435.48,0.49141
435.5,0.49187
435.52,0.49232
435.54,0.49277
435.56,0.49322
435.58,0.49367
435.6,0.49412
435.62,0.49457
435.63,0.49502
435.65,0.49547
435.67,0.49592
435.69,0.49637
435.71,0.49682
435.73,0.49727
435.75,0.49772
435.77,0.49817
435.79,0.49862
435.81,0.49907
435.82,0.49952
435.84,0.49996
435.86,0.50041
435.88,0.50086
435.9,0.50131
435.92,0.50175
435.94,0.5022
435.96,0.50265
435.98,0.50309
436,0.50354
436.01,0.50398
436.03,0.50443
436.05,0.50487
436.07,0.50532
436.09,0.50576
436.11,0.5062
436.13,0.50665
436.15,0.50709
436.17,0.50753
436.19,0.50797
436.21,0.50841
436.22,0.50886
436.24,0.5093
436.26,0.50974
436.28,0.51018
436.3,0.51062
436.32,0.51105
436.34,0.51149
436.36,0.51193
436.38,0.51237
436.4,0.51281
436.41,0.51324
436.43,0.51368
436.45,0.51411
436.47,0.51455
436.49,0.51498
436.51,0.51542
436.53,0.51585
436.55,0.51628
436.57,0.51672
436.59,0.51715
436.6,0.51758
436.62,0.51801
436.64,0.51844
436.66,0.51887
436.68,0.5193
436.7,0.51973
436.72,0.52016
436.74,0.52059
436.76,0.52101
436.78,0.52144
436.8,0.52186
436.81,0.52229
436.83,0.52271
436.85,0.52314
436.87,0.52356
436.89,0.52398
436.91,0.52441
436.93,0.52483
436.95,0.52525
436.97,0.52567
436.99,0.52609
437.01,0.5265
437.02,0.52692
437.04,0.52734
437.06,0.52775
437.08,0.52817
437.1,0.52858
437.12,0.529
437.14,0.52941
437.16,0.52982
437.18,0.53024
437.2,0.53065
437.22,0.53106
437.23,0.53147
437.25,0.53187
437.27,0.53228
437.29,0.53269
437.31,0.53309
437.33,0.5335
437.35,0.5339
437.37,0.53431
437.39,0.53471
437.41,0.53511
437.43,0.53551
437.45,0.53591
437.46,0.53631
437.48,0.53671
437.5,0.5371
437.52,0.5375
437.54,0.5379
437.56,0.53829
437.58,0.53868
437.6,0.53907
437.62,0.53947
437.64,0.53986
437.66,0.54025
437.68,0.54063
437.69,0.54102
437.71,0.54141
437.73,0.54179
437.75,0.54218
437.77,0.54256
437.79,0.54294
437.81,0.54332
437.83,0.5437
437.85,0.54408
437.87,0.54446
437.89,0.54483
437.91,0.54521
437.92,0.54558
437.94,0.54595
437.96,0.54633
437.98,0.5467
438,0.54707
438.02,0.54743
438.04,0.5478
438.06,0.54817
438.08,0.54853
438.1,0.54889
438.12,0.54926
438.14,0.54962
438.15,0.54998
438.17,0.55033
438.19,0.55069
438.21,0.55105
438.23,0.5514
438.25,0.55175
438.27,0.5521
438.29,0.55245
438.31,0.5528
438.33,0.55315
438.35,0.5535
438.37,0.55384
438.38,0.55418
438.4,0.55453
438.42,0.55487
438.44,0.55521
438.46,0.55554
438.48,0.55588
438.5,0.55621
438.52,0.55655
438.54,0.55688
438.56,0.55721
438.58,0.55754
438.6,0.55787
438.62,0.55819
438.63,0.55851
438.65,0.55884
438.67,0.55916
438.69,0.55948
438.71,0.5598
438.73,0.56011
438.75,0.56043
438.77,0.56074
438.79,0.56105
438.81,0.56136
438.83,0.56167
438.85,0.56197
438.87,0.56228
438.89,0.56258
438.9,0.56288
438.92,0.56318
438.94,0.56348
438.96,0.56377
438.98,0.56407
439,0.56436
439.02,0.56465
439.04,0.56494
439.06,0.56523
439.08,0.56551
439.1,0.5658
439.12,0.56608
439.14,0.56636
439.16,0.56663
439.17,0.56691
439.19,0.56718
439.21,0.56746
439.23,0.56773
439.25,0.56799
439.27,0.56826
439.29,0.56852
439.31,0.56879
439.33,0.56905
439.35,0.56931
439.37,0.56956
439.39,0.56982
439.41,0.57007
439.43,0.57032
439.44,0.57057
439.46,0.57081
439.48,0.57106
439.5,0.5713
439.52,0.57154
439.54,0.57177
439.56,0.57201
439.58,0.57224
439.6,0.57247
439.62,0.5727
439.64,0.57293
439.66,0.57315
439.68,0.57338
439.7,0.5736
439.72,0.57381
439.73,0.57403
439.75,0.57424
439.77,0.57445
439.79,0.57466
439.81,0.57487
439.83,0.57507
439.85,0.57527
439.87,0.57547
439.89,0.57567
439.91,0.57587
439.93,0.57606
439.95,0.57625
439.97,0.57643
439.99,0.57662
440.01,0.5768
440.02,0.57698
440.04,0.57716
440.06,0.57734
440.08,0.57751
440.1,0.57768
440.12,0.57785
440.14,0.57801
440.16,0.57817
440.18,0.57833
440.2,0.57849
440.22,0.57865
440.24,0.5788
440.26,0.57895
440.28,0.57909
440.3,0.57924
440.32,0.57938
440.33,0.57952
440.35,0.57966
440.37,0.57979
440.39,0.57992
440.41,0.58005
440.43,0.58017
440.45,0.5803
440.47,0.58042
440.49,0.58053
440.51,0.58065
440.53,0.58076
440.55,0.58087
440.57,0.58097
440.59,0.58108
440.61,0.58118
440.63,0.58128
440.65,0.58137
440.66,0.58146
440.68,0.58155
440.7,0.58164
440.72,0.58172
440.74,0.5818
440.76,0.58188
440.78,0.58195
440.8,0.58202
440.82,0.58209
440.84,0.58216
440.86,0.58222
440.88,0.58228
440.9,0.58233
440.92,0.58239
440.94,0.58244
440.96,0.58248
440.98,0.58253
440.99,0.58257
441.01,0.58261
441.03,0.58264
441.05,0.58267
441.07,0.5827
441.09,0.58273
441.11,0.58275
441.13,0.58277
441.15,0.58278
441.17,0.58279
441.19,0.5828
441.21,0.58281
441.23,0.58281
441.25,0.58281
441.27,0.58281
441.29,0.5828
441.31,0.58279
441.33,0.58278
441.35,0.58276
441.36,0.58274
441.38,0.58272
441.4,0.58269
441.42,0.58266
441.44,0.58263
441.46,0.58259
441.48,0.58255
441.5,0.5825
441.52,0.58246
441.54,0.58241
441.56,0.58235
441.58,0.58229
441.6,0.58223
441.62,0.58217
441.64,0.5821
441.66,0.58203
441.68,0.58196
441.7,0.58188
441.72,0.5818
441.74,0.58171
441.75,0.58162
441.77,0.58153
441.79,0.58143
441.81,0.58133
441.83,0.58123
441.85,0.58112
441.87,0.58101
441.89,0.5809
441.91,0.58078
441.93,0.58066
441.95,0.58054
441.97,0.58041
441.99,0.58028
442.01,0.58014
442.03,0.58
442.05,0.57986
442.07,0.57971
442.09,0.57956
442.11,0.57941
442.13,0.57925
442.15,0.57909
442.16,0.57892
442.18,0.57875
442.2,0.57858
442.22,0.57841
442.24,0.57823
442.26,0.57804
442.28,0.57785
442.3,0.57766
442.32,0.57747
442.34,0.57727
442.36,0.57707
442.38,0.57686
442.4,0.57665
442.42,0.57643
442.44,0.57622
442.46,0.57599
442.48,0.57577
442.5,0.57554
442.52,0.57531
442.54,0.57507
442.56,0.57483
442.58,0.57458
442.6,0.57433
442.61,0.57408
442.63,0.57382
442.65,0.57356
442.67,0.5733
442.69,0.57303
442.71,0.57276
442.73,0.57248
442.75,0.5722
442.77,0.57192
442.79,0.57163
442.81,0.57134
442.83,0.57104
442.85,0.57074
442.87,0.57044
442.89,0.57013
442.91,0.56982
442.93,0.56951
442.95,0.56919
442.97,0.56886
442.99,0.56854
443.01,0.56821
443.03,0.56787
443.05,0.56753
443.07,0.56719
443.09,0.56684
443.11,0.56649
443.12,0.56613
443.14,0.56577
443.16,0.56541
443.18,0.56504
443.2,0.56467
443.22,0.5643
443.24,0.56392
443.26,0.56354
443.28,0.56315
443.3,0.56276
443.32,0.56236
443.34,0.56196
443.36,0.56156
443.38,0.56115
443.4,0.56074
443.42,0.56033
443.44,0.55991
443.46,0.55948
443.48,0.55906
443.5,0.55862
443.52,0.55819
443.54,0.55775
443.56,0.55731
443.58,0.55686
443.6,0.55641
443.62,0.55595
443.64,0.55549
443.66,0.55503
443.68,0.55456
443.7,0.55409
443.71,0.55362
443.73,0.55314
443.75,0.55265
443.77,0.55216
443.79,0.55167
443.81,0.55118
443.83,0.55068
443.85,0.55017
443.87,0.54967
443.89,0.54916
443.91,0.54864
443.93,0.54812
443.95,0.5476
443.97,0.54707
443.99,0.54654
444.01,0.546
444.03,0.54546
444.05,0.54492
444.07,0.54437
444.09,0.54382
444.11,0.54327
444.13,0.54271
444.15,0.54215
444.17,0.54158
444.19,0.54101
444.21,0.54043
444.23,0.53985
444.25,0.53927
444.27,0.53869
444.29,0.53809
444.31,0.5375
444.33,0.5369
444.35,0.5363
444.37,0.53569
444.39,0.53508
444.4,0.53447
444.42,0.53385
444.44,0.53323
444.46,0.53261
444.48,0.53198
444.5,0.53134
444.52,0.53071
444.54,0.53007
444.56,0.52942
444.58,0.52877
444.6,0.52812
444.62,0.52746
444.64,0.5268
444.66,0.52614
444.68,0.52547
444.7,0.5248
444.72,0.52413
444.74,0.52345
444.76,0.52277
444.78,0.52208
444.8,0.52139
444.82,0.5207
444.84,0.52
444.86,0.5193
444.88,0.5186
444.9,0.51789
444.92,0.51718
444.94,0.51646
444.96,0.51574
444.98,0.51502
445,0.51429
445.02,0.51356
445.04,0.51283
445.06,0.51209
445.08,0.51135
445.1,0.51061
445.12,0.50986
445.14,0.50911
445.16,0.50835
445.18,0.5076
445.2,0.50683
445.22,0.50607
445.24,0.5053
445.26,0.50453
445.28,0.50375
445.3,0.50297
445.32,0.50219
445.34,0.5014
445.35,0.50062
445.37,0.49982
445.39,0.49903
445.41,0.49823
445.43,0.49742
445.45,0.49662
445.47,0.49581
445.49,0.495
445.51,0.49418
445.53,0.49336
445.55,0.49254
445.57,0.49171
445.59,0.49088
445.61,0.49005
445.63,0.48922
445.65,0.48838
445.67,0.48753
445.69,0.48669
445.71,0.48584
445.73,0.48499
445.75,0.48414
445.77,0.48328
445.79,0.48242
445.81,0.48155
445.83,0.48069
445.85,0.47982
445.87,0.47894
445.89,0.47807
445.91,0.47719
445.93,0.47631
445.95,0.47542
445.97,0.47454
445.99,0.47365
446.01,0.47275
446.03,0.47186
446.05,0.47096
446.07,0.47005
446.09,0.46915
446.11,0.46824
446.13,0.46733
446.15,0.46642
446.17,0.4655
446.19,0.46458
446.21,0.46366
446.23,0.46274
446.25,0.46181
446.27,0.46088
446.29,0.45995
446.31,0.45901
446.33,0.45808
446.35,0.45714
446.37,0.45619
446.39,0.45525
446.41,0.4543
446.43,0.45335
446.45,0.4524
446.47,0.45144
446.49,0.45048
446.51,0.44952
446.53,0.44856
446.55,0.4476
446.57,0.44663
446.59,0.44566
446.61,0.44469
446.63,0.44371
446.65,0.44274
446.67,0.44176
446.69,0.44078
446.71,0.43979
446.73,0.43881
446.75,0.43782
446.77,0.43683
446.79,0.43584
446.81,0.43484
446.83,0.43385
446.85,0.43285
446.87,0.43185
446.89,0.43084
446.91,0.42984
446.93,0.42883
446.95,0.42782
446.97,0.42681
446.99,0.4258
447.01,0.42478
447.03,0.42377
447.05,0.42275
447.07,0.42173
447.09,0.42071
447.11,0.41968
447.13,0.41866
447.15,0.41763
447.17,0.4166
447.19,0.41557
447.21,0.41453
447.23,0.4135
447.25,0.41246
447.27,0.41142
447.29,0.41039
447.31,0.40934
447.33,0.4083
447.35,0.40726
447.37,0.40621
447.39,0.40516
447.41,0.40411
447.43,0.40306
447.45,0.40201
447.47,0.40096
447.49,0.3999
447.51,0.39885
447.53,0.39779
447.55,0.39673
447.57,0.39567
447.59,0.39461
447.61,0.39355
447.63,0.39248
447.65,0.39142
447.67,0.39035
447.69,0.38928
447.71,0.38821
447.73,0.38714
447.75,0.38607
447.77,0.385
447.79,0.38393
447.81,0.38285
447.83,0.38178
447.85,0.3807
447.87,0.37962
447.89,0.37854
447.91,0.37747
447.93,0.37638
447.95,0.3753
447.97,0.37422
447.99,0.37314
448.01,0.37205
448.03,0.37097
448.05,0.36989
448.07,0.3688
448.09,0.36771
448.11,0.36662
448.13,0.36554
448.15,0.36445
448.17,0.36336
448.19,0.36227
448.21,0.36118
448.23,0.36009
448.25,0.35899
448.27,0.3579
448.29,0.35681
448.31,0.35571
448.33,0.35462
448.35,0.35353
448.37,0.35243
448.39,0.35134
448.41,0.35024
448.43,0.34914
448.45,0.34805
448.47,0.34695
448.49,0.34585
448.51,0.34476
448.53,0.34366
448.55,0.34256
448.57,0.34146
448.59,0.34037
448.61,0.33927
448.63,0.33817
448.65,0.33707
448.67,0.33597
448.69,0.33487
448.71,0.33378
448.73,0.33268
448.75,0.33158
448.77,0.33048
448.79,0.32938
448.81,0.32828
448.83,0.32718
448.85,0.32609
448.87,0.32499
448.89,0.32389
448.91,0.32279
448.93,0.32169
448.95,0.3206
448.97,0.3195
448.99,0.3184
449.01,0.31731
449.03,0.31621
449.05,0.31511
449.07,0.31402
449.1,0.31292
449.12,0.31183
449.14,0.31073
449.16,0.30964
449.18,0.30855
449.2,0.30745
449.22,0.30636
449.24,0.30527
449.26,0.30418
449.28,0.30308
449.3,0.30199
449.32,0.3009
449.34,0.29981
449.36,0.29873
449.38,0.29764
449.4,0.29655
449.42,0.29546
449.44,0.29438
449.46,0.29329
449.48,0.29221
449.5,0.29112
449.52,0.29004
449.54,0.28896
449.56,0.28788
449.58,0.2868
449.6,0.28572
449.62,0.28464
449.64,0.28356
449.66,0.28249
449.68,0.28141
449.7,0.28033
449.72,0.27926
449.74,0.27819
449.76,0.27712
449.78,0.27605
449.8,0.27498
449.82,0.27391
449.84,0.27284
449.86,0.27177
449.88,0.27071
449.9,0.26964
449.92,0.26858
449.94,0.26752
449.96,0.26646
449.98,0.2654
450,0.26434
450.02,0.26328
450.05,0.26223
450.07,0.26117
450.09,0.26012
450.11,0.25907
450.13,0.25802
450.15,0.25697
450.17,0.25592
450.19,0.25488
450.21,0.25383
450.23,0.25279
450.25,0.25175
450.27,0.25071
450.29,0.24967
450.31,0.24863
450.33,0.24759
450.35,0.24656
450.37,0.24553
450.39,0.2445
450.41,0.24347
450.43,0.24244
450.45,0.24141
450.47,0.24039
450.49,0.23936
450.51,0.23834
450.53,0.23732
450.55,0.2363
450.57,0.23529
450.59,0.23427
450.61,0.23326
450.63,0.23225
450.65,0.23124
450.67,0.23023
450.69,0.22923
450.71,0.22822
450.73,0.22722
450.76,0.22622
450.78,0.22522
450.8,0.22422
450.82,0.22323
450.84,0.22224
450.86,0.22124
450.88,0.22026
450.9,0.21927
450.92,0.21828
450.94,0.2173
450.96,0.21632
450.98,0.21534
451,0.21436
451.02,0.21339
451.04,0.21241
451.06,0.21144
451.08,0.21047
451.1,0.20951
451.12,0.20854
451.14,0.20758
451.16,0.20662
451.18,0.20566
451.2,0.2047
451.22,0.20375
451.24,0.20279
451.26,0.20184
451.28,0.2009
451.3,0.19995
451.32,0.19901
451.35,0.19806
451.37,0.19713
451.39,0.19619
451.41,0.19525
451.43,0.19432
451.45,0.19339
451.47,0.19246
451.49,0.19154
451.51,0.19061
451.53,0.18969
451.55,0.18877
451.57,0.18785
451.59,0.18694
451.61,0.18603
451.63,0.18512
451.65,0.18421
451.67,0.18331
451.69,0.1824
451.71,0.1815
451.73,0.18061
451.75,0.17971
451.77,0.17882
451.79,0.17793
451.81,0.17704
451.83,0.17615
451.85,0.17527
451.88,0.17439
451.9,0.17351
451.92,0.17263
451.94,0.17176
451.96,0.17089
451.98,0.17002
452,0.16915
452.02,0.16829
452.04,0.16743
452.06,0.16657
452.08,0.16571
452.1,0.16486
452.12,0.16401
452.14,0.16316
452.16,0.16231
452.18,0.16147
452.2,0.16063
452.22,0.15979
452.24,0.15895
452.26,0.15812
452.28,0.15729
452.3,0.15646
452.32,0.15563
452.35,0.15481
452.37,0.15399
452.39,0.15317
452.41,0.15236
452.43,0.15154
452.45,0.15073
452.47,0.14993
452.49,0.14912
452.51,0.14832
452.53,0.14752
452.55,0.14672
452.57,0.14593
452.59,0.14514
452.61,0.14435
452.63,0.14356
452.65,0.14278
452.67,0.142
452.69,0.14122
452.71,0.14044
452.73,0.13967
452.76,0.1389
452.78,0.13813
452.8,0.13737
452.82,0.1366
452.84,0.13584
452.86,0.13509
452.88,0.13433
452.9,0.13358
452.92,0.13283
452.94,0.13208
452.96,0.13134
452.98,0.1306
453,0.12986
453.02,0.12913
453.04,0.12839
453.06,0.12766
453.08,0.12693
453.1,0.12621
453.12,0.12549
453.14,0.12477
453.17,0.12405
453.19,0.12334
453.21,0.12263
453.23,0.12192
453.25,0.12121
453.27,0.12051
453.29,0.11981
453.31,0.11911
453.33,0.11842
453.35,0.11772
453.37,0.11703
453.39,0.11635
453.41,0.11566
453.43,0.11498
453.45,0.1143
453.47,0.11363
453.49,0.11295
453.51,0.11228
453.54,0.11162
453.56,0.11095
453.58,0.11029
453.6,0.10963
453.62,0.10897
453.64,0.10832
453.66,0.10767
453.68,0.10702
453.7,0.10637
453.72,0.10573
453.74,0.10509
453.76,0.10445
453.78,0.10381
453.8,0.10318
453.82,0.10255
453.84,0.10192
453.86,0.1013
453.89,0.10068
453.91,0.10006
453.93,0.09944
453.95,0.098826
453.97,0.098215
453.99,0.097606
454.01,0.097
454.03,0.096397
454.05,0.095796
454.07,0.095198
454.09,0.094603
454.11,0.094011
454.13,0.093421
454.15,0.092833
454.17,0.092249
454.19,0.091667
454.22,0.091088
454.24,0.090511
454.26,0.089937
454.28,0.089365
454.3,0.088797
454.32,0.08823
454.34,0.087667
454.36,0.087106
454.38,0.086548
454.4,0.085992
454.42,0.085439
454.44,0.084888
454.46,0.08434
454.48,0.083795
454.5,0.083252
454.52,0.082712
454.55,0.082175
454.57,0.08164
454.59,0.081107
454.61,0.080578
454.63,0.08005
454.65,0.079526
454.67,0.079004
454.69,0.078484
454.71,0.077967
454.73,0.077452
454.75,0.07694
454.77,0.076431
454.79,0.075924
454.81,0.07542
454.83,0.074918
454.86,0.074418
454.88,0.073922
454.9,0.073427
454.92,0.072935
454.94,0.072446
454.96,0.071959
454.98,0.071475
455,0.070993
455.02,0.070513
455.04,0.070036
455.06,0.069562
455.08,0.069089
455.1,0.06862
455.12,0.068153
455.15,0.067688
455.17,0.067225
455.19,0.066765
455.21,0.066308
455.23,0.065853
455.25,0.0654
455.27,0.06495
455.29,0.064502
455.31,0.064056
455.33,0.063613
455.35,0.063172
455.37,0.062734
455.39,0.062297
455.41,0.061864
455.44,0.061432
455.46,0.061003
455.48,0.060577
455.5,0.060152
455.52,0.05973
455.54,0.05931
455.56,0.058893
455.58,0.058478
455.6,0.058065
455.62,0.057654
455.64,0.057246
455.66,0.05684
455.68,0.056436
455.71,0.056034
455.73,0.055635
455.75,0.055238
455.77,0.054843
455.79,0.054451
455.81,0.05406
455.83,0.053672
455.85,0.053286
455.87,0.052903
455.89,0.052521
455.91,0.052142
455.93,0.051765
455.95,0.05139
455.98,0.051017
456,0.050646
456.02,0.050278
456.04,0.049911
456.06,0.049547
456.08,0.049185
456.1,0.048825
456.12,0.048467
456.14,0.048112
456.16,0.047758
456.18,0.047406
456.2,0.047057
456.23,0.04671
456.25,0.046364
456.27,0.046021
456.29,0.04568
456.31,0.045341
456.33,0.045003
456.35,0.044668
456.37,0.044335
456.39,0.044004
456.41,0.043675
456.43,0.043348
456.45,0.043023
456.48,0.0427
456.5,0.042379
456.52,0.04206
456.54,0.041743
456.56,0.041428
456.58,0.041114
456.6,0.040803
456.62,0.040494
456.64,0.040186
456.66,0.039881
456.68,0.039577
456.7,0.039275
456.73,0.038976
456.75,0.038678
456.77,0.038382
456.79,0.038087
456.81,0.037795
456.83,0.037505
456.85,0.037216
456.87,0.036929
456.89,0.036644
456.91,0.036361
456.93,0.03608
456.95,0.0358
456.98,0.035523
457,0.035247
457.02,0.034973
457.04,0.0347
457.06,0.03443
457.08,0.034161
457.1,0.033894
457.12,0.033628
457.14,0.033365
457.16,0.033103
457.18,0.032843
457.21,0.032584
457.23,0.032328
457.25,0.032073
457.27,0.031819
457.29,0.031568
457.31,0.031318
457.33,0.031069
457.35,0.030823
457.37,0.030578
457.39,0.030334
457.41,0.030093
457.44,0.029852
457.46,0.029614
457.48,0.029377
457.5,0.029142
457.52,0.028908
457.54,0.028676
457.56,0.028446
457.58,0.028217
457.6,0.027989
457.62,0.027764
457.64,0.027539
457.67,0.027317
457.69,0.027095
457.71,0.026876
457.73,0.026658
457.75,0.026441
457.77,0.026226
457.79,0.026012
457.81,0.0258
457.83,0.02559
457.85,0.02538
457.88,0.025173
457.9,0.024966
457.92,0.024762
457.94,0.024558
457.96,0.024356
457.98,0.024156
458,0.023957
458.02,0.023759
458.04,0.023563
458.06,0.023368
458.09,0.023175
458.11,0.022983
458.13,0.022792
458.15,0.022603
458.17,0.022415
458.19,0.022228
458.21,0.022043
458.23,0.021859
458.25,0.021676
458.27,0.021495
458.3,0.021315
458.32,0.021136
458.34,0.020959
458.36,0.020783
458.38,0.020608
458.4,0.020435
458.42,0.020263
458.44,0.020092
458.46,0.019922
458.48,0.019754
458.51,0.019586
458.53,0.019421
458.55,0.019256
458.57,0.019092
458.59,0.01893
458.61,0.018769
458.63,0.018609
458.65,0.018451
458.67,0.018293
458.69,0.018137
458.72,0.017982
458.74,0.017828
458.76,0.017675
458.78,0.017523
458.8,0.017373
458.82,0.017223
458.84,0.017075
458.86,0.016928
458.88,0.016782
458.91,0.016637
458.93,0.016494
458.95,0.016351
458.97,0.016209
458.99,0.016069
459.01,0.01593
459.03,0.015791
459.05,0.015654
459.07,0.015518
459.09,0.015383
459.12,0.015249
459.14,0.015116
459.16,0.014984
459.18,0.014853
459.2,0.014723
459.22,0.014594
459.24,0.014466
459.26,0.014339
459.28,0.014213
459.31,0.014088
459.33,0.013964
459.35,0.013841
459.37,0.013719
459.39,0.013598
459.41,0.013478
459.43,0.013359
459.45,0.013241
459.47,0.013124
459.5,0.013007
459.52,0.012892
459.54,0.012777
459.56,0.012664
459.58,0.012551
459.6,0.01244
459.62,0.012329
459.64,0.012219
459.66,0.01211
459.69,0.012002
459.71,0.011894
459.73,0.011788
459.75,0.011682
459.77,0.011578
459.79,0.011474
459.81,0.011371
459.83,0.011269
459.85,0.011167
459.88,0.011067
459.9,0.010967
459.92,0.010868
459.94,0.01077
459.96,0.010673
459.98,0.010576
460,0.010481
460.02,0.010386
460.05,0.010292
460.07,0.010198
460.09,0.010106
460.11,0.010014
460.13,0.0099232
460.15,0.009833
460.17,0.0097435
460.19,0.0096547
460.21,0.0095667
460.24,0.0094795
460.26,0.009393
460.28,0.0093071
460.3,0.0092221
460.32,0.0091377
460.34,0.009054
460.36,0.0089711
460.38,0.0088888
460.41,0.0088073
460.43,0.0087264
460.45,0.0086462
460.47,0.0085667
460.49,0.0084879
460.51,0.0084098
460.53,0.0083323
460.55,0.0082554
460.57,0.0081793
460.6,0.0081038
460.62,0.0080289
460.64,0.0079547
460.66,0.0078811
460.68,0.0078081
460.7,0.0077358
460.72,0.0076641
460.74,0.007593
460.77,0.0075225
460.79,0.0074526
460.81,0.0073834
460.83,0.0073147
460.85,0.0072466
460.87,0.0071792
460.89,0.0071123
460.91,0.007046
460.94,0.0069802
460.96,0.0069151
460.98,0.0068505
461,0.0067865
461.02,0.006723
461.04,0.0066601
461.06,0.0065978
461.08,0.006536
461.11,0.0064747
461.13,0.006414
461.15,0.0063538
461.17,0.0062942
461.19,0.0062351
461.21,0.0061765
461.23,0.0061184
461.25,0.0060608
461.28,0.0060038
461.3,0.0059472
461.32,0.0058912
461.34,0.0058356
461.36,0.0057806
461.38,0.005726
461.4,0.005672
461.42,0.0056184
461.45,0.0055653
461.47,0.0055127
461.49,0.0054605
461.51,0.0054088
461.53,0.0053576
461.55,0.0053068
461.57,0.0052565
461.6,0.0052067
461.62,0.0051573
461.64,0.0051083
461.66,0.0050598
461.68,0.0050118
461.7,0.0049641
461.72,0.0049169
461.74,0.0048702
461.77,0.0048238
461.79,0.0047779
461.81,0.0047324
461.83,0.0046873
461.85,0.0046426
461.87,0.0045983
461.89,0.0045545
461.92,0.004511
461.94,0.004468
461.96,0.0044253
461.98,0.004383
462,0.0043411
462.02,0.0042996
462.04,0.0042585
462.06,0.0042178
462.09,0.0041774
462.11,0.0041374
462.13,0.0040978
462.15,0.0040585
462.17,0.0040196
462.19,0.0039811
462.21,0.0039429
462.24,0.0039051
462.26,0.0038677
462.28,0.0038305
462.3,0.0037938
462.32,0.0037573
462.34,0.0037213
462.36,0.0036855
462.38,0.0036501
462.41,0.003615
462.43,0.0035802
462.45,0.0035458
462.47,0.0035117
462.49,0.0034779
462.51,0.0034444
462.53,0.0034113
462.56,0.0033784
462.58,0.0033459
462.6,0.0033137
462.62,0.0032818
462.64,0.0032501
462.66,0.0032188
462.68,0.0031878
462.71,0.003157
462.73,0.0031266
462.75,0.0030964
462.77,0.0030666
462.79,0.003037
462.81,0.0030077
462.83,0.0029787
462.86,0.0029499
462.88,0.0029214
462.9,0.0028932
462.92,0.0028653
462.94,0.0028376
462.96,0.0028102
462.98,0.0027831
463.01,0.0027562
463.03,0.0027296
463.05,0.0027032
463.07,0.0026771
463.09,0.0026512
463.11,0.0026256
463.13,0.0026002
463.16,0.0025751
463.18,0.0025502
463.2,0.0025255
463.22,0.0025011
463.24,0.002477
463.26,0.002453
463.28,0.0024293
463.31,0.0024058
463.33,0.0023826
463.35,0.0023595
463.37,0.0023367
463.39,0.0023141
463.41,0.0022918
463.43,0.0022696
463.46,0.0022477
463.48,0.0022259
463.5,0.0022044
463.52,0.0021831
463.54,0.002162
463.56,0.0021411
463.59,0.0021204
463.61,0.0021
463.63,0.0020797
463.65,0.0020596
463.67,0.0020397
463.69,0.00202
463.71,0.0020005
463.74,0.0019812
463.76,0.001962
463.78,0.0019431
463.8,0.0019243
463.82,0.0019057
463.84,0.0018874
463.86,0.0018691
463.89,0.0018511
463.91,0.0018333
463.93,0.0018156
463.95,0.0017981
463.97,0.0017807
463.99,0.0017636
464.02,0.0017466
464.04,0.0017297
464.06,0.0017131
464.08,0.0016966
464.1,0.0016802
464.12,0.001664
464.14,0.001648
464.17,0.0016322
464.19,0.0016165
464.21,0.0016009
464.23,0.0015855
464.25,0.0015703
464.27,0.0015552
464.3,0.0015402
464.32,0.0015254
464.34,0.0015108
464.36,0.0014963
464.38,0.0014819
464.4,0.0014677
464.43,0.0014536
464.45,0.0014397
464.47,0.0014259
464.49,0.0014122
464.51,0.0013987
464.53,0.0013853
464.55,0.001372
464.58,0.0013589
464.6,0.0013459
464.62,0.001333
464.64,0.0013203
464.66,0.0013077
464.68,0.0012952
464.71,0.0012828
464.73,0.0012706
464.75,0.0012584
464.77,0.0012464
464.79,0.0012346
464.81,0.0012228
464.84,0.0012111
464.86,0.0011996
464.88,0.0011882
464.9,0.0011769
464.92,0.0011657
464.94,0.0011546
464.96,0.0011437
464.99,0.0011328
465.01,0.001122
465.03,0.0011114
465.05,0.0011009
465.07,0.0010904
465.09,0.0010801
465.12,0.0010699
465.14,0.0010597
465.16,0.0010497
465.18,0.0010398
465.2,0.00103
465.22,0.0010202
465.25,0.0010106
465.27,0.0010011
465.29,0.00099163
465.31,0.00098229
465.33,0.00097304
465.35,0.00096388
465.38,0.00095481
465.4,0.00094583
465.42,0.00093695
465.44,0.00092815
465.46,0.00091943
465.48,0.00091081
465.51,0.00090227
465.53,0.00089382
465.55,0.00088545
465.57,0.00087716
465.59,0.00086896
465.61,0.00086084
465.64,0.0008528
465.66,0.00084484
465.68,0.00083696
465.7,0.00082916
465.72,0.00082143
465.74,0.00081379
465.77,0.00080621
465.79,0.00079872
465.81,0.0007913
465.83,0.00078395
465.85,0.00077668
465.87,0.00076948
465.9,0.00076235
465.92,0.00075529
465.94,0.0007483
465.96,0.00074138
465.98,0.00073453
466,0.00072775
466.03,0.00072104
466.05,0.00071439
466.07,0.00070781
466.09,0.00070129
466.11,0.00069484
466.14,0.00068845
466.16,0.00068213
466.18,0.00067587
466.2,0.00066967
466.22,0.00066354
466.24,0.00065746
466.27,0.00065144
466.29,0.00064549
466.31,0.00063959
466.33,0.00063375
466.35,0.00062797
466.37,0.00062225
466.4,0.00061658
466.42,0.00061097
466.44,0.00060542
466.46,0.00059992
466.48,0.00059447
466.5,0.00058908
466.53,0.00058374
466.55,0.00057846
466.57,0.00057323
466.59,0.00056805
466.61,0.00056291
466.64,0.00055784
466.66,0.00055281
466.68,0.00054783
466.7,0.00054289
466.72,0.00053801
466.74,0.00053318
466.77,0.00052839
466.79,0.00052365
466.81,0.00051896
466.83,0.00051431
466.85,0.00050971
466.88,0.00050516
466.9,0.00050064
466.92,0.00049618
466.94,0.00049175
466.96,0.00048738
466.98,0.00048304
467.01,0.00047874
467.03,0.00047449
467.05,0.00047028
467.07,0.00046611
467.09,0.00046198
467.12,0.00045789
467.14,0.00045385
467.16,0.00044984
467.18,0.00044587
467.2,0.00044193
467.22,0.00043804
467.25,0.00043419
467.27,0.00043037
467.29,0.00042659
467.31,0.00042284
467.33,0.00041914
467.36,0.00041547
467.38,0.00041183
467.4,0.00040823
467.42,0.00040466
467.44,0.00040113
467.46,0.00039763
467.49,0.00039417
467.51,0.00039074
467.53,0.00038734
467.55,0.00038398
467.57,0.00038065
467.6,0.00037735
467.62,0.00037408
467.64,0.00037084
467.66,0.00036764
467.68,0.00036446
467.7,0.00036132
467.73,0.00035821
467.75,0.00035512
467.77,0.00035207
467.79,0.00034904
467.81,0.00034604
467.84,0.00034308
467.86,0.00034014
467.88,0.00033723
467.9,0.00033434
467.92,0.00033149
467.95,0.00032866
467.97,0.00032585
467.99,0.00032308
468.01,0.00032033
468.03,0.00031761
468.06,0.00031491
468.08,0.00031224
468.1,0.00030959
468.12,0.00030697
468.14,0.00030437
468.16,0.0003018
468.19,0.00029925
468.21,0.00029672
468.23,0.00029422
468.25,0.00029175
468.27,0.00028929
468.3,0.00028686
468.32,0.00028445
468.34,0.00028207
468.36,0.00027971
468.38,0.00027736
468.41,0.00027505
468.43,0.00027275
468.45,0.00027047
468.47,0.00026822
468.49,0.00026598
468.52,0.00026377
468.54,0.00026158
468.56,0.0002594
468.58,0.00025725
468.6,0.00025512
468.63,0.00025301
468.65,0.00025091
468.67,0.00024884
468.69,0.00024679
468.71,0.00024475
468.74,0.00024273
468.76,0.00024073
468.78,0.00023875
468.8,0.00023679
468.82,0.00023485
468.85,0.00023292
468.87,0.00023101
468.89,0.00022912
468.91,0.00022725
468.93,0.00022539
468.96,0.00022355
468.98,0.00022173
469,0.00021992
469.02,0.00021813
469.04,0.00021636
469.07,0.0002146
469.09,0.00021286
469.11,0.00021113
469.13,0.00020942
469.15,0.00020772
469.18,0.00020604
469.2,0.00020438
469.22,0.00020273
469.24,0.00020109
469.26,0.00019947
469.29,0.00019787
469.31,0.00019628
469.33,0.0001947
469.35,0.00019313
469.37,0.00019159
469.4,0.00019005
469.42,0.00018853
469.44,0.00018702
469.46,0.00018552
469.48,0.00018404
469.51,0.00018257
469.53,0.00018112
469.55,0.00017967
469.57,0.00017824
469.59,0.00017683
469.62,0.00017542
469.64,0.00017403
469.66,0.00017265
469.68,0.00017128
469.7,0.00016992
469.73,0.00016858
469.75,0.00016725
469.77,0.00016593
469.79,0.00016462
469.81,0.00016332
469.84,0.00016203
469.86,0.00016076
469.88,0.00015949
469.9,0.00015824
469.92,0.00015699
469.95,0.00015576
469.97,0.00015454
469.99,0.00015333
470.01,0.00015213
470.04,0.00015094
470.06,0.00014976
470.08,0.00014859
470.1,0.00014743
470.12,0.00014628
470.15,0.00014514
470.17,0.00014401
470.19,0.00014289
470.21,0.00014178
470.23,0.00014068
470.26,0.00013959
470.28,0.0001385
470.3,0.00013743
470.32,0.00013636
470.34,0.00013531
470.37,0.00013426
470.39,0.00013322
470.41,0.0001322
470.43,0.00013118
470.46,0.00013016
470.48,0.00012916
470.5,0.00012817
470.52,0.00012718
470.54,0.0001262
470.57,0.00012523
470.59,0.00012427
470.61,0.00012332
470.63,0.00012237
470.65,0.00012143
470.68,0.0001205
470.7,0.00011958
470.72,0.00011866
470.74,0.00011776
470.77,0.00011686
470.79,0.00011596
470.81,0.00011508
470.83,0.0001142
470.85,0.00011333
470.88,0.00011247
470.9,0.00011161
470.92,0.00011076
470.94,0.00010992
470.97,0.00010909
470.99,0.00010826
471.01,0.00010744
471.03,0.00010662
471.05,0.00010581
471.08,0.00010501
471.1,0.00010422
471.12,0.00010343
471.14,0.00010264
471.16,0.00010187
471.19,0.0001011
471.21,0.00010034
471.23,9.9578e-05
471.25,9.8827e-05
471.28,9.8082e-05
471.3,9.7343e-05
471.32,9.661e-05
471.34,9.5882e-05
471.36,9.5161e-05
471.39,9.4445e-05
471.41,9.3736e-05
471.43,9.3031e-05
471.45,9.2333e-05
471.48,9.164e-05
471.5,9.0952e-05
471.52,9.027e-05
471.54,8.9594e-05
471.56,8.8923e-05
471.59,8.8257e-05
471.61,8.7596e-05
471.63,8.6941e-05
471.65,8.6291e-05
471.68,8.5646e-05
471.7,8.5006e-05
471.72,8.4372e-05
471.74,8.3742e-05
471.76,8.3117e-05
471.79,8.2497e-05
471.81,8.1882e-05
471.83,8.1272e-05
471.85,8.0666e-05
471.88,8.0066e-05
471.9,7.947e-05
471.92,7.8879e-05
471.94,7.8292e-05
471.97,7.771e-05
471.99,7.7132e-05
472.01,7.6559e-05
472.03,7.5991e-05
472.05,7.5426e-05
472.08,7.4867e-05
472.1,7.4311e-05
472.12,7.376e-05
472.14,7.3213e-05
472.17,7.2671e-05
472.19,7.2132e-05
472.21,7.1598e-05
472.23,7.1068e-05
472.26,7.0542e-05
472.28,7.002e-05
472.3,6.9502e-05
472.32,6.8988e-05
472.34,6.8478e-05
472.37,6.7972e-05
472.39,6.747e-05
472.41,6.6971e-05
472.43,6.6477e-05
472.46,6.5986e-05
472.48,6.5499e-05
472.5,6.5016e-05
472.52,6.4536e-05
472.55,6.406e-05
472.57,6.3588e-05
472.59,6.3119e-05
472.61,6.2654e-05
472.63,6.2193e-05
472.66,6.1735e-05
472.68,6.128e-05
472.7,6.0829e-05
472.72,6.0381e-05
472.75,5.9937e-05
472.77,5.9496e-05
472.79,5.9058e-05
472.81,5.8624e-05
472.84,5.8193e-05
472.86,5.7765e-05
472.88,5.734e-05
472.9,5.6919e-05
472.93,5.6501e-05
472.95,5.6086e-05
472.97,5.5674e-05
472.99,5.5265e-05
473.01,5.4859e-05
473.04,5.4456e-05
473.06,5.4057e-05
473.08,5.366e-05
473.1,5.3266e-05
473.13,5.2875e-05
473.15,5.2487e-05
473.17,5.2102e-05
473.19,5.172e-05
473.22,5.1341e-05
473.24,5.0965e-05
473.26,5.0591e-05
473.28,5.022e-05
473.31,4.9852e-05
473.33,4.9487e-05
473.35,4.9124e-05
473.37,4.8764e-05
473.4,4.8407e-05
473.42,4.8052e-05
473.44,4.77e-05
473.46,4.7351e-05
473.48,4.7004e-05
473.51,4.666e-05
473.53,4.6318e-05
473.55,4.5979e-05
473.57,4.5642e-05
473.6,4.5308e-05
473.62,4.4976e-05
473.64,4.4647e-05
473.66,4.432e-05
473.69,4.3996e-05
473.71,4.3674e-05
473.73,4.3354e-05
473.75,4.3037e-05
473.78,4.2722e-05
473.8,4.2409e-05
473.82,4.2099e-05
473.84,4.1791e-05
473.87,4.1485e-05
473.89,4.1181e-05
473.91,4.088e-05
473.93,4.0581e-05
473.96,4.0284e-05
473.98,3.9989e-05
474,3.9697e-05
474.02,3.9406e-05
474.05,3.9118e-05
474.07,3.8832e-05
474.09,3.8547e-05
474.11,3.8265e-05
474.14,3.7985e-05
474.16,3.7707e-05
474.18,3.7431e-05
474.2,3.7157e-05
474.23,3.6886e-05
474.25,3.6616e-05
474.27,3.6348e-05
474.29,3.6082e-05
474.32,3.5817e-05
474.34,3.5555e-05
474.36,3.5295e-05
474.38,3.5037e-05
474.41,3.478e-05
474.43,3.4525e-05
474.45,3.4273e-05
474.47,3.4022e-05
474.5,3.3773e-05
474.52,3.3525e-05
474.54,3.328e-05
474.56,3.3036e-05
474.59,3.2794e-05
474.61,3.2554e-05
474.63,3.2315e-05
474.65,3.2078e-05
474.68,3.1843e-05
474.7,3.161e-05
474.72,3.1378e-05
474.74,3.1148e-05
474.77,3.092e-05
474.79,3.0693e-05
474.81,3.0468e-05
474.83,3.0245e-05
474.86,3.0023e-05
474.88,2.9803e-05
474.9,2.9584e-05
474.92,2.9367e-05
474.95,2.9152e-05
474.97,2.8938e-05
474.99,2.8726e-05
475.01,2.8515e-05
475.04,2.8306e-05
475.06,2.8098e-05
475.08,2.7892e-05
475.1,2.7687e-05
475.13,2.7483e-05
475.15,2.7282e-05
475.17,2.7081e-05
475.19,2.6882e-05
475.22,2.6685e-05
475.24,2.6489e-05
475.26,2.6294e-05
475.29,2.6101e-05
475.31,2.5909e-05
475.33,2.5718e-05
475.35,2.5529e-05
475.38,2.5341e-05
475.4,2.5155e-05
475.42,2.497e-05
475.44,2.4786e-05
475.47,2.4604e-05
475.49,2.4422e-05
475.51,2.4243e-05
475.53,2.4064e-05
475.56,2.3887e-05
475.58,2.3711e-05
475.6,2.3536e-05
475.62,2.3363e-05
475.65,2.319e-05
475.67,2.3019e-05
475.69,2.285e-05
475.71,2.2681e-05
475.74,2.2514e-05
475.76,2.2348e-05
475.78,2.2183e-05
475.81,2.2019e-05
475.83,2.1857e-05
475.85,2.1695e-05
475.87,2.1535e-05
475.9,2.1376e-05
475.92,2.1218e-05
475.94,2.1061e-05
475.96,2.0906e-05
475.99,2.0751e-05
476.01,2.0598e-05
476.03,2.0445e-05
476.05,2.0294e-05
476.08,2.0144e-05
476.1,1.9995e-05
476.12,1.9847e-05
476.15,1.97e-05
476.17,1.9554e-05
476.19,1.9409e-05
476.21,1.9265e-05
476.24,1.9123e-05
476.26,1.8981e-05
476.28,1.884e-05
476.3,1.87e-05
476.33,1.8562e-05
476.35,1.8424e-05
476.37,1.8287e-05
476.39,1.8152e-05
476.42,1.8017e-05
476.44,1.7883e-05
476.46,1.775e-05
476.49,1.7618e-05
476.51,1.7487e-05
476.53,1.7357e-05
476.55,1.7228e-05
476.58,1.71e-05
476.6,1.6973e-05
476.62,1.6847e-05
476.64,1.6721e-05
476.67,1.6597e-05
476.69,1.6473e-05
476.71,1.6351e-05
476.74,1.6229e-05
476.76,1.6108e-05
476.78,1.5988e-05
476.8,1.5869e-05
476.83,1.575e-05
476.85,1.5633e-05
476.87,1.5516e-05
476.89,1.54e-05
476.92,1.5286e-05
476.94,1.5171e-05
476.96,1.5058e-05
476.99,1.4946e-05
477.01,1.4834e-05
477.03,1.4723e-05
477.05,1.4613e-05
477.08,1.4504e-05
477.1,1.4395e-05
477.12,1.4287e-05
477.14,1.4181e-05
477.17,1.4074e-05
477.19,1.3969e-05
477.21,1.3864e-05
477.24,1.376e-05
477.26,1.3657e-05
477.28,1.3555e-05
477.3,1.3453e-05
477.33,1.3352e-05
477.35,1.3252e-05
477.37,1.3153e-05
477.4,1.3054e-05
477.42,1.2956e-05
477.44,1.2859e-05
477.46,1.2762e-05
477.49,1.2666e-05
477.51,1.2571e-05
477.53,1.2476e-05
477.55,1.2382e-05
477.58,1.2289e-05
477.6,1.2197e-05
477.62,1.2105e-05
477.65,1.2014e-05
477.67,1.1923e-05
477.69,1.1833e-05
477.71,1.1744e-05
477.74,1.1656e-05
477.76,1.1568e-05
477.78,1.148e-05
477.81,1.1394e-05
477.83,1.1308e-05
477.85,1.1222e-05
477.87,1.1138e-05
477.9,1.1053e-05
477.92,1.097e-05
477.94,1.0887e-05
477.97,1.0805e-05
477.99,1.0723e-05
478.01,1.0642e-05
478.03,1.0561e-05
478.06,1.0481e-05
478.08,1.0402e-05
478.1,1.0323e-05
478.13,1.0245e-05
478.15,1.0167e-05
478.17,1.009e-05
478.19,1.0014e-05
478.22,9.9376e-06
478.24,9.8621e-06
478.26,9.7873e-06
478.29,9.7129e-06
478.31,9.6391e-06
478.33,9.5659e-06
478.35,9.4932e-06
478.38,9.421e-06
478.4,9.3493e-06
478.42,9.2782e-06
478.45,9.2075e-06
478.47,9.1374e-06
478.49,9.0679e-06
478.51,8.9988e-06
478.54,8.9302e-06
478.56,8.8621e-06
478.58,8.7945e-06
478.61,8.7274e-06
478.63,8.6609e-06
478.65,8.5947e-06
478.68,8.5291e-06
478.7,8.464e-06
478.72,8.3993e-06
478.74,8.3351e-06
478.77,8.2714e-06
478.79,8.2081e-06
478.81,8.1453e-06
478.84,8.083e-06
478.86,8.0211e-06
478.88,7.9597e-06
478.9,7.8988e-06
478.93,7.8382e-06
478.95,7.7782e-06
478.97,7.7185e-06
479,7.6593e-06
479.02,7.6006e-06
479.04,7.5422e-06
479.06,7.4843e-06
479.09,7.4269e-06
479.11,7.3698e-06
479.13,7.3132e-06
479.16,7.257e-06
479.18,7.2012e-06
479.2,7.1458e-06
479.23,7.0908e-06
479.25,7.0362e-06
479.27,6.982e-06
479.29,6.9283e-06
479.32,6.8749e-06
479.34,6.8219e-06
479.36,6.7693e-06
479.39,6.7171e-06
479.41,6.6653e-06
479.43,6.6138e-06
479.46,6.5628e-06
479.48,6.5121e-06
479.5,6.4618e-06
479.52,6.4119e-06
479.55,6.3623e-06
479.57,6.3131e-06
479.59,6.2643e-06
479.62,6.2158e-06
479.64,6.1677e-06
479.66,6.12e-06
479.69,6.0726e-06
479.71,6.0255e-06
479.73,5.9788e-06
479.75,5.9325e-06
479.78,5.8865e-06
479.8,5.8408e-06
479.82,5.7955e-06
479.85,5.7505e-06
479.87,5.7058e-06
479.89,5.6615e-06
479.92,5.6175e-06
479.94,5.5738e-06
479.96,5.5305e-06
479.98,5.4875e-06
480.01,5.4448e-06
480.03,5.4024e-06
480.05,5.3604e-06
480.08,5.3186e-06
480.1,5.2772e-06
480.12,5.236e-06
480.15,5.1952e-06
480.17,5.1547e-06
480.19,5.1145e-06
480.22,5.0746e-06
480.24,5.035e-06
480.26,4.9956e-06
480.28,4.9566e-06
480.31,4.9179e-06
480.33,4.8794e-06
480.35,4.8413e-06
480.38,4.8034e-06
480.4,4.7658e-06
480.42,4.7285e-06
480.45,4.6915e-06
480.47,4.6547e-06
480.49,4.6183e-06
480.52,4.5821e-06
480.54,4.5461e-06
480.56,4.5105e-06
480.58,4.4751e-06
480.61,4.44e-06
480.63,4.4051e-06
480.65,4.3705e-06
480.68,4.3362e-06
480.7,4.3021e-06
480.72,4.2683e-06
480.75,4.2347e-06
480.77,4.2014e-06
480.79,4.1683e-06
480.82,4.1355e-06
480.84,4.1029e-06
480.86,4.0706e-06
480.88,4.0385e-06
480.91,4.0067e-06
480.93,3.9751e-06
480.95,3.9438e-06
480.98,3.9126e-06
481,3.8818e-06
481.02,3.8511e-06
481.05,3.8207e-06
481.07,3.7905e-06
481.09,3.7605e-06
481.12,3.7308e-06
481.14,3.7013e-06
481.16,3.672e-06
481.19,3.6429e-06
481.21,3.6141e-06
481.23,3.5855e-06
481.26,3.5571e-06
481.28,3.5289e-06
481.3,3.5009e-06
481.32,3.4731e-06
481.35,3.4456e-06
481.37,3.4182e-06
481.39,3.3911e-06
481.42,3.3642e-06
481.44,3.3374e-06
481.46,3.3109e-06
481.49,3.2846e-06
481.51,3.2585e-06
481.53,3.2326e-06
481.56,3.2068e-06
481.58,3.1813e-06
481.6,3.156e-06
481.63,3.1308e-06
481.65,3.1059e-06
481.67,3.0811e-06
481.7,3.0566e-06
481.72,3.0322e-06
481.74,3.008e-06
481.77,2.984e-06
481.79,2.9601e-06
481.81,2.9365e-06
481.83,2.913e-06
481.86,2.8898e-06
481.88,2.8667e-06
481.9,2.8437e-06
481.93,2.821e-06
481.95,2.7984e-06
481.97,2.776e-06
482,2.7538e-06
482.02,2.7317e-06
482.04,2.7098e-06
482.07,2.6881e-06
482.09,2.6665e-06
482.11,2.6451e-06
482.14,2.6239e-06
482.16,2.6028e-06
482.18,2.5819e-06
482.21,2.5612e-06
482.23,2.5406e-06
482.25,2.5202e-06
482.28,2.4999e-06
482.3,2.4798e-06
482.32,2.4599e-06
482.35,2.4401e-06
482.37,2.4204e-06
482.39,2.4009e-06
482.42,2.3816e-06
482.44,2.3624e-06
482.46,2.3433e-06
482.49,2.3244e-06
482.51,2.3057e-06
482.53,2.2871e-06
482.56,2.2686e-06
482.58,2.2503e-06
482.6,2.2321e-06
482.63,2.2141e-06
482.65,2.1962e-06
482.67,2.1784e-06
482.7,2.1608e-06
482.72,2.1433e-06
482.74,2.1259e-06
482.77,2.1087e-06
482.79,2.0916e-06
482.81,2.0747e-06
482.84,2.0579e-06
482.86,2.0412e-06
482.88,2.0246e-06
482.91,2.0082e-06
482.93,1.9919e-06
482.95,1.9757e-06
482.98,1.9597e-06
483,1.9438e-06
483.02,1.928e-06
483.05,1.9123e-06
483.07,1.8967e-06
483.09,1.8813e-06
483.12,1.866e-06
483.14,1.8508e-06
483.16,1.8357e-06
483.19,1.8208e-06
483.21,1.8059e-06
483.23,1.7912e-06
483.26,1.7766e-06
483.28,1.7621e-06
483.3,1.7477e-06
483.33,1.7335e-06
483.35,1.7193e-06
483.37,1.7053e-06
483.4,1.6913e-06
483.42,1.6775e-06
483.44,1.6638e-06
483.47,1.6502e-06
483.49,1.6367e-06
483.51,1.6233e-06
483.54,1.61e-06
483.56,1.5968e-06
483.58,1.5837e-06
483.61,1.5707e-06
483.63,1.5578e-06
483.65,1.5451e-06
483.68,1.5324e-06
483.7,1.5198e-06
483.72,1.5073e-06
483.75,1.495e-06
483.77,1.4827e-06
483.79,1.4705e-06
483.82,1.4584e-06
483.84,1.4464e-06
483.86,1.4345e-06
483.89,1.4227e-06
483.91,1.411e-06
483.93,1.3994e-06
483.96,1.3878e-06
483.98,1.3764e-06
484,1.3651e-06
484.03,1.3538e-06
484.05,1.3426e-06
484.07,1.3316e-06
484.1,1.3206e-06
484.12,1.3097e-06
484.14,1.2989e-06
484.17,1.2881e-06
484.19,1.2775e-06
484.21,1.2669e-06
484.24,1.2564e-06
484.26,1.246e-06
484.28,1.2357e-06
484.31,1.2255e-06
484.33,1.2154e-06
484.36,1.2053e-06
484.38,1.1953e-06
484.4,1.1854e-06
484.43,1.1756e-06
484.45,1.1658e-06
484.47,1.1561e-06
484.5,1.1465e-06
484.52,1.137e-06
484.54,1.1276e-06
484.57,1.1182e-06
484.59,1.1089e-06
484.61,1.0997e-06
484.64,1.0906e-06
484.66,1.0815e-06
484.68,1.0725e-06
484.71,1.0635e-06
484.73,1.0547e-06
484.75,1.0459e-06
484.78,1.0372e-06
484.8,1.0285e-06
484.82,1.02e-06
484.85,1.0115e-06
484.87,1.003e-06
484.9,9.9465e-07
484.92,9.8634e-07
484.94,9.781e-07
484.97,9.6993e-07
484.99,9.6183e-07
485.01,9.5378e-07
485.04,9.4581e-07
485.06,9.3789e-07
485.08,9.3005e-07
485.11,9.2226e-07
485.13,9.1454e-07
485.15,9.0687e-07
485.18,8.9928e-07
485.2,8.9174e-07
485.22,8.8426e-07
485.25,8.7684e-07
485.27,8.6948e-07
485.3,8.6219e-07
485.32,8.5495e-07
485.34,8.4777e-07
485.37,8.4064e-07
485.39,8.3358e-07
485.41,8.2657e-07
485.44,8.1962e-07
485.46,8.1272e-07
485.48,8.0588e-07
485.51,7.991e-07
485.53,7.9237e-07
485.55,7.857e-07
485.58,7.7908e-07
485.6,7.7251e-07
485.63,7.6599e-07
485.65,7.5953e-07
485.67,7.5312e-07
485.7,7.4677e-07
485.72,7.4046e-07
485.74,7.3421e-07
485.77,7.2801e-07
485.79,7.2185e-07
485.81,7.1575e-07
485.84,7.097e-07
485.86,7.0369e-07
485.89,6.9774e-07
485.91,6.9183e-07
485.93,6.8597e-07
485.96,6.8016e-07
485.98,6.744e-07
486,6.6868e-07
486.03,6.6302e-07
486.05,6.5739e-07
486.07,6.5181e-07
486.1,6.4628e-07
486.12,6.408e-07
486.14,6.3535e-07
486.17,6.2996e-07
486.19,6.246e-07
486.22,6.1929e-07
486.24,6.1403e-07
486.26,6.088e-07
486.29,6.0362e-07
486.31,5.9849e-07
486.33,5.9339e-07
486.36,5.8834e-07
486.38,5.8332e-07
486.4,5.7835e-07
486.43,5.7342e-07
486.45,5.6853e-07
486.48,5.6368e-07
486.5,5.5887e-07
486.52,5.541e-07
486.55,5.4937e-07
486.57,5.4467e-07
486.59,5.4002e-07
486.62,5.354e-07
486.64,5.3083e-07
486.67,5.2629e-07
486.69,5.2178e-07
486.71,5.1732e-07
486.74,5.1289e-07
486.76,5.085e-07
486.78,5.0414e-07
486.81,4.9982e-07
486.83,4.9554e-07
486.85,4.9129e-07
486.88,4.8707e-07
486.9,4.8289e-07
486.93,4.7875e-07
486.95,4.7464e-07
486.97,4.7056e-07
487,4.6652e-07
487.02,4.6251e-07
487.04,4.5853e-07
487.07,4.5459e-07
487.09,4.5068e-07
487.12,4.468e-07
487.14,4.4295e-07
487.16,4.3914e-07
487.19,4.3536e-07
487.21,4.3161e-07
487.23,4.2789e-07
487.26,4.242e-07
487.28,4.2054e-07
487.31,4.1691e-07
487.33,4.1331e-07
487.35,4.0974e-07
487.38,4.0621e-07
487.4,4.027e-07
487.42,3.9922e-07
487.45,3.9577e-07
487.47,3.9234e-07
487.5,3.8895e-07
487.52,3.8559e-07
487.54,3.8225e-07
487.57,3.7894e-07
487.59,3.7566e-07
487.61,3.724e-07
487.64,3.6918e-07
487.66,3.6598e-07
487.69,3.628e-07
487.71,3.5966e-07
487.73,3.5653e-07
487.76,3.5344e-07
487.78,3.5037e-07
487.8,3.4733e-07
487.83,3.4431e-07
487.85,3.4132e-07
487.88,3.3835e-07
487.9,3.3541e-07
487.92,3.3249e-07
487.95,3.296e-07
487.97,3.2673e-07
488,3.2388e-07
488.02,3.2106e-07
488.04,3.1827e-07
488.07,3.1549e-07
488.09,3.1274e-07
488.11,3.1001e-07
488.14,3.0731e-07
488.16,3.0463e-07
488.19,3.0197e-07
488.21,2.9933e-07
488.23,2.9672e-07
488.26,2.9413e-07
488.28,2.9155e-07
488.31,2.8901e-07
488.33,2.8648e-07
488.35,2.8397e-07
488.38,2.8149e-07
488.4,2.7902e-07
488.42,2.7658e-07
488.45,2.7416e-07
488.47,2.7175e-07
488.5,2.6937e-07
488.52,2.6701e-07
488.54,2.6467e-07
488.57,2.6235e-07
488.59,2.6004e-07
488.62,2.5776e-07
488.64,2.555e-07
488.66,2.5325e-07
488.69,2.5103e-07
488.71,2.4882e-07
488.73,2.4663e-07
488.76,2.4447e-07
488.78,2.4231e-07
488.81,2.4018e-07
488.83,2.3807e-07
488.85,2.3597e-07
488.88,2.3389e-07
488.9,2.3183e-07
488.93,2.2979e-07
488.95,2.2776e-07
488.97,2.2575e-07
489,2.2376e-07
489.02,2.2179e-07
489.05,2.1983e-07
489.07,2.1789e-07
489.09,2.1596e-07
489.12,2.1405e-07
489.14,2.1216e-07
489.16,2.1029e-07
489.19,2.0843e-07
489.21,2.0658e-07
489.24,2.0475e-07
489.26,2.0294e-07
489.28,2.0114e-07
489.31,1.9936e-07
489.33,1.976e-07
489.36,1.9584e-07
489.38,1.9411e-07
489.4,1.9239e-07
489.43,1.9068e-07
489.45,1.8899e-07
489.48,1.8731e-07
489.5,1.8565e-07
489.52,1.84e-07
489.55,1.8236e-07
489.57,1.8074e-07
489.6,1.7913e-07
489.62,1.7754e-07
489.64,1.7596e-07
489.67,1.7439e-07
489.69,1.7284e-07
489.72,1.713e-07
489.74,1.6978e-07
489.76,1.6826e-07
489.79,1.6676e-07
489.81,1.6528e-07
489.84,1.638e-07
489.86,1.6234e-07
489.88,1.6089e-07
489.91,1.5946e-07
489.93,1.5803e-07
489.96,1.5662e-07
489.98,1.5522e-07
490,1.5383e-07
490.03,1.5246e-07
490.05,1.5109e-07
490.08,1.4974e-07
490.1,1.484e-07
490.12,1.4707e-07
490.15,1.4576e-07
490.17,1.4445e-07
490.2,1.4316e-07
490.22,1.4187e-07
490.24,1.406e-07
490.27,1.3934e-07
490.29,1.3809e-07
490.32,1.3685e-07
490.34,1.3562e-07
490.36,1.3441e-07
490.39,1.332e-07
490.41,1.32e-07
490.44,1.3081e-07
490.46,1.2964e-07
490.48,1.2847e-07
490.51,1.2732e-07
490.53,1.2617e-07
490.56,1.2504e-07
490.58,1.2391e-07
490.6,1.2279e-07
490.63,1.2169e-07
490.65,1.2059e-07
490.68,1.195e-07
490.7,1.1843e-07
490.73,1.1736e-07
490.75,1.163e-07
490.77,1.1525e-07
490.8,1.1421e-07
490.82,1.1318e-07
490.85,1.1215e-07
490.87,1.1114e-07
490.89,1.1014e-07
490.92,1.0914e-07
490.94,1.0815e-07
490.97,1.0717e-07
490.99,1.062e-07
491.01,1.0524e-07
491.04,1.0429e-07
491.06,1.0334e-07
491.09,1.0241e-07
491.11,1.0148e-07
491.14,1.0056e-07
491.16,9.9647e-08
491.18,9.8743e-08
491.21,9.7847e-08
491.23,9.6959e-08
491.26,9.6078e-08
491.28,9.5205e-08
491.3,9.434e-08
491.33,9.3483e-08
491.35,9.2633e-08
491.38,9.179e-08
491.4,9.0955e-08
491.42,9.0127e-08
491.45,8.9307e-08
491.47,8.8494e-08
491.5,8.7687e-08
491.52,8.6888e-08
491.55,8.6096e-08
491.57,8.5312e-08
491.59,8.4533e-08
491.62,8.3762e-08
491.64,8.2998e-08
491.67,8.224e-08
491.69,8.1489e-08
491.71,8.0745e-08
491.74,8.0007e-08
491.76,7.9276e-08
491.79,7.8551e-08
491.81,7.7833e-08
491.84,7.7121e-08
491.86,7.6415e-08
491.88,7.5716e-08
491.91,7.5023e-08
491.93,7.4336e-08
491.96,7.3655e-08
491.98,7.298e-08
492,7.2311e-08
492.03,7.1648e-08
492.05,7.099e-08
492.08,7.0339e-08
492.1,6.9693e-08
492.13,6.9054e-08
492.15,6.842e-08
492.17,6.7791e-08
492.2,6.7168e-08
492.22,6.6551e-08
492.25,6.5939e-08
492.27,6.5332e-08
492.3,6.4731e-08
492.32,6.4136e-08
492.34,6.3545e-08
492.37,6.296e-08
492.39,6.238e-08
492.42,6.1805e-08
492.44,6.1236e-08
492.47,6.0671e-08
492.49,6.0112e-08
492.51,5.9557e-08
492.54,5.9008e-08
492.56,5.8463e-08
492.59,5.7923e-08
492.61,5.7388e-08
492.64,5.6858e-08
492.66,5.6333e-08
492.68,5.5812e-08
492.71,5.5296e-08
492.73,5.4784e-08
492.76,5.4278e-08
492.78,5.3775e-08
492.81,5.3277e-08
492.83,5.2784e-08
492.85,5.2295e-08
492.88,5.1811e-08
492.9,5.133e-08
492.93,5.0854e-08
492.95,5.0383e-08
492.98,4.9915e-08
493,4.9452e-08
493.02,4.8993e-08
493.05,4.8538e-08
493.07,4.8087e-08
493.1,4.7641e-08
493.12,4.7198e-08
493.15,4.6759e-08
493.17,4.6324e-08
493.19,4.5893e-08
493.22,4.5466e-08
493.24,4.5043e-08
493.27,4.4624e-08
493.29,4.4208e-08
493.32,4.3797e-08
493.34,4.3388e-08
493.36,4.2984e-08
493.39,4.2583e-08
493.41,4.2186e-08
493.44,4.1793e-08
493.46,4.1403e-08
493.49,4.1016e-08
493.51,4.0633e-08
493.53,4.0254e-08
493.56,3.9878e-08
493.58,3.9505e-08
493.61,3.9136e-08
493.63,3.877e-08
493.66,3.8407e-08
493.68,3.8048e-08
493.71,3.7691e-08
493.73,3.7339e-08
493.75,3.6989e-08
493.78,3.6642e-08
493.8,3.6299e-08
493.83,3.5959e-08
493.85,3.5622e-08
493.88,3.5288e-08
493.9,3.4957e-08
493.92,3.4628e-08
493.95,3.4303e-08
493.97,3.3981e-08
494,3.3662e-08
494.02,3.3346e-08
494.05,3.3032e-08
494.07,3.2722e-08
494.1,3.2414e-08
494.12,3.2109e-08
494.14,3.1807e-08
494.17,3.1508e-08
494.19,3.1211e-08
494.22,3.0917e-08
494.24,3.0626e-08
494.27,3.0338e-08
494.29,3.0052e-08
494.32,2.9768e-08
494.34,2.9487e-08
494.36,2.9209e-08
494.39,2.8934e-08
494.41,2.8661e-08
494.44,2.839e-08
494.46,2.8122e-08
494.49,2.7856e-08
494.51,2.7593e-08
494.54,2.7332e-08
494.56,2.7074e-08
494.58,2.6818e-08
494.61,2.6564e-08
494.63,2.6312e-08
494.66,2.6063e-08
494.68,2.5817e-08
494.71,2.5572e-08
494.73,2.533e-08
494.76,2.509e-08
494.78,2.4852e-08
494.8,2.4616e-08
494.83,2.4383e-08
494.85,2.4151e-08
494.88,2.3922e-08
494.9,2.3695e-08
494.93,2.347e-08
494.95,2.3247e-08
494.98,2.3026e-08
495,2.2807e-08
495.02,2.259e-08
495.05,2.2375e-08
495.07,2.2163e-08
495.1,2.1952e-08
495.12,2.1743e-08
495.15,2.1536e-08
495.17,2.133e-08
495.2,2.1127e-08
495.22,2.0926e-08
495.25,2.0726e-08
495.27,2.0529e-08
495.29,2.0333e-08
495.32,2.0139e-08
495.34,1.9947e-08
495.37,1.9756e-08
495.39,1.9568e-08
495.42,1.9381e-08
495.44,1.9196e-08
495.47,1.9012e-08
495.49,1.883e-08
495.52,1.865e-08
495.54,1.8472e-08
495.56,1.8295e-08
495.59,1.812e-08
495.61,1.7947e-08
495.64,1.7775e-08
495.66,1.7604e-08
495.69,1.7436e-08
495.71,1.7269e-08
495.74,1.7103e-08
495.76,1.6939e-08
495.79,1.6777e-08
495.81,1.6616e-08
495.83,1.6456e-08
495.86,1.6298e-08
495.88,1.6142e-08
495.91,1.5986e-08
495.93,1.5833e-08
495.96,1.5681e-08
495.98,1.553e-08
496.01,1.538e-08
496.03,1.5232e-08
496.06,1.5086e-08
496.08,1.4941e-08
496.11,1.4797e-08
496.13,1.4654e-08
496.15,1.4513e-08
496.18,1.4373e-08
496.2,1.4235e-08
496.23,1.4097e-08
496.25,1.3961e-08
496.28,1.3827e-08
496.3,1.3693e-08
496.33,1.3561e-08
496.35,1.343e-08
496.38,1.33e-08
496.4,1.3172e-08
496.43,1.3045e-08
496.45,1.2918e-08
496.48,1.2794e-08
496.5,1.267e-08
496.52,1.2547e-08
496.55,1.2426e-08
496.57,1.2305e-08
496.6,1.2186e-08
496.62,1.2068e-08
496.65,1.1951e-08
496.67,1.1835e-08
496.7,1.1721e-08
496.72,1.1607e-08
496.75,1.1494e-08
496.77,1.1383e-08
496.8,1.1272e-08
496.82,1.1163e-08
496.85,1.1055e-08
496.87,1.0947e-08
496.89,1.0841e-08
496.92,1.0735e-08
496.94,1.0631e-08
496.97,1.0528e-08
496.99,1.0425e-08
497.02,1.0324e-08
497.04,1.0223e-08
497.07,1.0124e-08
497.09,1.0025e-08
497.12,9.9276e-09
497.14,9.8308e-09
497.17,9.735e-09
497.19,9.6401e-09
497.22,9.5461e-09
497.24,9.4529e-09
497.27,9.3607e-09
497.29,9.2693e-09
497.31,9.1788e-09
497.34,9.0892e-09
497.36,9.0004e-09
497.39,8.9124e-09
497.41,8.8253e-09
497.44,8.739e-09
497.46,8.6535e-09
497.49,8.5689e-09
497.51,8.485e-09
497.54,8.402e-09
497.56,8.3197e-09
497.59,8.2382e-09
497.61,8.1575e-09
497.64,8.0776e-09
497.66,7.9984e-09
497.69,7.92e-09
497.71,7.8423e-09
497.74,7.7653e-09
497.76,7.6891e-09
497.78,7.6137e-09
497.81,7.5389e-09
497.83,7.4649e-09
497.86,7.3915e-09
497.88,7.3189e-09
497.91,7.2469e-09
497.93,7.1757e-09
497.96,7.1051e-09
497.98,7.0352e-09
498.01,6.966e-09
498.03,6.8974e-09
498.06,6.8295e-09
498.08,6.7622e-09
498.11,6.6956e-09
498.13,6.6296e-09
498.16,6.5643e-09
498.18,6.4995e-09
498.21,6.4354e-09
498.23,6.3719e-09
498.26,6.3091e-09
498.28,6.2468e-09
498.31,6.1851e-09
498.33,6.124e-09
498.36,6.0635e-09
498.38,6.0036e-09
498.41,5.9443e-09
498.43,5.8855e-09
498.45,5.8273e-09
498.48,5.7696e-09
498.5,5.7125e-09
498.53,5.656e-09
498.55,5.6e-09
498.58,5.5445e-09
498.6,5.4896e-09
498.63,5.4352e-09
498.65,5.3813e-09
498.68,5.3279e-09
498.7,5.2751e-09
498.73,5.2228e-09
498.75,5.1709e-09
498.78,5.1196e-09
498.8,5.0688e-09
498.83,5.0184e-09
498.85,4.9686e-09
498.88,4.9192e-09
498.9,4.8703e-09
498.93,4.8219e-09
498.95,4.7739e-09
498.98,4.7264e-09
499,4.6794e-09
499.03,4.6328e-09
499.05,4.5867e-09
499.08,4.541e-09
499.1,4.4958e-09
499.13,4.451e-09
499.15,4.4066e-09
499.18,4.3627e-09
499.2,4.3192e-09
499.23,4.2761e-09
499.25,4.2334e-09
499.28,4.1912e-09
499.3,4.1493e-09
499.33,4.1079e-09
499.35,4.0669e-09
499.38,4.0262e-09
499.4,3.986e-09
499.43,3.9461e-09
499.45,3.9067e-09
499.48,3.8676e-09
499.5,3.8289e-09
499.53,3.7906e-09
499.55,3.7526e-09
499.58,3.715e-09
499.6,3.6778e-09
499.63,3.641e-09
499.65,3.6045e-09
499.68,3.5683e-09
499.7,3.5326e-09
499.73,3.4971e-09
499.75,3.462e-09
499.78,3.4273e-09
499.8,3.3929e-09
499.83,3.3588e-09
499.85,3.3251e-09
499.88,3.2917e-09
499.9,3.2586e-09
499.93,3.2258e-09
499.95,3.1934e-09
499.98,3.1613e-09
500,3.1295e-09
