400,0.025977
400.02,0.026076
400.03,0.026175
400.05,0.026275
400.06,0.026375
400.08,0.026475
400.1,0.026576
400.11,0.026676
400.13,0.026778
400.14,0.026879
400.16,0.026981
400.18,0.027083
400.19,0.027185
400.21,0.027288
400.22,0.027391
400.24,0.027494
400.26,0.027598
400.27,0.027702
400.29,0.027806
400.3,0.027911
400.32,0.028015
400.34,0.028121
400.35,0.028226
400.37,0.028332
400.38,0.028438
400.4,0.028545
400.42,0.028651
400.43,0.028758
400.45,0.028866
400.46,0.028974
400.48,0.029082
400.5,0.02919
400.51,0.029299
400.53,0.029408
400.54,0.029517
400.56,0.029627
400.58,0.029737
400.59,0.029847
400.61,0.029958
400.62,0.030069
400.64,0.03018
400.66,0.030292
400.67,0.030404
400.69,0.030516
400.71,0.030628
400.72,0.030741
400.74,0.030855
400.75,0.030968
400.77,0.031082
400.79,0.031196
400.8,0.031311
400.82,0.031426
400.83,0.031541
400.85,0.031657
400.87,0.031773
400.88,0.031889
400.9,0.032005
400.91,0.032122
400.93,0.03224
400.95,0.032357
400.96,0.032475
400.98,0.032593
400.99,0.032712
401.01,0.032831
401.03,0.03295
401.04,0.03307
401.06,0.03319
401.07,0.03331
401.09,0.033431
401.11,0.033552
401.12,0.033673
401.14,0.033795
401.16,0.033917
401.17,0.034039
401.19,0.034162
401.2,0.034285
401.22,0.034408
401.24,0.034532
401.25,0.034656
401.27,0.034781
401.28,0.034906
401.3,0.035031
401.32,0.035156
401.33,0.035282
401.35,0.035408
401.36,0.035535
401.38,0.035662
401.4,0.035789
401.41,0.035917
401.43,0.036044
401.45,0.036173
401.46,0.036301
401.48,0.03643
401.49,0.03656
401.51,0.03669
401.53,0.03682
401.54,0.03695
401.56,0.037081
401.57,0.037212
401.59,0.037344
401.61,0.037476
401.62,0.037608
401.64,0.03774
401.65,0.037873
401.67,0.038007
401.69,0.03814
401.7,0.038274
401.72,0.038409
401.74,0.038544
401.75,0.038679
401.77,0.038814
401.78,0.03895
401.8,0.039086
401.82,0.039223
401.83,0.03936
401.85,0.039497
401.86,0.039635
401.88,0.039773
401.9,0.039911
401.91,0.04005
401.93,0.040189
401.95,0.040329
401.96,0.040469
401.98,0.040609
401.99,0.04075
402.01,0.040891
402.03,0.041032
402.04,0.041174
402.06,0.041316
402.07,0.041459
402.09,0.041602
402.11,0.041745
402.12,0.041889
402.14,0.042033
402.16,0.042177
402.17,0.042322
402.19,0.042467
402.2,0.042612
402.22,0.042758
402.24,0.042905
402.25,0.043051
402.27,0.043198
402.28,0.043346
402.3,0.043494
402.32,0.043642
402.33,0.04379
402.35,0.043939
402.37,0.044089
402.38,0.044238
402.4,0.044388
402.41,0.044539
402.43,0.04469
402.45,0.044841
402.46,0.044993
402.48,0.045145
402.5,0.045297
402.51,0.04545
402.53,0.045603
402.54,0.045757
402.56,0.045911
402.58,0.046065
402.59,0.04622
402.61,0.046375
402.63,0.04653
402.64,0.046686
402.66,0.046843
402.67,0.046999
402.69,0.047156
402.71,0.047314
402.72,0.047472
402.74,0.04763
402.75,0.047789
402.77,0.047948
402.79,0.048107
402.8,0.048267
402.82,0.048427
402.84,0.048588
402.85,0.048749
402.87,0.04891
402.88,0.049072
402.9,0.049234
402.92,0.049397
402.93,0.04956
402.95,0.049723
402.97,0.049887
402.98,0.050051
403,0.050216
403.01,0.050381
403.03,0.050546
403.05,0.050712
403.06,0.050878
403.08,0.051045
403.1,0.051212
403.11,0.051379
403.13,0.051547
403.14,0.051715
403.16,0.051884
403.18,0.052053
403.19,0.052222
403.21,0.052392
403.23,0.052562
403.24,0.052733
403.26,0.052904
403.27,0.053075
403.29,0.053247
403.31,0.053419
403.32,0.053592
403.34,0.053765
403.36,0.053938
403.37,0.054112
403.39,0.054286
403.4,0.054461
403.42,0.054636
403.44,0.054812
403.45,0.054988
403.47,0.055164
403.49,0.055341
403.5,0.055518
403.52,0.055695
403.53,0.055873
403.55,0.056052
403.57,0.05623
403.58,0.05641
403.6,0.056589
403.62,0.056769
403.63,0.05695
403.65,0.05713
403.67,0.057312
403.68,0.057493
403.7,0.057675
403.71,0.057858
403.73,0.058041
403.75,0.058224
403.76,0.058408
403.78,0.058592
403.8,0.058776
403.81,0.058961
403.83,0.059147
403.84,0.059332
403.86,0.059519
403.88,0.059705
403.89,0.059892
403.91,0.06008
403.93,0.060268
403.94,0.060456
403.96,0.060645
403.98,0.060834
403.99,0.061023
404.01,0.061213
404.02,0.061404
404.04,0.061595
404.06,0.061786
404.07,0.061977
404.09,0.062169
404.11,0.062362
404.12,0.062555
404.14,0.062748
404.15,0.062942
404.17,0.063136
404.19,0.063331
404.2,0.063526
404.22,0.063721
404.24,0.063917
404.25,0.064113
404.27,0.06431
404.29,0.064507
404.3,0.064704
404.32,0.064902
404.33,0.065101
404.35,0.065299
404.37,0.065499
404.38,0.065698
404.4,0.065898
404.42,0.066099
404.43,0.0663
404.45,0.066501
404.47,0.066703
404.48,0.066905
404.5,0.067107
404.51,0.06731
404.53,0.067514
404.55,0.067718
404.56,0.067922
404.58,0.068127
404.6,0.068332
404.61,0.068537
404.63,0.068743
404.65,0.06895
404.66,0.069157
404.68,0.069364
404.69,0.069572
404.71,0.06978
404.73,0.069988
404.74,0.070197
404.76,0.070407
404.78,0.070616
404.79,0.070827
404.81,0.071037
404.83,0.071248
404.84,0.07146
404.86,0.071672
404.87,0.071884
404.89,0.072097
404.91,0.07231
404.92,0.072524
404.94,0.072738
404.96,0.072952
404.97,0.073167
404.99,0.073382
405.01,0.073598
405.02,0.073814
405.04,0.074031
405.06,0.074248
405.07,0.074466
405.09,0.074683
405.1,0.074902
405.12,0.075121
405.14,0.07534
405.15,0.075559
405.17,0.075779
405.19,0.076
405.2,0.076221
405.22,0.076442
405.24,0.076664
405.25,0.076886
405.27,0.077108
405.28,0.077331
405.3,0.077555
405.32,0.077779
405.33,0.078003
405.35,0.078228
405.37,0.078453
405.38,0.078678
405.4,0.078904
405.42,0.079131
405.43,0.079358
405.45,0.079585
405.47,0.079813
405.48,0.080041
405.5,0.080269
405.52,0.080498
405.53,0.080728
405.55,0.080957
405.56,0.081188
405.58,0.081418
405.6,0.081649
405.61,0.081881
405.63,0.082113
405.65,0.082345
405.66,0.082578
405.68,0.082811
405.7,0.083045
405.71,0.083279
405.73,0.083513
405.75,0.083748
405.76,0.083984
405.78,0.084219
405.79,0.084455
405.81,0.084692
405.83,0.084929
405.84,0.085167
405.86,0.085404
405.88,0.085643
405.89,0.085881
405.91,0.08612
405.93,0.08636
405.94,0.0866
405.96,0.08684
405.98,0.087081
405.99,0.087322
406.01,0.087564
406.03,0.087806
406.04,0.088049
406.06,0.088292
406.07,0.088535
406.09,0.088779
406.11,0.089023
406.12,0.089268
406.14,0.089513
406.16,0.089758
406.17,0.090004
406.19,0.09025
406.21,0.090497
406.22,0.090744
406.24,0.090991
406.26,0.091239
406.27,0.091488
406.29,0.091737
406.31,0.091986
406.32,0.092235
406.34,0.092485
406.36,0.092736
406.37,0.092987
406.39,0.093238
406.4,0.09349
406.42,0.093742
406.44,0.093994
406.45,0.094247
406.47,0.094501
406.49,0.094754
406.5,0.095009
406.52,0.095263
406.54,0.095518
406.55,0.095774
406.57,0.096029
406.59,0.096286
406.6,0.096542
406.62,0.096799
406.64,0.097057
406.65,0.097315
406.67,0.097573
406.69,0.097832
406.7,0.098091
406.72,0.09835
406.74,0.09861
406.75,0.098871
406.77,0.099131
406.79,0.099392
406.8,0.099654
406.82,0.099916
406.83,0.10018
406.85,0.10044
406.87,0.1007
406.88,0.10097
406.9,0.10123
406.92,0.1015
406.93,0.10176
406.95,0.10203
406.97,0.10229
406.98,0.10256
407,0.10282
407.02,0.10309
407.03,0.10336
407.05,0.10363
407.07,0.10389
407.08,0.10416
407.1,0.10443
407.12,0.1047
407.13,0.10497
407.15,0.10524
407.17,0.10551
407.18,0.10578
407.2,0.10605
407.22,0.10632
407.23,0.1066
407.25,0.10687
407.27,0.10714
407.28,0.10741
407.3,0.10769
407.32,0.10796
407.33,0.10824
407.35,0.10851
407.37,0.10879
407.38,0.10906
407.4,0.10934
407.41,0.10961
407.43,0.10989
407.45,0.11017
407.46,0.11044
407.48,0.11072
407.5,0.111
407.51,0.11128
407.53,0.11156
407.55,0.11184
407.56,0.11212
407.58,0.1124
407.6,0.11268
407.61,0.11296
407.63,0.11324
407.65,0.11352
407.66,0.1138
407.68,0.11409
407.7,0.11437
407.71,0.11465
407.73,0.11493
407.75,0.11522
407.76,0.1155
407.78,0.11579
407.8,0.11607
407.81,0.11636
407.83,0.11664
407.85,0.11693
407.86,0.11722
407.88,0.1175
407.9,0.11779
407.91,0.11808
407.93,0.11837
407.95,0.11865
407.96,0.11894
407.98,0.11923
408,0.11952
408.01,0.11981
408.03,0.1201
408.05,0.12039
408.06,0.12068
408.08,0.12097
408.1,0.12127
408.11,0.12156
408.13,0.12185
408.15,0.12214
408.16,0.12244
408.18,0.12273
408.2,0.12302
408.21,0.12332
408.23,0.12361
408.25,0.12391
408.26,0.1242
408.28,0.1245
408.3,0.12479
408.31,0.12509
408.33,0.12539
408.35,0.12568
408.36,0.12598
408.38,0.12628
408.4,0.12658
408.41,0.12687
408.43,0.12717
408.45,0.12747
408.46,0.12777
408.48,0.12807
408.5,0.12837
408.51,0.12867
408.53,0.12897
408.55,0.12927
408.56,0.12957
408.58,0.12988
408.6,0.13018
408.61,0.13048
408.63,0.13078
408.65,0.13109
408.66,0.13139
408.68,0.13169
408.7,0.132
408.71,0.1323
408.73,0.13261
408.75,0.13291
408.76,0.13322
408.78,0.13352
408.8,0.13383
408.81,0.13413
408.83,0.13444
408.85,0.13475
408.86,0.13505
408.88,0.13536
408.9,0.13567
408.91,0.13598
408.93,0.13629
408.95,0.1366
408.96,0.1369
408.98,0.13721
409,0.13752
409.01,0.13783
409.03,0.13814
409.05,0.13845
409.06,0.13877
409.08,0.13908
409.1,0.13939
409.12,0.1397
409.13,0.14001
409.15,0.14033
409.17,0.14064
409.18,0.14095
409.2,0.14126
409.22,0.14158
409.23,0.14189
409.25,0.14221
409.27,0.14252
409.28,0.14284
409.3,0.14315
409.32,0.14347
409.33,0.14378
409.35,0.1441
409.37,0.14441
409.38,0.14473
409.4,0.14505
409.42,0.14537
409.43,0.14568
409.45,0.146
409.47,0.14632
409.48,0.14664
409.5,0.14696
409.52,0.14727
409.53,0.14759
409.55,0.14791
409.57,0.14823
409.58,0.14855
409.6,0.14887
409.62,0.14919
409.63,0.14951
409.65,0.14983
409.67,0.15016
409.68,0.15048
409.7,0.1508
409.72,0.15112
409.74,0.15144
409.75,0.15177
409.77,0.15209
409.79,0.15241
409.8,0.15274
409.82,0.15306
409.84,0.15338
409.85,0.15371
409.87,0.15403
409.89,0.15436
409.9,0.15468
409.92,0.15501
409.94,0.15533
409.95,0.15566
409.97,0.15598
409.99,0.15631
410,0.15663
410.02,0.15696
410.04,0.15729
410.05,0.15762
410.07,0.15794
410.09,0.15827
410.1,0.1586
410.12,0.15893
410.14,0.15925
410.16,0.15958
410.17,0.15991
410.19,0.16024
410.21,0.16057
410.22,0.1609
410.24,0.16123
410.26,0.16156
410.27,0.16189
410.29,0.16222
410.31,0.16255
410.32,0.16288
410.34,0.16321
410.36,0.16354
410.37,0.16387
410.39,0.1642
410.41,0.16453
410.42,0.16487
410.44,0.1652
410.46,0.16553
410.48,0.16586
410.49,0.16619
410.51,0.16653
410.53,0.16686
410.54,0.16719
410.56,0.16753
410.58,0.16786
410.59,0.16819
410.61,0.16853
410.63,0.16886
410.64,0.1692
410.66,0.16953
410.68,0.16987
410.69,0.1702
410.71,0.17054
410.73,0.17087
410.75,0.17121
410.76,0.17154
410.78,0.17188
410.8,0.17221
410.81,0.17255
410.83,0.17289
410.85,0.17322
410.86,0.17356
410.88,0.1739
410.9,0.17423
410.91,0.17457
410.93,0.17491
410.95,0.17524
410.96,0.17558
410.98,0.17592
411,0.17626
411.02,0.1766
411.03,0.17693
411.05,0.17727
411.07,0.17761
411.08,0.17795
411.1,0.17829
411.12,0.17863
411.13,0.17897
411.15,0.1793
411.17,0.17964
411.18,0.17998
411.2,0.18032
411.22,0.18066
411.23,0.181
411.25,0.18134
411.27,0.18168
411.29,0.18202
411.3,0.18236
411.32,0.1827
411.34,0.18304
411.35,0.18338
411.37,0.18372
411.39,0.18407
411.4,0.18441
411.42,0.18475
411.44,0.18509
411.45,0.18543
411.47,0.18577
411.49,0.18611
411.51,0.18645
411.52,0.1868
411.54,0.18714
411.56,0.18748
411.57,0.18782
411.59,0.18816
411.61,0.18851
411.62,0.18885
411.64,0.18919
411.66,0.18953
411.68,0.18988
411.69,0.19022
411.71,0.19056
411.73,0.1909
411.74,0.19125
411.76,0.19159
411.78,0.19193
411.79,0.19228
411.81,0.19262
411.83,0.19296
411.84,0.19331
411.86,0.19365
411.88,0.19399
411.9,0.19434
411.91,0.19468
411.93,0.19502
411.95,0.19537
411.96,0.19571
411.98,0.19605
412,0.1964
412.01,0.19674
412.03,0.19708
412.05,0.19743
412.07,0.19777
412.08,0.19812
412.1,0.19846
412.12,0.1988
412.13,0.19915
412.15,0.19949
412.17,0.19984
412.18,0.20018
412.2,0.20053
412.22,0.20087
412.24,0.20121
412.25,0.20156
412.27,0.2019
412.29,0.20225
412.3,0.20259
412.32,0.20293
412.34,0.20328
412.35,0.20362
412.37,0.20397
412.39,0.20431
412.41,0.20466
412.42,0.205
412.44,0.20535
412.46,0.20569
412.47,0.20603
412.49,0.20638
412.51,0.20672
412.52,0.20707
412.54,0.20741
412.56,0.20776
412.58,0.2081
412.59,0.20844
412.61,0.20879
412.63,0.20913
412.64,0.20948
412.66,0.20982
412.68,0.21017
412.69,0.21051
412.71,0.21085
412.73,0.2112
412.75,0.21154
412.76,0.21189
412.78,0.21223
412.8,0.21257
412.81,0.21292
412.83,0.21326
412.85,0.2136
412.86,0.21395
412.88,0.21429
412.9,0.21464
412.92,0.21498
412.93,0.21532
412.95,0.21567
412.97,0.21601
412.98,0.21635
413,0.2167
413.02,0.21704
413.04,0.21738
413.05,0.21773
413.07,0.21807
413.09,0.21841
413.1,0.21875
413.12,0.2191
413.14,0.21944
413.15,0.21978
413.17,0.22012
413.19,0.22047
413.21,0.22081
413.22,0.22115
413.24,0.22149
413.26,0.22184
413.27,0.22218
413.29,0.22252
413.31,0.22286
413.33,0.2232
413.34,0.22354
413.36,0.22389
413.38,0.22423
413.39,0.22457
413.41,0.22491
413.43,0.22525
413.45,0.22559
413.46,0.22593
413.48,0.22627
413.5,0.22661
413.51,0.22695
413.53,0.22729
413.55,0.22763
413.56,0.22797
413.58,0.22831
413.6,0.22865
413.62,0.22899
413.63,0.22933
413.65,0.22967
413.67,0.23001
413.68,0.23035
413.7,0.23069
413.72,0.23103
413.74,0.23136
413.75,0.2317
413.77,0.23204
413.79,0.23238
413.8,0.23272
413.82,0.23305
413.84,0.23339
413.86,0.23373
413.87,0.23407
413.89,0.2344
413.91,0.23474
413.92,0.23508
413.94,0.23541
413.96,0.23575
413.98,0.23609
413.99,0.23642
414.01,0.23676
414.03,0.23709
414.04,0.23743
414.06,0.23776
414.08,0.2381
414.1,0.23843
414.11,0.23877
414.13,0.2391
414.15,0.23944
414.16,0.23977
414.18,0.2401
414.2,0.24044
414.22,0.24077
414.23,0.2411
414.25,0.24144
414.27,0.24177
414.28,0.2421
414.3,0.24243
414.32,0.24277
414.34,0.2431
414.35,0.24343
414.37,0.24376
414.39,0.24409
414.4,0.24442
414.42,0.24475
414.44,0.24508
414.46,0.24541
414.47,0.24574
414.49,0.24607
414.51,0.2464
414.52,0.24673
414.54,0.24706
414.56,0.24739
414.58,0.24772
414.59,0.24805
414.61,0.24837
414.63,0.2487
414.65,0.24903
414.66,0.24935
414.68,0.24968
414.7,0.25001
414.71,0.25033
414.73,0.25066
414.75,0.25099
414.77,0.25131
414.78,0.25164
414.8,0.25196
414.82,0.25229
414.83,0.25261
414.85,0.25293
414.87,0.25326
414.89,0.25358
414.9,0.2539
414.92,0.25423
414.94,0.25455
414.95,0.25487
414.97,0.25519
414.99,0.25551
415.01,0.25584
415.02,0.25616
415.04,0.25648
415.06,0.2568
415.08,0.25712
415.09,0.25744
415.11,0.25776
415.13,0.25807
415.14,0.25839
415.16,0.25871
415.18,0.25903
415.2,0.25935
415.21,0.25966
415.23,0.25998
415.25,0.2603
415.27,0.26061
415.28,0.26093
415.3,0.26125
415.32,0.26156
415.33,0.26188
415.35,0.26219
415.37,0.2625
415.39,0.26282
415.4,0.26313
415.42,0.26344
415.44,0.26376
415.45,0.26407
415.47,0.26438
415.49,0.26469
415.51,0.265
415.52,0.26532
415.54,0.26563
415.56,0.26594
415.58,0.26625
415.59,0.26656
415.61,0.26686
415.63,0.26717
415.64,0.26748
415.66,0.26779
415.68,0.2681
415.7,0.2684
415.71,0.26871
415.73,0.26902
415.75,0.26932
415.77,0.26963
415.78,0.26993
415.8,0.27024
415.82,0.27054
415.83,0.27085
415.85,0.27115
415.87,0.27145
415.89,0.27175
415.9,0.27206
415.92,0.27236
415.94,0.27266
415.96,0.27296
415.97,0.27326
415.99,0.27356
416.01,0.27386
416.03,0.27416
416.04,0.27446
416.06,0.27476
416.08,0.27505
416.09,0.27535
416.11,0.27565
416.13,0.27595
416.15,0.27624
416.16,0.27654
416.18,0.27683
416.2,0.27713
416.22,0.27742
416.23,0.27772
416.25,0.27801
416.27,0.2783
416.29,0.27859
416.3,0.27889
416.32,0.27918
416.34,0.27947
416.35,0.27976
416.37,0.28005
416.39,0.28034
416.41,0.28063
416.42,0.28092
416.44,0.28121
416.46,0.28149
416.48,0.28178
416.49,0.28207
416.51,0.28235
416.53,0.28264
416.55,0.28292
416.56,0.28321
416.58,0.28349
416.6,0.28378
416.61,0.28406
416.63,0.28434
416.65,0.28463
416.67,0.28491
416.68,0.28519
416.7,0.28547
416.72,0.28575
416.74,0.28603
416.75,0.28631
416.77,0.28659
416.79,0.28687
416.81,0.28715
416.82,0.28742
416.84,0.2877
416.86,0.28798
416.88,0.28825
416.89,0.28853
416.91,0.2888
416.93,0.28908
416.94,0.28935
416.96,0.28962
416.98,0.28989
417,0.29017
417.01,0.29044
417.03,0.29071
417.05,0.29098
417.07,0.29125
417.08,0.29152
417.1,0.29179
417.12,0.29206
417.14,0.29232
417.15,0.29259
417.17,0.29286
417.19,0.29312
417.21,0.29339
417.22,0.29365
417.24,0.29392
417.26,0.29418
417.28,0.29445
417.29,0.29471
417.31,0.29497
417.33,0.29523
417.34,0.29549
417.36,0.29575
417.38,0.29601
417.4,0.29627
417.41,0.29653
417.43,0.29679
417.45,0.29705
417.47,0.2973
417.48,0.29756
417.5,0.29782
417.52,0.29807
417.54,0.29833
417.55,0.29858
417.57,0.29883
417.59,0.29909
417.61,0.29934
417.62,0.29959
417.64,0.29984
417.66,0.30009
417.68,0.30034
417.69,0.30059
417.71,0.30084
417.73,0.30109
417.75,0.30134
417.76,0.30158
417.78,0.30183
417.8,0.30208
417.82,0.30232
417.83,0.30257
417.85,0.30281
417.87,0.30305
417.89,0.3033
417.9,0.30354
417.92,0.30378
417.94,0.30402
417.96,0.30426
417.97,0.3045
417.99,0.30474
418.01,0.30498
418.03,0.30522
418.04,0.30545
418.06,0.30569
418.08,0.30593
418.1,0.30616
418.11,0.3064
418.13,0.30663
418.15,0.30686
418.17,0.3071
418.18,0.30733
418.2,0.30756
418.22,0.30779
418.24,0.30802
418.25,0.30825
418.27,0.30848
418.29,0.30871
418.31,0.30894
418.32,0.30916
418.34,0.30939
418.36,0.30962
418.38,0.30984
418.39,0.31007
418.41,0.31029
418.43,0.31051
418.45,0.31074
418.46,0.31096
418.48,0.31118
418.5,0.3114
418.52,0.31162
418.53,0.31184
418.55,0.31206
418.57,0.31228
418.59,0.3125
418.6,0.31271
418.62,0.31293
418.64,0.31314
418.66,0.31336
418.67,0.31357
418.69,0.31379
418.71,0.314
418.73,0.31421
418.74,0.31442
418.76,0.31464
418.78,0.31485
418.8,0.31506
418.81,0.31526
418.83,0.31547
418.85,0.31568
418.87,0.31589
418.88,0.31609
418.9,0.3163
418.92,0.31651
418.94,0.31671
418.95,0.31691
418.97,0.31712
418.99,0.31732
419.01,0.31752
419.02,0.31772
419.04,0.31792
419.06,0.31812
419.08,0.31832
419.09,0.31852
419.11,0.31872
419.13,0.31891
419.15,0.31911
419.16,0.31931
419.18,0.3195
419.2,0.3197
419.22,0.31989
419.23,0.32008
419.25,0.32028
419.27,0.32047
419.29,0.32066
419.3,0.32085
419.32,0.32104
419.34,0.32123
419.36,0.32142
419.38,0.3216
419.39,0.32179
419.41,0.32198
419.43,0.32216
419.45,0.32235
419.46,0.32253
419.48,0.32272
419.5,0.3229
419.52,0.32308
419.53,0.32326
419.55,0.32345
419.57,0.32363
419.59,0.32381
419.6,0.32398
419.62,0.32416
419.64,0.32434
419.66,0.32452
419.67,0.32469
419.69,0.32487
419.71,0.32505
419.73,0.32522
419.74,0.32539
419.76,0.32557
419.78,0.32574
419.8,0.32591
419.82,0.32608
419.83,0.32625
419.85,0.32642
419.87,0.32659
419.89,0.32676
419.9,0.32693
419.92,0.32709
419.94,0.32726
419.96,0.32743
419.97,0.32759
419.99,0.32776
420.01,0.32792
420.03,0.32808
420.04,0.32824
420.06,0.32841
420.08,0.32857
420.1,0.32873
420.12,0.32889
420.13,0.32905
420.15,0.32921
420.17,0.32936
420.19,0.32952
420.2,0.32968
420.22,0.32983
420.24,0.32999
420.26,0.33014
420.27,0.3303
420.29,0.33045
420.31,0.3306
420.33,0.33075
420.34,0.33091
420.36,0.33106
420.38,0.33121
420.4,0.33136
420.42,0.3315
420.43,0.33165
420.45,0.3318
420.47,0.33195
420.49,0.33209
420.5,0.33224
420.52,0.33238
420.54,0.33253
420.56,0.33267
420.57,0.33281
420.59,0.33296
420.61,0.3331
420.63,0.33324
420.65,0.33338
420.66,0.33352
420.68,0.33366
420.7,0.3338
420.72,0.33393
420.73,0.33407
420.75,0.33421
420.77,0.33434
420.79,0.33448
420.8,0.33461
420.82,0.33475
420.84,0.33488
420.86,0.33501
420.88,0.33515
420.89,0.33528
420.91,0.33541
420.93,0.33554
420.95,0.33567
420.96,0.3358
420.98,0.33593
421,0.33606
421.02,0.33618
421.03,0.33631
421.05,0.33644
421.07,0.33656
421.09,0.33669
421.11,0.33681
421.12,0.33694
421.14,0.33706
421.16,0.33718
421.18,0.3373
421.19,0.33742
421.21,0.33755
421.23,0.33767
421.25,0.33779
421.27,0.33791
421.28,0.33802
421.3,0.33814
421.32,0.33826
421.34,0.33838
421.35,0.33849
421.37,0.33861
421.39,0.33872
421.41,0.33884
421.43,0.33895
421.44,0.33907
421.46,0.33918
421.48,0.33929
421.5,0.3394
421.51,0.33952
421.53,0.33963
421.55,0.33974
421.57,0.33985
421.59,0.33996
421.6,0.34006
421.62,0.34017
421.64,0.34028
421.66,0.34039
421.67,0.34049
421.69,0.3406
421.71,0.34071
421.73,0.34081
421.75,0.34092
421.76,0.34102
421.78,0.34112
421.8,0.34123
421.82,0.34133
421.83,0.34143
421.85,0.34153
421.87,0.34163
421.89,0.34173
421.91,0.34183
421.92,0.34193
421.94,0.34203
421.96,0.34213
421.98,0.34223
421.99,0.34233
422.01,0.34243
422.03,0.34252
422.05,0.34262
422.07,0.34271
422.08,0.34281
422.1,0.3429
422.12,0.343
422.14,0.34309
422.15,0.34319
422.17,0.34328
422.19,0.34337
422.21,0.34347
422.23,0.34356
422.24,0.34365
422.26,0.34374
422.28,0.34383
422.3,0.34392
422.32,0.34401
422.33,0.3441
422.35,0.34419
422.37,0.34428
422.39,0.34437
422.4,0.34445
422.42,0.34454
422.44,0.34463
422.46,0.34471
422.48,0.3448
422.49,0.34489
422.51,0.34497
422.53,0.34506
422.55,0.34514
422.56,0.34523
422.58,0.34531
422.6,0.34539
422.62,0.34548
422.64,0.34556
422.65,0.34564
422.67,0.34573
422.69,0.34581
422.71,0.34589
422.73,0.34597
422.74,0.34605
422.76,0.34613
422.78,0.34621
422.8,0.34629
422.82,0.34637
422.83,0.34645
422.85,0.34653
422.87,0.34661
422.89,0.34669
422.9,0.34677
422.92,0.34685
422.94,0.34692
422.96,0.347
422.98,0.34708
422.99,0.34716
423.01,0.34723
423.03,0.34731
423.05,0.34739
423.07,0.34746
423.08,0.34754
423.1,0.34761
423.12,0.34769
423.14,0.34776
423.16,0.34784
423.17,0.34791
423.19,0.34799
423.21,0.34806
423.23,0.34814
423.24,0.34821
423.26,0.34828
423.28,0.34836
423.3,0.34843
423.32,0.3485
423.33,0.34858
423.35,0.34865
423.37,0.34872
423.39,0.3488
423.41,0.34887
423.42,0.34894
423.44,0.34901
423.46,0.34908
423.48,0.34916
423.5,0.34923
423.51,0.3493
423.53,0.34937
423.55,0.34944
423.57,0.34951
423.59,0.34958
423.6,0.34966
423.62,0.34973
423.64,0.3498
423.66,0.34987
423.67,0.34994
423.69,0.35001
423.71,0.35008
423.73,0.35015
423.75,0.35022
423.76,0.35029
423.78,0.35036
423.8,0.35043
423.82,0.3505
423.84,0.35057
423.85,0.35064
423.87,0.35071
423.89,0.35078
423.91,0.35085
423.93,0.35092
423.94,0.35099
423.96,0.35107
423.98,0.35114
424,0.35121
424.02,0.35128
424.03,0.35135
424.05,0.35142
424.07,0.35149
424.09,0.35156
424.11,0.35163
424.12,0.3517
424.14,0.35177
424.16,0.35184
424.18,0.35191
424.2,0.35198
424.21,0.35205
424.23,0.35213
424.25,0.3522
424.27,0.35227
424.29,0.35234
424.3,0.35241
424.32,0.35248
424.34,0.35256
424.36,0.35263
424.38,0.3527
424.39,0.35277
424.41,0.35285
424.43,0.35292
424.45,0.35299
424.47,0.35307
424.48,0.35314
424.5,0.35321
424.52,0.35329
424.54,0.35336
424.56,0.35343
424.57,0.35351
424.59,0.35358
424.61,0.35366
424.63,0.35373
424.65,0.35381
424.66,0.35389
424.68,0.35396
424.7,0.35404
424.72,0.35411
424.74,0.35419
424.75,0.35427
424.77,0.35435
424.79,0.35442
424.81,0.3545
424.83,0.35458
424.84,0.35466
424.86,0.35474
424.88,0.35482
424.9,0.3549
424.92,0.35498
424.94,0.35506
424.95,0.35514
424.97,0.35522
424.99,0.3553
425.01,0.35538
425.03,0.35546
425.04,0.35555
425.06,0.35563
425.08,0.35571
425.1,0.3558
425.12,0.35588
425.13,0.35597
425.15,0.35605
425.17,0.35614
425.19,0.35622
425.21,0.35631
425.22,0.3564
425.24,0.35648
425.26,0.35657
425.28,0.35666
425.3,0.35675
425.31,0.35684
425.33,0.35693
425.35,0.35702
425.37,0.35711
425.39,0.3572
425.41,0.35729
425.42,0.35739
425.44,0.35748
425.46,0.35757
425.48,0.35767
425.5,0.35776
425.51,0.35786
425.53,0.35795
425.55,0.35805
425.57,0.35815
425.59,0.35825
425.6,0.35834
425.62,0.35844
425.64,0.35854
425.66,0.35864
425.68,0.35874
425.69,0.35885
425.71,0.35895
425.73,0.35905
425.75,0.35915
425.77,0.35926
425.79,0.35936
425.8,0.35947
425.82,0.35958
425.84,0.35968
425.86,0.35979
425.88,0.3599
425.89,0.36001
425.91,0.36012
425.93,0.36023
425.95,0.36034
425.97,0.36045
425.99,0.36057
426,0.36068
426.02,0.36079
426.04,0.36091
426.06,0.36103
426.08,0.36114
426.09,0.36126
426.11,0.36138
426.13,0.3615
426.15,0.36162
426.17,0.36174
426.18,0.36186
426.2,0.36199
426.22,0.36211
426.24,0.36223
426.26,0.36236
426.28,0.36249
426.29,0.36261
426.31,0.36274
426.33,0.36287
426.35,0.363
426.37,0.36313
426.38,0.36326
426.4,0.3634
426.42,0.36353
426.44,0.36366
426.46,0.3638
426.48,0.36394
426.49,0.36407
426.51,0.36421
426.53,0.36435
426.55,0.36449
426.57,0.36463
426.58,0.36478
426.6,0.36492
426.62,0.36506
426.64,0.36521
426.66,0.36536
426.68,0.3655
426.69,0.36565
426.71,0.3658
426.73,0.36595
426.75,0.36611
426.77,0.36626
426.79,0.36641
426.8,0.36657
426.82,0.36673
426.84,0.36688
426.86,0.36704
426.88,0.3672
426.89,0.36736
426.91,0.36752
426.93,0.36769
426.95,0.36785
426.97,0.36802
426.99,0.36818
427,0.36835
427.02,0.36852
427.04,0.36869
427.06,0.36886
427.08,0.36903
427.09,0.36921
427.11,0.36938
427.13,0.36956
427.15,0.36974
427.17,0.36992
427.19,0.3701
427.2,0.37028
427.22,0.37046
427.24,0.37064
427.26,0.37083
427.28,0.37102
427.3,0.3712
427.31,0.37139
427.33,0.37158
427.35,0.37177
427.37,0.37197
427.39,0.37216
427.41,0.37236
427.42,0.37255
427.44,0.37275
427.46,0.37295
427.48,0.37315
427.5,0.37336
427.51,0.37356
427.53,0.37376
427.55,0.37397
427.57,0.37418
427.59,0.37439
427.61,0.3746
427.62,0.37481
427.64,0.37503
427.66,0.37524
427.68,0.37546
427.7,0.37567
427.72,0.37589
427.73,0.37611
427.75,0.37634
427.77,0.37656
427.79,0.37679
427.81,0.37701
427.83,0.37724
427.84,0.37747
427.86,0.3777
427.88,0.37794
427.9,0.37817
427.92,0.37841
427.94,0.37864
427.95,0.37888
427.97,0.37912
427.99,0.37936
428.01,0.37961
428.03,0.37985
428.05,0.3801
428.06,0.38035
428.08,0.3806
428.1,0.38085
428.12,0.3811
428.14,0.38136
428.16,0.38161
428.17,0.38187
428.19,0.38213
428.21,0.38239
428.23,0.38265
428.25,0.38292
428.27,0.38318
428.28,0.38345
428.3,0.38372
428.32,0.38399
428.34,0.38427
428.36,0.38454
428.38,0.38482
428.39,0.38509
428.41,0.38537
428.43,0.38565
428.45,0.38594
428.47,0.38622
428.49,0.38651
428.5,0.3868
428.52,0.38709
428.54,0.38738
428.56,0.38767
428.58,0.38796
428.6,0.38826
428.61,0.38856
428.63,0.38886
428.65,0.38916
428.67,0.38947
428.69,0.38977
428.71,0.39008
428.72,0.39039
428.74,0.3907
428.76,0.39101
428.78,0.39133
428.8,0.39164
428.82,0.39196
428.83,0.39228
428.85,0.3926
428.87,0.39293
428.89,0.39325
428.91,0.39358
428.93,0.39391
428.95,0.39424
428.96,0.39457
428.98,0.39491
429,0.39524
429.02,0.39558
429.04,0.39592
429.06,0.39627
429.07,0.39661
429.09,0.39696
429.11,0.3973
429.13,0.39765
429.15,0.39801
429.17,0.39836
429.18,0.39872
429.2,0.39907
429.22,0.39943
429.24,0.39979
429.26,0.40016
429.28,0.40052
429.3,0.40089
429.31,0.40126
429.33,0.40163
429.35,0.402
429.37,0.40238
429.39,0.40276
429.41,0.40314
429.42,0.40352
429.44,0.4039
429.46,0.40429
429.48,0.40467
429.5,0.40506
429.52,0.40545
429.53,0.40585
429.55,0.40624
429.57,0.40664
429.59,0.40704
429.61,0.40744
429.63,0.40784
429.65,0.40825
429.66,0.40865
429.68,0.40906
429.7,0.40948
429.72,0.40989
429.74,0.4103
429.76,0.41072
429.77,0.41114
429.79,0.41156
429.81,0.41199
429.83,0.41241
429.85,0.41284
429.87,0.41327
429.89,0.4137
429.9,0.41414
429.92,0.41457
429.94,0.41501
429.96,0.41545
429.98,0.41589
430,0.41634
430.02,0.41679
430.03,0.41723
430.05,0.41769
430.07,0.41814
430.09,0.41859
430.11,0.41905
430.13,0.41951
430.14,0.41997
430.16,0.42044
430.18,0.4209
430.2,0.42137
430.22,0.42184
430.24,0.42231
430.26,0.42279
430.27,0.42326
430.29,0.42374
430.31,0.42422
430.33,0.42471
430.35,0.42519
430.37,0.42568
430.39,0.42617
430.4,0.42666
430.42,0.42716
430.44,0.42765
430.46,0.42815
430.48,0.42865
430.5,0.42915
430.51,0.42966
430.53,0.43017
430.55,0.43067
430.57,0.43119
430.59,0.4317
430.61,0.43222
430.63,0.43273
430.64,0.43325
430.66,0.43378
430.68,0.4343
430.7,0.43483
430.72,0.43536
430.74,0.43589
430.76,0.43642
430.77,0.43696
430.79,0.4375
430.81,0.43804
430.83,0.43858
430.85,0.43912
430.87,0.43967
430.89,0.44022
430.9,0.44077
430.92,0.44132
430.94,0.44188
430.96,0.44244
430.98,0.443
431,0.44356
431.02,0.44413
431.03,0.44469
431.05,0.44526
431.07,0.44583
431.09,0.44641
431.11,0.44698
431.13,0.44756
431.15,0.44814
431.16,0.44873
431.18,0.44931
431.2,0.4499
431.22,0.45049
431.24,0.45108
431.26,0.45167
431.28,0.45227
431.29,0.45287
431.31,0.45347
431.33,0.45407
431.35,0.45468
431.37,0.45528
431.39,0.45589
431.41,0.45651
431.42,0.45712
431.44,0.45774
431.46,0.45836
431.48,0.45898
431.5,0.4596
431.52,0.46023
431.54,0.46086
431.56,0.46149
431.57,0.46212
431.59,0.46275
431.61,0.46339
431.63,0.46403
431.65,0.46467
431.67,0.46532
431.69,0.46596
431.7,0.46661
431.72,0.46726
431.74,0.46791
431.76,0.46857
431.78,0.46923
431.8,0.46989
431.82,0.47055
431.83,0.47121
431.85,0.47188
431.87,0.47255
431.89,0.47322
431.91,0.47389
431.93,0.47457
431.95,0.47525
431.97,0.47593
431.98,0.47661
432,0.47729
432.02,0.47798
432.04,0.47867
432.06,0.47936
432.08,0.48006
432.1,0.48075
432.11,0.48145
432.13,0.48215
432.15,0.48285
432.17,0.48356
432.19,0.48427
432.21,0.48498
432.23,0.48569
432.25,0.4864
432.26,0.48712
432.28,0.48784
432.3,0.48856
432.32,0.48928
432.34,0.49001
432.36,0.49074
432.38,0.49147
432.4,0.4922
432.41,0.49293
432.43,0.49367
432.45,0.49441
432.47,0.49515
432.49,0.49589
432.51,0.49664
432.53,0.49739
432.54,0.49814
432.56,0.49889
432.58,0.49964
432.6,0.5004
432.62,0.50116
432.64,0.50192
432.66,0.50268
432.68,0.50345
432.69,0.50422
432.71,0.50499
432.73,0.50576
432.75,0.50654
432.77,0.50731
432.79,0.50809
432.81,0.50887
432.83,0.50966
432.84,0.51044
432.86,0.51123
432.88,0.51202
432.9,0.51281
432.92,0.51361
432.94,0.5144
432.96,0.5152
432.98,0.516
432.99,0.51681
433.01,0.51761
433.03,0.51842
433.05,0.51923
433.07,0.52004
433.09,0.52086
433.11,0.52167
433.13,0.52249
433.14,0.52331
433.16,0.52414
433.18,0.52496
433.2,0.52579
433.22,0.52662
433.24,0.52745
433.26,0.52828
433.28,0.52912
433.29,0.52996
433.31,0.5308
433.33,0.53164
433.35,0.53248
433.37,0.53333
433.39,0.53418
433.41,0.53503
433.43,0.53588
433.44,0.53674
433.46,0.53759
433.48,0.53845
433.5,0.53932
433.52,0.54018
433.54,0.54104
433.56,0.54191
433.58,0.54278
433.59,0.54365
433.61,0.54453
433.63,0.5454
433.65,0.54628
433.67,0.54716
433.69,0.54804
433.71,0.54893
433.73,0.54981
433.75,0.5507
433.76,0.55159
433.78,0.55248
433.8,0.55338
433.82,0.55428
433.84,0.55517
433.86,0.55607
433.88,0.55698
433.9,0.55788
433.91,0.55879
433.93,0.5597
433.95,0.56061
433.97,0.56152
433.99,0.56243
434.01,0.56335
434.03,0.56427
434.05,0.56519
434.07,0.56611
434.08,0.56704
434.1,0.56796
434.12,0.56889
434.14,0.56982
434.16,0.57075
434.18,0.57169
434.2,0.57262
434.22,0.57356
434.24,0.5745
434.25,0.57544
434.27,0.57639
434.29,0.57733
434.31,0.57828
434.33,0.57923
434.35,0.58018
434.37,0.58113
434.39,0.58209
434.4,0.58305
434.42,0.584
434.44,0.58497
434.46,0.58593
434.48,0.58689
434.5,0.58786
434.52,0.58883
434.54,0.5898
434.56,0.59077
434.57,0.59174
434.59,0.59272
434.61,0.59369
434.63,0.59467
434.65,0.59565
434.67,0.59664
434.69,0.59762
434.71,0.59861
434.73,0.59959
434.74,0.60058
434.76,0.60157
434.78,0.60257
434.8,0.60356
434.82,0.60456
434.84,0.60556
434.86,0.60655
434.88,0.60756
434.9,0.60856
434.91,0.60956
434.93,0.61057
434.95,0.61158
434.97,0.61259
434.99,0.6136
435.01,0.61461
435.03,0.61563
435.05,0.61664
435.07,0.61766
435.09,0.61868
435.1,0.6197
435.12,0.62073
435.14,0.62175
435.16,0.62278
435.18,0.6238
435.2,0.62483
435.22,0.62586
435.24,0.62689
435.26,0.62793
435.27,0.62896
435.29,0.63
435.31,0.63104
435.33,0.63208
435.35,0.63312
435.37,0.63416
435.39,0.63521
435.41,0.63625
435.43,0.6373
435.45,0.63835
435.46,0.6394
435.48,0.64045
435.5,0.6415
435.52,0.64255
435.54,0.64361
435.56,0.64467
435.58,0.64573
435.6,0.64678
435.62,0.64785
435.63,0.64891
435.65,0.64997
435.67,0.65104
435.69,0.6521
435.71,0.65317
435.73,0.65424
435.75,0.65531
435.77,0.65638
435.79,0.65745
435.81,0.65853
435.82,0.6596
435.84,0.66068
435.86,0.66176
435.88,0.66283
435.9,0.66391
435.92,0.665
435.94,0.66608
435.96,0.66716
435.98,0.66825
436,0.66933
436.01,0.67042
436.03,0.67151
436.05,0.6726
436.07,0.67369
436.09,0.67478
436.11,0.67587
436.13,0.67696
436.15,0.67806
436.17,0.67915
436.19,0.68025
436.21,0.68135
436.22,0.68244
436.24,0.68354
436.26,0.68464
436.28,0.68574
436.3,0.68685
436.32,0.68795
436.34,0.68905
436.36,0.69016
436.38,0.69126
436.4,0.69237
436.41,0.69348
436.43,0.69459
436.45,0.6957
436.47,0.69681
436.49,0.69792
436.51,0.69903
436.53,0.70014
436.55,0.70125
436.57,0.70237
436.59,0.70348
436.6,0.7046
436.62,0.70571
436.64,0.70683
436.66,0.70795
436.68,0.70907
436.7,0.71019
436.72,0.71131
436.74,0.71243
436.76,0.71355
436.78,0.71467
436.8,0.71579
436.81,0.71691
436.83,0.71803
436.85,0.71916
436.87,0.72028
436.89,0.72141
436.91,0.72253
436.93,0.72366
436.95,0.72478
436.97,0.72591
436.99,0.72704
437.01,0.72816
437.02,0.72929
437.04,0.73042
437.06,0.73155
437.08,0.73268
437.1,0.7338
437.12,0.73493
437.14,0.73606
437.16,0.73719
437.18,0.73832
437.2,0.73945
437.22,0.74058
437.23,0.74172
437.25,0.74285
437.27,0.74398
437.29,0.74511
437.31,0.74624
437.33,0.74737
437.35,0.7485
437.37,0.74964
437.39,0.75077
437.41,0.7519
437.43,0.75303
437.45,0.75417
437.46,0.7553
437.48,0.75643
437.5,0.75756
437.52,0.75869
437.54,0.75983
437.56,0.76096
437.58,0.76209
437.6,0.76322
437.62,0.76435
437.64,0.76548
437.66,0.76662
437.68,0.76775
437.69,0.76888
437.71,0.77001
437.73,0.77114
437.75,0.77227
437.77,0.7734
437.79,0.77453
437.81,0.77566
437.83,0.77679
437.85,0.77792
437.87,0.77904
437.89,0.78017
437.91,0.7813
437.92,0.78243
437.94,0.78355
437.96,0.78468
437.98,0.7858
438,0.78693
438.02,0.78805
438.04,0.78918
438.06,0.7903
438.08,0.79142
438.1,0.79255
438.12,0.79367
438.14,0.79479
438.15,0.79591
438.17,0.79703
438.19,0.79815
438.21,0.79927
438.23,0.80038
438.25,0.8015
438.27,0.80262
438.29,0.80373
438.31,0.80484
438.33,0.80596
438.35,0.80707
438.37,0.80818
438.38,0.80929
438.4,0.8104
438.42,0.81151
438.44,0.81262
438.46,0.81373
438.48,0.81483
438.5,0.81594
438.52,0.81704
438.54,0.81814
438.56,0.81924
438.58,0.82034
438.6,0.82144
438.62,0.82254
438.63,0.82364
438.65,0.82473
438.67,0.82583
438.69,0.82692
438.71,0.82801
438.73,0.8291
438.75,0.83019
438.77,0.83128
438.79,0.83237
438.81,0.83345
438.83,0.83453
438.85,0.83562
438.87,0.8367
438.89,0.83778
438.9,0.83885
438.92,0.83993
438.94,0.841
438.96,0.84208
438.98,0.84315
439,0.84422
439.02,0.84529
439.04,0.84635
439.06,0.84742
439.08,0.84848
439.1,0.84954
439.12,0.8506
439.14,0.85166
439.16,0.85271
439.17,0.85377
439.19,0.85482
439.21,0.85587
439.23,0.85692
439.25,0.85797
439.27,0.85901
439.29,0.86005
439.31,0.86109
439.33,0.86213
439.35,0.86317
439.37,0.8642
439.39,0.86524
439.41,0.86627
439.43,0.8673
439.44,0.86832
439.46,0.86935
439.48,0.87037
439.5,0.87139
439.52,0.8724
439.54,0.87342
439.56,0.87443
439.58,0.87544
439.6,0.87645
439.62,0.87745
439.64,0.87846
439.66,0.87946
439.68,0.88046
439.7,0.88145
439.72,0.88245
439.73,0.88344
439.75,0.88442
439.77,0.88541
439.79,0.88639
439.81,0.88737
439.83,0.88835
439.85,0.88933
439.87,0.8903
439.89,0.89127
439.91,0.89224
439.93,0.8932
439.95,0.89416
439.97,0.89512
439.99,0.89608
440.01,0.89703
440.02,0.89798
440.04,0.89893
440.06,0.89987
440.08,0.90081
440.1,0.90175
440.12,0.90269
440.14,0.90362
440.16,0.90455
440.18,0.90547
440.2,0.9064
440.22,0.90732
440.24,0.90823
440.26,0.90915
440.28,0.91006
440.3,0.91096
440.32,0.91187
440.33,0.91277
440.35,0.91367
440.37,0.91456
440.39,0.91545
440.41,0.91634
440.43,0.91722
440.45,0.9181
440.47,0.91898
440.49,0.91985
440.51,0.92072
440.53,0.92159
440.55,0.92245
440.57,0.92331
440.59,0.92417
440.61,0.92502
440.63,0.92587
440.65,0.92672
440.66,0.92756
440.68,0.9284
440.7,0.92923
440.72,0.93006
440.74,0.93089
440.76,0.93171
440.78,0.93253
440.8,0.93334
440.82,0.93415
440.84,0.93496
440.86,0.93576
440.88,0.93656
440.9,0.93736
440.92,0.93815
440.94,0.93894
440.96,0.93972
440.98,0.9405
440.99,0.94128
441.01,0.94205
441.03,0.94281
441.05,0.94358
441.07,0.94434
441.09,0.94509
441.11,0.94584
441.13,0.94659
441.15,0.94733
441.17,0.94807
441.19,0.9488
441.21,0.94953
441.23,0.95025
441.25,0.95097
441.27,0.95169
441.29,0.9524
441.31,0.95311
441.33,0.95381
441.35,0.95451
441.36,0.9552
441.38,0.95589
441.4,0.95657
441.42,0.95725
441.44,0.95793
441.46,0.9586
441.48,0.95926
441.5,0.95993
441.52,0.96058
441.54,0.96123
441.56,0.96188
441.58,0.96252
441.6,0.96316
441.62,0.96379
441.64,0.96442
441.66,0.96504
441.68,0.96566
441.7,0.96628
441.72,0.96688
441.74,0.96749
441.75,0.96809
441.77,0.96868
441.79,0.96927
441.81,0.96985
441.83,0.97043
441.85,0.97101
441.87,0.97157
441.89,0.97214
441.91,0.9727
441.93,0.97325
441.95,0.9738
441.97,0.97434
441.99,0.97488
442.01,0.97541
442.03,0.97594
442.05,0.97646
442.07,0.97698
442.09,0.97749
442.11,0.978
442.13,0.9785
442.15,0.97899
442.16,0.97948
442.18,0.97997
442.2,0.98045
442.22,0.98092
442.24,0.98139
442.26,0.98185
442.28,0.98231
442.3,0.98276
442.32,0.98321
442.34,0.98365
442.36,0.98409
442.38,0.98452
442.4,0.98494
442.42,0.98536
442.44,0.98578
442.46,0.98619
442.48,0.98659
442.5,0.98699
442.52,0.98738
442.54,0.98776
442.56,0.98814
442.58,0.98852
442.6,0.98888
442.61,0.98925
442.63,0.9896
442.65,0.98995
442.67,0.9903
442.69,0.99064
442.71,0.99097
442.73,0.9913
442.75,0.99162
442.77,0.99194
442.79,0.99225
442.81,0.99255
442.83,0.99285
442.85,0.99315
442.87,0.99343
442.89,0.99371
442.91,0.99399
442.93,0.99426
442.95,0.99452
442.97,0.99478
442.99,0.99503
443.01,0.99527
443.03,0.99551
443.05,0.99574
443.07,0.99597
443.09,0.99619
443.11,0.9964
443.12,0.99661
443.14,0.99682
443.16,0.99701
443.18,0.9972
443.2,0.99739
443.22,0.99756
443.24,0.99773
443.26,0.9979
443.28,0.99806
443.3,0.99821
443.32,0.99836
443.34,0.9985
443.36,0.99863
443.38,0.99876
443.4,0.99888
443.42,0.999
443.44,0.99911
443.46,0.99921
443.48,0.99931
443.5,0.9994
443.52,0.99948
443.54,0.99956
443.56,0.99963
443.58,0.9997
443.6,0.99976
443.62,0.99981
443.64,0.99986
443.66,0.9999
443.68,0.99993
443.7,0.99996
443.71,0.99998
443.73,0.99999
443.75,1
443.77,1
443.79,1
443.81,0.99998
443.83,0.99997
443.85,0.99994
443.87,0.99991
443.89,0.99987
443.91,0.99983
443.93,0.99978
443.95,0.99972
443.97,0.99966
443.99,0.99959
444.01,0.99952
444.03,0.99943
444.05,0.99935
444.07,0.99925
444.09,0.99915
444.11,0.99904
444.13,0.99893
444.15,0.9988
444.17,0.99868
444.19,0.99854
444.21,0.9984
444.23,0.99825
444.25,0.9981
444.27,0.99794
444.29,0.99777
444.31,0.9976
444.33,0.99742
444.35,0.99723
444.37,0.99704
444.39,0.99684
444.4,0.99663
444.42,0.99642
444.44,0.9962
444.46,0.99598
444.48,0.99575
444.5,0.99551
444.52,0.99526
444.54,0.99501
444.56,0.99475
444.58,0.99449
444.6,0.99422
444.62,0.99394
444.64,0.99365
444.66,0.99336
444.68,0.99307
444.7,0.99276
444.72,0.99245
444.74,0.99213
444.76,0.99181
444.78,0.99148
444.8,0.99114
444.82,0.9908
444.84,0.99045
444.86,0.9901
444.88,0.98973
444.9,0.98936
444.92,0.98899
444.94,0.98861
444.96,0.98822
444.98,0.98782
445,0.98742
445.02,0.98701
445.04,0.9866
445.06,0.98618
445.08,0.98575
445.1,0.98532
445.12,0.98488
445.14,0.98443
445.16,0.98398
445.18,0.98352
445.2,0.98305
445.22,0.98258
445.24,0.9821
445.26,0.98161
445.28,0.98112
445.3,0.98062
445.32,0.98012
445.34,0.97961
445.35,0.97909
445.37,0.97857
445.39,0.97804
445.41,0.9775
445.43,0.97696
445.45,0.97641
445.47,0.97585
445.49,0.97529
445.51,0.97472
445.53,0.97415
445.55,0.97357
445.57,0.97298
445.59,0.97239
445.61,0.97179
445.63,0.97118
445.65,0.97057
445.67,0.96995
445.69,0.96933
445.71,0.9687
445.73,0.96806
445.75,0.96742
445.77,0.96677
445.79,0.96611
445.81,0.96545
445.83,0.96478
445.85,0.96411
445.87,0.96343
445.89,0.96274
445.91,0.96205
445.93,0.96135
445.95,0.96064
445.97,0.95993
445.99,0.95922
446.01,0.95849
446.03,0.95777
446.05,0.95703
446.07,0.95629
446.09,0.95554
446.11,0.95479
446.13,0.95403
446.15,0.95327
446.17,0.95249
446.19,0.95172
446.21,0.95093
446.23,0.95015
446.25,0.94935
446.27,0.94855
446.29,0.94774
446.31,0.94693
446.33,0.94611
446.35,0.94529
446.37,0.94446
446.39,0.94363
446.41,0.94278
446.43,0.94194
446.45,0.94108
446.47,0.94023
446.49,0.93936
446.51,0.93849
446.53,0.93762
446.55,0.93674
446.57,0.93585
446.59,0.93496
446.61,0.93406
446.63,0.93315
446.65,0.93224
446.67,0.93133
446.69,0.93041
446.71,0.92948
446.73,0.92855
446.75,0.92761
446.77,0.92667
446.79,0.92572
446.81,0.92477
446.83,0.92381
446.85,0.92285
446.87,0.92188
446.89,0.9209
446.91,0.91992
446.93,0.91894
446.95,0.91795
446.97,0.91695
446.99,0.91595
447.01,0.91494
447.03,0.91393
447.05,0.91291
447.07,0.91189
447.09,0.91086
447.11,0.90983
447.13,0.90879
447.15,0.90775
447.17,0.9067
447.19,0.90564
447.21,0.90459
447.23,0.90352
447.25,0.90245
447.27,0.90138
447.29,0.9003
447.31,0.89922
447.33,0.89813
447.35,0.89704
447.37,0.89594
447.39,0.89483
447.41,0.89373
447.43,0.89261
447.45,0.89149
447.47,0.89037
447.49,0.88924
447.51,0.88811
447.53,0.88698
447.55,0.88583
447.57,0.88469
447.59,0.88354
447.61,0.88238
447.63,0.88122
447.65,0.88006
447.67,0.87889
447.69,0.87771
447.71,0.87653
447.73,0.87535
447.75,0.87416
447.77,0.87297
447.79,0.87178
447.81,0.87057
447.83,0.86937
447.85,0.86816
447.87,0.86695
447.89,0.86573
447.91,0.8645
447.93,0.86328
447.95,0.86205
447.97,0.86081
447.99,0.85957
448.01,0.85833
448.03,0.85708
448.05,0.85583
448.07,0.85457
448.09,0.85331
448.11,0.85205
448.13,0.85078
448.15,0.8495
448.17,0.84823
448.19,0.84695
448.21,0.84566
448.23,0.84437
448.25,0.84308
448.27,0.84178
448.29,0.84048
448.31,0.83918
448.33,0.83787
448.35,0.83656
448.37,0.83525
448.39,0.83393
448.41,0.8326
448.43,0.83128
448.45,0.82995
448.47,0.82861
448.49,0.82727
448.51,0.82593
448.53,0.82459
448.55,0.82324
448.57,0.82189
448.59,0.82053
448.61,0.81917
448.63,0.81781
448.65,0.81645
448.67,0.81508
448.69,0.8137
448.71,0.81233
448.73,0.81095
448.75,0.80957
448.77,0.80818
448.79,0.80679
448.81,0.8054
448.83,0.80401
448.85,0.80261
448.87,0.8012
448.89,0.7998
448.91,0.79839
448.93,0.79698
448.95,0.79557
448.97,0.79415
448.99,0.79273
449.01,0.79131
449.03,0.78988
449.05,0.78845
449.07,0.78702
449.1,0.78558
449.12,0.78415
449.14,0.78271
449.16,0.78126
449.18,0.77982
449.2,0.77837
449.22,0.77692
449.24,0.77546
449.26,0.77401
449.28,0.77255
449.3,0.77108
449.32,0.76962
449.34,0.76815
449.36,0.76668
449.38,0.76521
449.4,0.76374
449.42,0.76226
449.44,0.76078
449.46,0.7593
449.48,0.75781
449.5,0.75633
449.52,0.75484
449.54,0.75334
449.56,0.75185
449.58,0.75035
449.6,0.74886
449.62,0.74736
449.64,0.74585
449.66,0.74435
449.68,0.74284
449.7,0.74133
449.72,0.73982
449.74,0.73831
449.76,0.73679
449.78,0.73527
449.8,0.73375
449.82,0.73223
449.84,0.73071
449.86,0.72918
449.88,0.72766
449.9,0.72613
449.92,0.7246
449.94,0.72306
449.96,0.72153
449.98,0.71999
450,0.71846
450.02,0.71692
450.05,0.71537
450.07,0.71383
450.09,0.71229
450.11,0.71074
450.13,0.70919
450.15,0.70764
450.17,0.70609
450.19,0.70454
450.21,0.70299
450.23,0.70143
450.25,0.69987
450.27,0.69832
450.29,0.69676
450.31,0.6952
450.33,0.69363
450.35,0.69207
450.37,0.6905
450.39,0.68894
450.41,0.68737
450.43,0.6858
450.45,0.68423
450.47,0.68266
450.49,0.68109
450.51,0.67952
450.53,0.67794
450.55,0.67637
450.57,0.67479
450.59,0.67321
450.61,0.67163
450.63,0.67005
450.65,0.66847
450.67,0.66689
450.69,0.66531
450.71,0.66373
450.73,0.66214
450.76,0.66056
450.78,0.65897
450.8,0.65738
450.82,0.6558
450.84,0.65421
450.86,0.65262
450.88,0.65103
450.9,0.64944
450.92,0.64785
450.94,0.64626
450.96,0.64467
450.98,0.64307
451,0.64148
451.02,0.63989
451.04,0.63829
451.06,0.6367
451.08,0.6351
451.1,0.63351
451.12,0.63191
451.14,0.63032
451.16,0.62872
451.18,0.62712
451.2,0.62553
451.22,0.62393
451.24,0.62233
451.26,0.62073
451.28,0.61913
451.3,0.61753
451.32,0.61594
451.35,0.61434
451.37,0.61274
451.39,0.61114
451.41,0.60954
451.43,0.60794
451.45,0.60634
451.47,0.60474
451.49,0.60314
451.51,0.60154
451.53,0.59994
451.55,0.59834
451.57,0.59674
451.59,0.59514
451.61,0.59354
451.63,0.59194
451.65,0.59035
451.67,0.58875
451.69,0.58715
451.71,0.58555
451.73,0.58395
451.75,0.58235
451.77,0.58076
451.79,0.57916
451.81,0.57756
451.83,0.57597
451.85,0.57437
451.88,0.57277
451.9,0.57118
451.92,0.56958
451.94,0.56799
451.96,0.56639
451.98,0.5648
452,0.56321
452.02,0.56162
452.04,0.56002
452.06,0.55843
452.08,0.55684
452.1,0.55525
452.12,0.55366
452.14,0.55207
452.16,0.55048
452.18,0.5489
452.2,0.54731
452.22,0.54572
452.24,0.54414
452.26,0.54255
452.28,0.54097
452.3,0.53939
452.32,0.5378
452.35,0.53622
452.37,0.53464
452.39,0.53306
452.41,0.53148
452.43,0.5299
452.45,0.52833
452.47,0.52675
452.49,0.52518
452.51,0.5236
452.53,0.52203
452.55,0.52046
452.57,0.51889
452.59,0.51732
452.61,0.51575
452.63,0.51418
452.65,0.51261
452.67,0.51105
452.69,0.50948
452.71,0.50792
452.73,0.50636
452.76,0.5048
452.78,0.50324
452.8,0.50168
452.82,0.50012
452.84,0.49856
452.86,0.49701
452.88,0.49546
452.9,0.4939
452.92,0.49235
452.94,0.4908
452.96,0.48926
452.98,0.48771
453,0.48616
453.02,0.48462
453.04,0.48308
453.06,0.48154
453.08,0.48
453.1,0.47846
453.12,0.47692
453.14,0.47539
453.17,0.47385
453.19,0.47232
453.21,0.47079
453.23,0.46926
453.25,0.46774
453.27,0.46621
453.29,0.46469
453.31,0.46316
453.33,0.46164
453.35,0.46013
453.37,0.45861
453.39,0.45709
453.41,0.45558
453.43,0.45407
453.45,0.45256
453.47,0.45105
453.49,0.44954
453.51,0.44803
453.54,0.44653
453.56,0.44503
453.58,0.44353
453.6,0.44203
453.62,0.44054
453.64,0.43904
453.66,0.43755
453.68,0.43606
453.7,0.43457
453.72,0.43308
453.74,0.4316
453.76,0.43012
453.78,0.42864
453.8,0.42716
453.82,0.42568
453.84,0.42421
453.86,0.42273
453.89,0.42126
453.91,0.41979
453.93,0.41833
453.95,0.41686
453.97,0.4154
453.99,0.41394
454.01,0.41248
454.03,0.41103
454.05,0.40957
454.07,0.40812
454.09,0.40667
454.11,0.40522
454.13,0.40378
454.15,0.40233
454.17,0.40089
454.19,0.39945
454.22,0.39802
454.24,0.39658
454.26,0.39515
454.28,0.39372
454.3,0.39229
454.32,0.39087
454.34,0.38945
454.36,0.38803
454.38,0.38661
454.4,0.38519
454.42,0.38378
454.44,0.38237
454.46,0.38096
454.48,0.37955
454.5,0.37815
454.52,0.37674
454.55,0.37534
454.57,0.37395
454.59,0.37255
454.61,0.37116
454.63,0.36977
454.65,0.36838
454.67,0.367
454.69,0.36562
454.71,0.36424
454.73,0.36286
454.75,0.36148
454.77,0.36011
454.79,0.35874
454.81,0.35737
454.83,0.35601
454.86,0.35465
454.88,0.35329
454.9,0.35193
454.92,0.35057
454.94,0.34922
454.96,0.34787
454.98,0.34653
455,0.34518
455.02,0.34384
455.04,0.3425
455.06,0.34116
455.08,0.33983
455.1,0.3385
455.12,0.33717
455.15,0.33585
455.17,0.33452
455.19,0.3332
455.21,0.33188
455.23,0.33057
455.25,0.32926
455.27,0.32795
455.29,0.32664
455.31,0.32534
455.33,0.32403
455.35,0.32274
455.37,0.32144
455.39,0.32015
455.41,0.31886
455.44,0.31757
455.46,0.31628
455.48,0.315
455.5,0.31372
455.52,0.31244
455.54,0.31117
455.56,0.3099
455.58,0.30863
455.6,0.30737
455.62,0.3061
455.64,0.30484
455.66,0.30359
455.68,0.30233
455.71,0.30108
455.73,0.29983
455.75,0.29859
455.77,0.29735
455.79,0.29611
455.81,0.29487
455.83,0.29364
455.85,0.2924
455.87,0.29118
455.89,0.28995
455.91,0.28873
455.93,0.28751
455.95,0.28629
455.98,0.28508
456,0.28387
456.02,0.28266
456.04,0.28146
456.06,0.28025
456.08,0.27905
456.1,0.27786
456.12,0.27667
456.14,0.27548
456.16,0.27429
456.18,0.2731
456.2,0.27192
456.23,0.27075
456.25,0.26957
456.27,0.2684
456.29,0.26723
456.31,0.26606
456.33,0.2649
456.35,0.26374
456.37,0.26258
456.39,0.26143
456.41,0.26028
456.43,0.25913
456.45,0.25798
456.48,0.25684
456.5,0.2557
456.52,0.25457
456.54,0.25343
456.56,0.2523
456.58,0.25118
456.6,0.25005
456.62,0.24893
456.64,0.24781
456.66,0.2467
456.68,0.24559
456.7,0.24448
456.73,0.24337
456.75,0.24227
456.77,0.24117
456.79,0.24007
456.81,0.23898
456.83,0.23789
456.85,0.2368
456.87,0.23572
456.89,0.23464
456.91,0.23356
456.93,0.23248
456.95,0.23141
456.98,0.23034
457,0.22928
457.02,0.22821
457.04,0.22715
457.06,0.2261
457.08,0.22504
457.1,0.22399
457.12,0.22295
457.14,0.2219
457.16,0.22086
457.18,0.21982
457.21,0.21879
457.23,0.21776
457.25,0.21673
457.27,0.2157
457.29,0.21468
457.31,0.21366
457.33,0.21264
457.35,0.21163
457.37,0.21062
457.39,0.20961
457.41,0.20861
457.44,0.20761
457.46,0.20661
457.48,0.20562
457.5,0.20463
457.52,0.20364
457.54,0.20265
457.56,0.20167
457.58,0.20069
457.6,0.19971
457.62,0.19874
457.64,0.19777
457.67,0.19681
457.69,0.19584
457.71,0.19488
457.73,0.19392
457.75,0.19297
457.77,0.19202
457.79,0.19107
457.81,0.19013
457.83,0.18918
457.85,0.18824
457.88,0.18731
457.9,0.18638
457.92,0.18545
457.94,0.18452
457.96,0.1836
457.98,0.18268
458,0.18176
458.02,0.18085
458.04,0.17993
458.06,0.17903
458.09,0.17812
458.11,0.17722
458.13,0.17632
458.15,0.17543
458.17,0.17453
458.19,0.17364
458.21,0.17276
458.23,0.17187
458.25,0.17099
458.27,0.17012
458.3,0.16924
458.32,0.16837
458.34,0.1675
458.36,0.16664
458.38,0.16578
458.4,0.16492
458.42,0.16406
458.44,0.16321
458.46,0.16236
458.48,0.16151
458.51,0.16067
458.53,0.15983
458.55,0.15899
458.57,0.15816
458.59,0.15733
458.61,0.1565
458.63,0.15567
458.65,0.15485
458.67,0.15403
458.69,0.15322
458.72,0.1524
458.74,0.15159
458.76,0.15079
458.78,0.14998
458.8,0.14918
458.82,0.14838
458.84,0.14759
458.86,0.14679
458.88,0.14601
458.91,0.14522
458.93,0.14444
458.95,0.14366
458.97,0.14288
458.99,0.1421
459.01,0.14133
459.03,0.14056
459.05,0.1398
459.07,0.13904
459.09,0.13828
459.12,0.13752
459.14,0.13677
459.16,0.13602
459.18,0.13527
459.2,0.13452
459.22,0.13378
459.24,0.13304
459.26,0.13231
459.28,0.13157
459.31,0.13084
459.33,0.13012
459.35,0.12939
459.37,0.12867
459.39,0.12795
459.41,0.12724
459.43,0.12652
459.45,0.12581
459.47,0.12511
459.5,0.1244
459.52,0.1237
459.54,0.123
459.56,0.12231
459.58,0.12162
459.6,0.12093
459.62,0.12024
459.64,0.11955
459.66,0.11887
459.69,0.11819
459.71,0.11752
459.73,0.11685
459.75,0.11618
459.77,0.11551
459.79,0.11485
459.81,0.11418
459.83,0.11352
459.85,0.11287
459.88,0.11222
459.9,0.11157
459.92,0.11092
459.94,0.11027
459.96,0.10963
459.98,0.10899
460,0.10836
460.02,0.10772
460.05,0.10709
460.07,0.10646
460.09,0.10584
460.11,0.10521
460.13,0.10459
460.15,0.10398
460.17,0.10336
460.19,0.10275
460.21,0.10214
460.24,0.10153
460.26,0.10093
460.28,0.10033
460.3,0.099731
460.32,0.099135
460.34,0.098542
460.36,0.097952
460.38,0.097364
460.41,0.096779
460.43,0.096196
460.45,0.095616
460.47,0.095039
460.49,0.094464
460.51,0.093892
460.53,0.093323
460.55,0.092756
460.57,0.092192
460.6,0.091631
460.62,0.091072
460.64,0.090515
460.66,0.089961
460.68,0.08941
460.7,0.088862
460.72,0.088315
460.74,0.087772
460.77,0.087231
460.79,0.086692
460.81,0.086156
460.83,0.085623
460.85,0.085092
460.87,0.084564
460.89,0.084038
460.91,0.083515
460.94,0.082994
460.96,0.082475
460.98,0.08196
461,0.081446
461.02,0.080935
461.04,0.080427
461.06,0.079921
461.08,0.079417
461.11,0.078916
461.13,0.078417
461.15,0.077921
461.17,0.077427
461.19,0.076936
461.21,0.076447
461.23,0.07596
461.25,0.075476
461.28,0.074994
461.3,0.074515
461.32,0.074038
461.34,0.073563
461.36,0.073091
461.38,0.072621
461.4,0.072154
461.42,0.071688
461.45,0.071225
461.47,0.070765
461.49,0.070307
461.51,0.069851
461.53,0.069397
461.55,0.068946
461.57,0.068497
461.6,0.06805
461.62,0.067606
461.64,0.067163
461.66,0.066723
461.68,0.066286
461.7,0.06585
461.72,0.065417
461.74,0.064986
461.77,0.064558
461.79,0.064131
461.81,0.063707
461.83,0.063285
461.85,0.062865
461.87,0.062447
461.89,0.062032
461.92,0.061619
461.94,0.061208
461.96,0.060799
461.98,0.060392
462,0.059988
462.02,0.059585
462.04,0.059185
462.06,0.058787
462.09,0.058391
462.11,0.057997
462.13,0.057605
462.15,0.057215
462.17,0.056828
462.19,0.056442
462.21,0.056059
462.24,0.055677
462.26,0.055298
462.28,0.054921
462.3,0.054546
462.32,0.054173
462.34,0.053802
462.36,0.053433
462.38,0.053066
462.41,0.052701
462.43,0.052338
462.45,0.051977
462.47,0.051618
462.49,0.051261
462.51,0.050906
462.53,0.050553
462.56,0.050202
462.58,0.049853
462.6,0.049505
462.62,0.04916
462.64,0.048817
462.66,0.048476
462.68,0.048136
462.71,0.047799
462.73,0.047463
462.75,0.04713
462.77,0.046798
462.79,0.046468
462.81,0.04614
462.83,0.045814
462.86,0.04549
462.88,0.045167
462.9,0.044847
462.92,0.044528
462.94,0.044211
462.96,0.043896
462.98,0.043583
463.01,0.043272
463.03,0.042962
463.05,0.042655
463.07,0.042349
463.09,0.042044
463.11,0.041742
463.13,0.041442
463.16,0.041143
463.18,0.040846
463.2,0.04055
463.22,0.040257
463.24,0.039965
463.26,0.039675
463.28,0.039386
463.31,0.0391
463.33,0.038815
463.35,0.038532
463.37,0.03825
463.39,0.03797
463.41,0.037692
463.43,0.037415
463.46,0.037141
463.48,0.036867
463.5,0.036596
463.52,0.036326
463.54,0.036058
463.56,0.035791
463.59,0.035526
463.61,0.035263
463.63,0.035001
463.65,0.034741
463.67,0.034483
463.69,0.034226
463.71,0.03397
463.74,0.033716
463.76,0.033464
463.78,0.033214
463.8,0.032965
463.82,0.032717
463.84,0.032471
463.86,0.032227
463.89,0.031984
463.91,0.031742
463.93,0.031502
463.95,0.031264
463.97,0.031027
463.99,0.030792
464.02,0.030558
464.04,0.030325
464.06,0.030094
464.08,0.029865
464.1,0.029637
464.12,0.02941
464.14,0.029185
464.17,0.028961
464.19,0.028739
464.21,0.028518
464.23,0.028299
464.25,0.028081
464.27,0.027864
464.3,0.027649
464.32,0.027435
464.34,0.027223
464.36,0.027012
464.38,0.026802
464.4,0.026594
464.43,0.026387
464.45,0.026181
464.47,0.025977
464.49,0.025774
464.51,0.025573
464.53,0.025372
464.55,0.025173
464.58,0.024976
464.6,0.02478
464.62,0.024585
464.64,0.024391
464.66,0.024198
464.68,0.024007
464.71,0.023817
464.73,0.023629
464.75,0.023441
464.77,0.023255
464.79,0.023071
464.81,0.022887
464.84,0.022705
464.86,0.022524
464.88,0.022344
464.9,0.022165
464.92,0.021988
464.94,0.021811
464.96,0.021636
464.99,0.021462
465.01,0.02129
465.03,0.021118
465.05,0.020948
465.07,0.020779
465.09,0.020611
465.12,0.020444
465.14,0.020278
465.16,0.020114
465.18,0.01995
465.2,0.019788
465.22,0.019627
465.25,0.019467
465.27,0.019308
465.29,0.01915
465.31,0.018993
465.33,0.018838
465.35,0.018683
465.38,0.01853
465.4,0.018377
465.42,0.018226
465.44,0.018076
465.46,0.017927
465.48,0.017779
465.51,0.017632
465.53,0.017486
465.55,0.017341
465.57,0.017197
465.59,0.017054
465.61,0.016912
465.64,0.016771
465.66,0.016631
465.68,0.016492
465.7,0.016354
465.72,0.016217
465.74,0.016082
465.77,0.015947
465.79,0.015813
465.81,0.01568
465.83,0.015548
465.85,0.015417
465.87,0.015286
465.9,0.015157
465.92,0.015029
465.94,0.014902
465.96,0.014775
465.98,0.01465
466,0.014526
466.03,0.014402
466.05,0.014279
466.07,0.014158
466.09,0.014037
466.11,0.013917
466.14,0.013798
466.16,0.013679
466.18,0.013562
466.2,0.013446
466.22,0.01333
466.24,0.013215
466.27,0.013101
466.29,0.012988
466.31,0.012876
466.33,0.012765
466.35,0.012654
466.37,0.012545
466.4,0.012436
466.42,0.012328
466.44,0.012221
466.46,0.012114
466.48,0.012009
466.5,0.011904
466.53,0.0118
466.55,0.011697
466.57,0.011594
466.59,0.011493
466.61,0.011392
466.64,0.011292
466.66,0.011192
466.68,0.011094
466.7,0.010996
466.72,0.010899
466.74,0.010803
466.77,0.010707
466.79,0.010612
466.81,0.010518
466.83,0.010425
466.85,0.010332
466.88,0.010241
466.9,0.010149
466.92,0.010059
466.94,0.0099691
466.96,0.0098801
466.98,0.0097917
467.01,0.009704
467.03,0.0096171
467.05,0.0095308
467.07,0.0094452
467.09,0.0093602
467.12,0.009276
467.14,0.0091924
467.16,0.0091094
467.18,0.0090272
467.2,0.0089455
467.22,0.0088646
467.25,0.0087842
467.27,0.0087046
467.29,0.0086255
467.31,0.0085471
467.33,0.0084693
467.36,0.0083921
467.38,0.0083156
467.4,0.0082397
467.42,0.0081644
467.44,0.0080897
467.46,0.0080155
467.49,0.007942
467.51,0.0078691
467.53,0.0077968
467.55,0.0077251
467.57,0.0076539
467.6,0.0075834
467.62,0.0075134
467.64,0.007444
467.66,0.0073751
467.68,0.0073068
467.7,0.0072391
467.73,0.007172
467.75,0.0071053
467.77,0.0070393
467.79,0.0069737
467.81,0.0069088
467.84,0.0068443
467.86,0.0067804
467.88,0.006717
467.9,0.0066542
467.92,0.0065919
467.95,0.00653
467.97,0.0064687
467.99,0.006408
468.01,0.0063477
468.03,0.0062879
468.06,0.0062286
468.08,0.0061699
468.1,0.0061116
468.12,0.0060538
468.14,0.0059965
468.16,0.0059397
468.19,0.0058833
468.21,0.0058275
468.23,0.0057721
468.25,0.0057172
468.27,0.0056627
468.3,0.0056087
468.32,0.0055552
468.34,0.0055021
468.36,0.0054495
468.38,0.0053973
468.41,0.0053456
468.43,0.0052943
468.45,0.0052435
468.47,0.0051931
468.49,0.0051431
468.52,0.0050936
468.54,0.0050445
468.56,0.0049958
468.58,0.0049475
468.6,0.0048997
468.63,0.0048523
468.65,0.0048052
468.67,0.0047586
468.69,0.0047124
468.71,0.0046666
468.74,0.0046212
468.76,0.0045762
468.78,0.0045316
468.8,0.0044874
468.82,0.0044435
468.85,0.0044001
468.87,0.004357
468.89,0.0043143
468.91,0.004272
468.93,0.0042301
468.96,0.0041885
468.98,0.0041473
469,0.0041065
469.02,0.004066
469.04,0.0040259
469.07,0.0039861
469.09,0.0039467
469.11,0.0039077
469.13,0.003869
469.15,0.0038306
469.18,0.0037926
469.2,0.0037549
469.22,0.0037176
469.24,0.0036806
469.26,0.0036439
469.29,0.0036076
469.31,0.0035716
469.33,0.0035359
469.35,0.0035005
469.37,0.0034655
469.4,0.0034307
469.42,0.0033963
469.44,0.0033622
469.46,0.0033285
469.48,0.003295
469.51,0.0032618
469.53,0.0032289
469.55,0.0031963
469.57,0.0031641
469.59,0.0031321
469.62,0.0031004
469.64,0.003069
469.66,0.0030379
469.68,0.0030071
469.7,0.0029766
469.73,0.0029463
469.75,0.0029163
469.77,0.0028866
469.79,0.0028572
469.81,0.002828
469.84,0.0027992
469.86,0.0027706
469.88,0.0027422
469.9,0.0027141
469.92,0.0026863
469.95,0.0026587
469.97,0.0026314
469.99,0.0026044
470.01,0.0025776
470.04,0.0025511
470.06,0.0025248
470.08,0.0024987
470.1,0.0024729
470.12,0.0024474
470.15,0.002422
470.17,0.002397
470.19,0.0023721
470.21,0.0023475
470.23,0.0023231
470.26,0.002299
470.28,0.0022751
470.3,0.0022514
470.32,0.0022279
470.34,0.0022047
470.37,0.0021817
470.39,0.0021589
470.41,0.0021363
470.43,0.0021139
470.46,0.0020918
470.48,0.0020699
470.5,0.0020481
470.52,0.0020266
470.54,0.0020053
470.57,0.0019842
470.59,0.0019633
470.61,0.0019426
470.63,0.0019221
470.65,0.0019018
470.68,0.0018817
470.7,0.0018618
470.72,0.0018421
470.74,0.0018226
470.77,0.0018032
470.79,0.0017841
470.81,0.0017651
470.83,0.0017464
470.85,0.0017278
470.88,0.0017094
470.9,0.0016911
470.92,0.0016731
470.94,0.0016552
470.97,0.0016375
470.99,0.00162
471.01,0.0016027
471.03,0.0015855
471.05,0.0015685
471.08,0.0015516
471.1,0.001535
471.12,0.0015185
471.14,0.0015021
471.16,0.0014859
471.19,0.0014699
471.21,0.001454
471.23,0.0014383
471.25,0.0014228
471.28,0.0014074
471.3,0.0013922
471.32,0.0013771
471.34,0.0013621
471.36,0.0013474
471.39,0.0013327
471.41,0.0013182
471.43,0.0013039
471.45,0.0012897
471.48,0.0012756
471.5,0.0012617
471.52,0.001248
471.54,0.0012343
471.56,0.0012208
471.59,0.0012075
471.61,0.0011942
471.63,0.0011811
471.65,0.0011682
471.68,0.0011554
471.7,0.0011427
471.72,0.0011301
471.74,0.0011177
471.76,0.0011054
471.79,0.0010932
471.81,0.0010811
471.83,0.0010692
471.85,0.0010574
471.88,0.0010457
471.9,0.0010341
471.92,0.0010226
471.94,0.0010113
471.97,0.0010001
471.99,0.00098898
472.01,0.000978
472.03,0.00096712
472.05,0.00095636
472.08,0.00094571
472.1,0.00093517
472.12,0.00092474
472.14,0.00091442
472.17,0.0009042
472.19,0.00089409
472.21,0.00088409
472.23,0.00087419
472.26,0.00086439
472.28,0.0008547
472.3,0.00084511
472.32,0.00083562
472.34,0.00082623
472.37,0.00081693
472.39,0.00080774
472.41,0.00079864
472.43,0.00078963
472.46,0.00078073
472.48,0.00077191
472.5,0.00076319
472.52,0.00075456
472.55,0.00074602
472.57,0.00073758
472.59,0.00072922
472.61,0.00072095
472.63,0.00071277
472.66,0.00070467
472.68,0.00069666
472.7,0.00068874
472.72,0.0006809
472.75,0.00067315
472.77,0.00066547
472.79,0.00065788
472.81,0.00065038
472.84,0.00064295
472.86,0.0006356
472.88,0.00062833
472.9,0.00062114
472.93,0.00061402
472.95,0.00060698
472.97,0.00060002
472.99,0.00059313
473.01,0.00058632
473.04,0.00057958
473.06,0.00057291
473.08,0.00056632
473.1,0.0005598
473.13,0.00055334
473.15,0.00054696
473.17,0.00054065
473.19,0.0005344
473.22,0.00052823
473.24,0.00052212
473.26,0.00051607
473.28,0.0005101
473.31,0.00050419
473.33,0.00049834
473.35,0.00049256
473.37,0.00048684
473.4,0.00048118
473.42,0.00047558
473.44,0.00047005
473.46,0.00046458
473.48,0.00045917
473.51,0.00045381
473.53,0.00044852
473.55,0.00044328
473.57,0.00043811
473.6,0.00043298
473.62,0.00042792
473.64,0.00042291
473.66,0.00041796
473.69,0.00041306
473.71,0.00040822
473.73,0.00040343
473.75,0.00039869
473.78,0.00039401
473.8,0.00038938
473.82,0.0003848
473.84,0.00038027
473.87,0.00037579
473.89,0.00037136
473.91,0.00036699
473.93,0.00036266
473.96,0.00035837
473.98,0.00035414
474,0.00034996
474.02,0.00034582
474.05,0.00034172
474.07,0.00033768
474.09,0.00033368
474.11,0.00032972
474.14,0.00032581
474.16,0.00032195
474.18,0.00031812
474.2,0.00031434
474.23,0.00031061
474.25,0.00030691
474.27,0.00030326
474.29,0.00029965
474.32,0.00029608
474.34,0.00029255
474.36,0.00028906
474.38,0.00028561
474.41,0.00028219
474.43,0.00027882
474.45,0.00027549
474.47,0.00027219
474.5,0.00026894
474.52,0.00026572
474.54,0.00026253
474.56,0.00025939
474.59,0.00025627
474.61,0.0002532
474.63,0.00025016
474.65,0.00024715
474.68,0.00024418
474.7,0.00024125
474.72,0.00023834
474.74,0.00023547
474.77,0.00023264
474.79,0.00022983
474.81,0.00022706
474.83,0.00022433
474.86,0.00022162
474.88,0.00021894
474.9,0.0002163
474.92,0.00021368
474.95,0.0002111
474.97,0.00020854
474.99,0.00020602
475.01,0.00020353
475.04,0.00020106
475.06,0.00019862
475.08,0.00019621
475.1,0.00019383
475.13,0.00019148
475.15,0.00018916
475.17,0.00018686
475.19,0.00018459
475.22,0.00018234
475.24,0.00018012
475.26,0.00017793
475.29,0.00017576
475.31,0.00017362
475.33,0.00017151
475.35,0.00016942
475.38,0.00016735
475.4,0.00016531
475.42,0.00016329
475.44,0.00016129
475.47,0.00015932
475.49,0.00015738
475.51,0.00015545
475.53,0.00015355
475.56,0.00015167
475.58,0.00014981
475.6,0.00014798
475.62,0.00014617
475.65,0.00014437
475.67,0.0001426
475.69,0.00014085
475.71,0.00013913
475.74,0.00013742
475.76,0.00013573
475.78,0.00013406
475.81,0.00013241
475.83,0.00013079
475.85,0.00012918
475.87,0.00012759
475.9,0.00012602
475.92,0.00012447
475.94,0.00012293
475.96,0.00012142
475.99,0.00011992
476.01,0.00011844
476.03,0.00011698
476.05,0.00011554
476.08,0.00011411
476.1,0.0001127
476.12,0.00011131
476.15,0.00010994
476.17,0.00010858
476.19,0.00010724
476.21,0.00010591
476.24,0.0001046
476.26,0.00010331
476.28,0.00010203
476.3,0.00010076
476.33,9.9517e-05
476.35,9.8285e-05
476.37,9.7067e-05
476.39,9.5864e-05
476.42,9.4675e-05
476.44,9.3501e-05
476.46,9.2342e-05
476.49,9.1196e-05
476.51,9.0064e-05
476.53,8.8946e-05
476.55,8.7842e-05
476.58,8.6751e-05
476.6,8.5673e-05
476.62,8.4609e-05
476.64,8.3557e-05
476.67,8.2519e-05
476.69,8.1493e-05
476.71,8.0479e-05
476.74,7.9478e-05
476.76,7.849e-05
476.78,7.7513e-05
476.8,7.6548e-05
476.83,7.5595e-05
476.85,7.4654e-05
476.87,7.3724e-05
476.89,7.2806e-05
476.92,7.1899e-05
476.94,7.1003e-05
476.96,7.0118e-05
476.99,6.9244e-05
477.01,6.8381e-05
477.03,6.7528e-05
477.05,6.6686e-05
477.08,6.5854e-05
477.1,6.5033e-05
477.12,6.4221e-05
477.14,6.342e-05
477.17,6.2629e-05
477.19,6.1847e-05
477.21,6.1075e-05
477.24,6.0312e-05
477.26,5.9559e-05
477.28,5.8816e-05
477.3,5.8081e-05
477.33,5.7356e-05
477.35,5.6639e-05
477.37,5.5932e-05
477.4,5.5233e-05
477.42,5.4543e-05
477.44,5.3861e-05
477.46,5.3188e-05
477.49,5.2523e-05
477.51,5.1867e-05
477.53,5.1219e-05
477.55,5.0578e-05
477.58,4.9946e-05
477.6,4.9322e-05
477.62,4.8705e-05
477.65,4.8096e-05
477.67,4.7495e-05
477.69,4.6901e-05
477.71,4.6315e-05
477.74,4.5736e-05
477.76,4.5164e-05
477.78,4.4599e-05
477.81,4.4041e-05
477.83,4.3491e-05
477.85,4.2947e-05
477.87,4.241e-05
477.9,4.188e-05
477.92,4.1356e-05
477.94,4.0839e-05
477.97,4.0328e-05
477.99,3.9824e-05
478.01,3.9326e-05
478.03,3.8835e-05
478.06,3.8349e-05
478.08,3.787e-05
478.1,3.7396e-05
478.13,3.6929e-05
478.15,3.6468e-05
478.17,3.6012e-05
478.19,3.5562e-05
478.22,3.5118e-05
478.24,3.4679e-05
478.26,3.4246e-05
478.29,3.3818e-05
478.31,3.3395e-05
478.33,3.2978e-05
478.35,3.2567e-05
478.38,3.216e-05
478.4,3.1758e-05
478.42,3.1362e-05
478.45,3.0971e-05
478.47,3.0584e-05
478.49,3.0203e-05
478.51,2.9826e-05
478.54,2.9454e-05
478.56,2.9086e-05
478.58,2.8724e-05
478.61,2.8366e-05
478.63,2.8012e-05
478.65,2.7663e-05
478.68,2.7318e-05
478.7,2.6978e-05
478.72,2.6642e-05
478.74,2.631e-05
478.77,2.5983e-05
478.79,2.5659e-05
478.81,2.534e-05
478.84,2.5025e-05
478.86,2.4713e-05
478.88,2.4406e-05
478.9,2.4102e-05
478.93,2.3803e-05
478.95,2.3507e-05
478.97,2.3215e-05
479,2.2927e-05
479.02,2.2642e-05
479.04,2.2361e-05
479.06,2.2083e-05
479.09,2.1809e-05
479.11,2.1539e-05
479.13,2.1272e-05
479.16,2.1008e-05
479.18,2.0748e-05
479.2,2.0491e-05
479.23,2.0237e-05
479.25,1.9987e-05
479.27,1.9739e-05
479.29,1.9495e-05
479.32,1.9254e-05
479.34,1.9016e-05
479.36,1.8781e-05
479.39,1.8549e-05
479.41,1.832e-05
479.43,1.8094e-05
479.46,1.787e-05
479.48,1.765e-05
479.5,1.7432e-05
479.52,1.7217e-05
479.55,1.7005e-05
479.57,1.6796e-05
479.59,1.6589e-05
479.62,1.6385e-05
479.64,1.6183e-05
479.66,1.5984e-05
479.69,1.5788e-05
479.71,1.5594e-05
479.73,1.5402e-05
479.75,1.5213e-05
479.78,1.5026e-05
479.8,1.4842e-05
479.82,1.466e-05
479.85,1.4481e-05
479.87,1.4303e-05
479.89,1.4128e-05
479.92,1.3955e-05
479.94,1.3785e-05
479.96,1.3616e-05
479.98,1.345e-05
480.01,1.3286e-05
480.03,1.3124e-05
480.05,1.2963e-05
480.08,1.2805e-05
480.1,1.2649e-05
480.12,1.2495e-05
480.15,1.2343e-05
480.17,1.2193e-05
480.19,1.2045e-05
480.22,1.1898e-05
480.24,1.1754e-05
480.26,1.1611e-05
480.28,1.147e-05
480.31,1.1331e-05
480.33,1.1194e-05
480.35,1.1058e-05
480.38,1.0925e-05
480.4,1.0792e-05
480.42,1.0662e-05
480.45,1.0533e-05
480.47,1.0406e-05
480.49,1.028e-05
480.52,1.0156e-05
480.54,1.0034e-05
480.56,9.9132e-06
480.58,9.7939e-06
480.61,9.6761e-06
480.63,9.5598e-06
480.65,9.445e-06
480.68,9.3316e-06
480.7,9.2197e-06
480.72,9.1091e-06
480.75,9e-06
480.77,8.8923e-06
480.79,8.7859e-06
480.82,8.6808e-06
480.84,8.5771e-06
480.86,8.4747e-06
480.88,8.3736e-06
480.91,8.2738e-06
480.93,8.1752e-06
480.95,8.0779e-06
480.98,7.9818e-06
481,7.8869e-06
481.02,7.7932e-06
481.05,7.7007e-06
481.07,7.6094e-06
481.09,7.5192e-06
481.12,7.4302e-06
481.14,7.3422e-06
481.16,7.2554e-06
481.19,7.1697e-06
481.21,7.085e-06
481.23,7.0014e-06
481.26,6.9189e-06
481.28,6.8374e-06
481.3,6.7569e-06
481.32,6.6775e-06
481.35,6.599e-06
481.37,6.5215e-06
481.39,6.445e-06
481.42,6.3695e-06
481.44,6.2949e-06
481.46,6.2212e-06
481.49,6.1484e-06
481.51,6.0766e-06
481.53,6.0057e-06
481.56,5.9356e-06
481.58,5.8664e-06
481.6,5.7981e-06
481.63,5.7307e-06
481.65,5.664e-06
481.67,5.5983e-06
481.7,5.5333e-06
481.72,5.4691e-06
481.74,5.4058e-06
481.77,5.3432e-06
481.79,5.2814e-06
481.81,5.2204e-06
481.83,5.1601e-06
481.86,5.1006e-06
481.88,5.0418e-06
481.9,4.9838e-06
481.93,4.9265e-06
481.95,4.8698e-06
481.97,4.8139e-06
482,4.7587e-06
482.02,4.7042e-06
482.04,4.6503e-06
482.07,4.5971e-06
482.09,4.5445e-06
482.11,4.4927e-06
482.14,4.4414e-06
482.16,4.3908e-06
482.18,4.3408e-06
482.21,4.2914e-06
482.23,4.2426e-06
482.25,4.1944e-06
482.28,4.1469e-06
482.3,4.0999e-06
482.32,4.0534e-06
482.35,4.0076e-06
482.37,3.9623e-06
482.39,3.9176e-06
482.42,3.8734e-06
482.44,3.8297e-06
482.46,3.7866e-06
482.49,3.744e-06
482.51,3.7019e-06
482.53,3.6604e-06
482.56,3.6193e-06
482.58,3.5788e-06
482.6,3.5387e-06
482.63,3.4992e-06
482.65,3.4601e-06
482.67,3.4215e-06
482.7,3.3833e-06
482.72,3.3456e-06
482.74,3.3084e-06
482.77,3.2716e-06
482.79,3.2353e-06
482.81,3.1994e-06
482.84,3.164e-06
482.86,3.1289e-06
482.88,3.0943e-06
482.91,3.0601e-06
482.93,3.0264e-06
482.95,2.993e-06
482.98,2.96e-06
483,2.9274e-06
483.02,2.8953e-06
483.05,2.8635e-06
483.07,2.832e-06
483.09,2.801e-06
483.12,2.7703e-06
483.14,2.74e-06
483.16,2.7101e-06
483.19,2.6805e-06
483.21,2.6513e-06
483.23,2.6224e-06
483.26,2.5938e-06
483.28,2.5656e-06
483.3,2.5378e-06
483.33,2.5102e-06
483.35,2.483e-06
483.37,2.4561e-06
483.4,2.4296e-06
483.42,2.4033e-06
483.44,2.3774e-06
483.47,2.3517e-06
483.49,2.3264e-06
483.51,2.3014e-06
483.54,2.2766e-06
483.56,2.2522e-06
483.58,2.228e-06
483.61,2.2041e-06
483.63,2.1805e-06
483.65,2.1572e-06
483.68,2.1341e-06
483.7,2.1113e-06
483.72,2.0888e-06
483.75,2.0666e-06
483.77,2.0446e-06
483.79,2.0228e-06
483.82,2.0013e-06
483.84,1.9801e-06
483.86,1.9591e-06
483.89,1.9384e-06
483.91,1.9179e-06
483.93,1.8976e-06
483.96,1.8776e-06
483.98,1.8578e-06
484,1.8382e-06
484.03,1.8188e-06
484.05,1.7997e-06
484.07,1.7808e-06
484.1,1.7621e-06
484.12,1.7436e-06
484.14,1.7254e-06
484.17,1.7073e-06
484.19,1.6895e-06
484.21,1.6718e-06
484.24,1.6544e-06
484.26,1.6371e-06
484.28,1.6201e-06
484.31,1.6032e-06
484.33,1.5866e-06
484.36,1.5701e-06
484.38,1.5538e-06
484.4,1.5377e-06
484.43,1.5218e-06
484.45,1.506e-06
484.47,1.4905e-06
484.5,1.4751e-06
484.52,1.4599e-06
484.54,1.4448e-06
484.57,1.43e-06
484.59,1.4153e-06
484.61,1.4007e-06
484.64,1.3863e-06
484.66,1.3721e-06
484.68,1.3581e-06
484.71,1.3442e-06
484.73,1.3304e-06
484.75,1.3168e-06
484.78,1.3034e-06
484.8,1.2901e-06
484.82,1.277e-06
484.85,1.264e-06
484.87,1.2511e-06
484.9,1.2384e-06
484.92,1.2258e-06
484.94,1.2134e-06
484.97,1.2011e-06
484.99,1.1889e-06
485.01,1.1769e-06
485.04,1.165e-06
485.06,1.1533e-06
485.08,1.1416e-06
485.11,1.1301e-06
485.13,1.1187e-06
485.15,1.1075e-06
485.18,1.0963e-06
485.2,1.0853e-06
485.22,1.0744e-06
485.25,1.0637e-06
485.27,1.053e-06
485.3,1.0425e-06
485.32,1.032e-06
485.34,1.0217e-06
485.37,1.0115e-06
485.39,1.0014e-06
485.41,9.9146e-07
485.44,9.8158e-07
485.46,9.7182e-07
485.48,9.6215e-07
485.51,9.526e-07
485.53,9.4314e-07
485.55,9.3378e-07
485.58,9.2453e-07
485.6,9.1537e-07
485.63,9.0632e-07
485.65,8.9735e-07
485.67,8.8849e-07
485.7,8.7972e-07
485.72,8.7104e-07
485.74,8.6246e-07
485.77,8.5396e-07
485.79,8.4556e-07
485.81,8.3724e-07
485.84,8.2901e-07
485.86,8.2087e-07
485.89,8.1282e-07
485.91,8.0485e-07
485.93,7.9697e-07
485.96,7.8916e-07
485.98,7.8144e-07
486,7.738e-07
486.03,7.6624e-07
486.05,7.5876e-07
486.07,7.5136e-07
486.1,7.4404e-07
486.12,7.3679e-07
486.14,7.2962e-07
486.17,7.2252e-07
486.19,7.155e-07
486.22,7.0855e-07
486.24,7.0167e-07
486.26,6.9486e-07
486.29,6.8812e-07
486.31,6.8146e-07
486.33,6.7486e-07
486.36,6.6833e-07
486.38,6.6187e-07
486.4,6.5547e-07
486.43,6.4914e-07
486.45,6.4288e-07
486.48,6.3668e-07
486.5,6.3054e-07
486.52,6.2447e-07
486.55,6.1845e-07
486.57,6.125e-07
486.59,6.0661e-07
486.62,6.0079e-07
486.64,5.9502e-07
486.67,5.893e-07
486.69,5.8365e-07
486.71,5.7806e-07
486.74,5.7252e-07
486.76,5.6704e-07
486.78,5.6161e-07
486.81,5.5624e-07
486.83,5.5092e-07
486.85,5.4566e-07
486.88,5.4045e-07
486.9,5.3529e-07
486.93,5.3018e-07
486.95,5.2513e-07
486.97,5.2012e-07
487,5.1517e-07
487.02,5.1027e-07
487.04,5.0541e-07
487.07,5.0061e-07
487.09,4.9585e-07
487.12,4.9114e-07
487.14,4.8648e-07
487.16,4.8186e-07
487.19,4.7729e-07
487.21,4.7276e-07
487.23,4.6828e-07
487.26,4.6385e-07
487.28,4.5946e-07
487.31,4.5511e-07
487.33,4.508e-07
487.35,4.4654e-07
487.38,4.4232e-07
487.4,4.3814e-07
487.42,4.3401e-07
487.45,4.2991e-07
487.47,4.2586e-07
487.5,4.2184e-07
487.52,4.1786e-07
487.54,4.1393e-07
487.57,4.1003e-07
487.59,4.0617e-07
487.61,4.0235e-07
487.64,3.9856e-07
487.66,3.9481e-07
487.69,3.911e-07
487.71,3.8743e-07
487.73,3.8379e-07
487.76,3.8019e-07
487.78,3.7662e-07
487.8,3.7309e-07
487.83,3.6959e-07
487.85,3.6612e-07
487.88,3.6269e-07
487.9,3.5929e-07
487.92,3.5593e-07
487.95,3.526e-07
487.97,3.493e-07
488,3.4603e-07
488.02,3.4279e-07
488.04,3.3959e-07
488.07,3.3641e-07
488.09,3.3327e-07
488.11,3.3016e-07
488.14,3.2707e-07
488.16,3.2402e-07
488.19,3.2099e-07
488.21,3.18e-07
488.23,3.1503e-07
488.26,3.121e-07
488.28,3.0919e-07
488.31,3.063e-07
488.33,3.0345e-07
488.35,3.0062e-07
488.38,2.9782e-07
488.4,2.9505e-07
488.42,2.9231e-07
488.45,2.8959e-07
488.47,2.8689e-07
488.5,2.8422e-07
488.52,2.8158e-07
488.54,2.7896e-07
488.57,2.7637e-07
488.59,2.738e-07
488.62,2.7126e-07
488.64,2.6874e-07
488.66,2.6624e-07
488.69,2.6377e-07
488.71,2.6132e-07
488.73,2.589e-07
488.76,2.5649e-07
488.78,2.5411e-07
488.81,2.5176e-07
488.83,2.4942e-07
488.85,2.4711e-07
488.88,2.4482e-07
488.9,2.4255e-07
488.93,2.403e-07
488.95,2.3807e-07
488.97,2.3587e-07
489,2.3368e-07
489.02,2.3152e-07
489.05,2.2938e-07
489.07,2.2725e-07
489.09,2.2515e-07
489.12,2.2306e-07
489.14,2.21e-07
489.16,2.1895e-07
489.19,2.1693e-07
489.21,2.1492e-07
489.24,2.1293e-07
489.26,2.1096e-07
489.28,2.0901e-07
489.31,2.0708e-07
489.33,2.0517e-07
489.36,2.0327e-07
489.38,2.0139e-07
489.4,1.9953e-07
489.43,1.9768e-07
489.45,1.9586e-07
489.48,1.9405e-07
489.5,1.9225e-07
489.52,1.9048e-07
489.55,1.8872e-07
489.57,1.8697e-07
489.6,1.8525e-07
489.62,1.8354e-07
489.64,1.8184e-07
489.67,1.8016e-07
489.69,1.785e-07
489.72,1.7685e-07
489.74,1.7522e-07
489.76,1.736e-07
489.79,1.72e-07
489.81,1.7041e-07
489.84,1.6883e-07
489.86,1.6728e-07
489.88,1.6573e-07
489.91,1.642e-07
489.93,1.6269e-07
489.96,1.6118e-07
489.98,1.597e-07
490,1.5822e-07
490.03,1.5676e-07
490.05,1.5531e-07
490.08,1.5388e-07
490.1,1.5246e-07
490.12,1.5105e-07
490.15,1.4966e-07
490.17,1.4828e-07
490.2,1.4691e-07
490.22,1.4555e-07
490.24,1.4421e-07
490.27,1.4288e-07
490.29,1.4156e-07
490.32,1.4025e-07
490.34,1.3896e-07
490.36,1.3768e-07
490.39,1.364e-07
490.41,1.3514e-07
490.44,1.339e-07
490.46,1.3266e-07
490.48,1.3144e-07
490.51,1.3022e-07
490.53,1.2902e-07
490.56,1.2783e-07
490.58,1.2665e-07
490.6,1.2548e-07
490.63,1.2432e-07
490.65,1.2317e-07
490.68,1.2204e-07
490.7,1.2091e-07
490.73,1.1979e-07
490.75,1.1868e-07
490.77,1.1759e-07
490.8,1.165e-07
490.82,1.1543e-07
490.85,1.1436e-07
490.87,1.133e-07
490.89,1.1226e-07
490.92,1.1122e-07
490.94,1.1019e-07
490.97,1.0917e-07
490.99,1.0816e-07
491.01,1.0716e-07
491.04,1.0617e-07
491.06,1.0519e-07
491.09,1.0422e-07
491.11,1.0325e-07
491.14,1.023e-07
491.16,1.0135e-07
491.18,1.0042e-07
491.21,9.9486e-08
491.23,9.8566e-08
491.26,9.7654e-08
491.28,9.675e-08
491.3,9.5855e-08
491.33,9.4967e-08
491.35,9.4088e-08
491.38,9.3217e-08
491.4,9.2354e-08
491.42,9.1499e-08
491.45,9.0652e-08
491.47,8.9812e-08
491.5,8.898e-08
491.52,8.8156e-08
491.55,8.7339e-08
491.57,8.6529e-08
491.59,8.5727e-08
491.62,8.4933e-08
491.64,8.4145e-08
491.67,8.3365e-08
491.69,8.2592e-08
491.71,8.1826e-08
491.74,8.1067e-08
491.76,8.0315e-08
491.79,7.957e-08
491.81,7.8832e-08
491.84,7.81e-08
491.86,7.7375e-08
491.88,7.6657e-08
491.91,7.5945e-08
491.93,7.524e-08
491.96,7.4541e-08
491.98,7.3849e-08
492,7.3163e-08
492.03,7.2483e-08
492.05,7.181e-08
492.08,7.1142e-08
492.1,7.0481e-08
492.13,6.9825e-08
492.15,6.9176e-08
492.17,6.8533e-08
492.2,6.7895e-08
492.22,6.7264e-08
492.25,6.6638e-08
492.27,6.6018e-08
492.3,6.5403e-08
492.32,6.4794e-08
492.34,6.4191e-08
492.37,6.3593e-08
492.39,6.3001e-08
492.42,6.2414e-08
492.44,6.1832e-08
492.47,6.1256e-08
492.49,6.0685e-08
492.51,6.0119e-08
492.54,5.9559e-08
492.56,5.9003e-08
492.59,5.8453e-08
492.61,5.7908e-08
492.64,5.7367e-08
492.66,5.6832e-08
492.68,5.6301e-08
492.71,5.5776e-08
492.73,5.5255e-08
492.76,5.4739e-08
492.78,5.4227e-08
492.81,5.3721e-08
492.83,5.3219e-08
492.85,5.2721e-08
492.88,5.2228e-08
492.9,5.174e-08
492.93,5.1256e-08
492.95,5.0776e-08
492.98,5.0301e-08
493,4.9831e-08
493.02,4.9364e-08
493.05,4.8902e-08
493.07,4.8444e-08
493.1,4.799e-08
493.12,4.7541e-08
493.15,4.7095e-08
493.17,4.6654e-08
493.19,4.6217e-08
493.22,4.5783e-08
493.24,4.5354e-08
493.27,4.4929e-08
493.29,4.4507e-08
493.32,4.4089e-08
493.34,4.3676e-08
493.36,4.3266e-08
493.39,4.2859e-08
493.41,4.2457e-08
493.44,4.2058e-08
493.46,4.1663e-08
493.49,4.1271e-08
493.51,4.0883e-08
493.53,4.0499e-08
493.56,4.0118e-08
493.58,3.9741e-08
493.61,3.9367e-08
493.63,3.8996e-08
493.66,3.8629e-08
493.68,3.8266e-08
493.71,3.7905e-08
493.73,3.7548e-08
493.75,3.7195e-08
493.78,3.6844e-08
493.8,3.6497e-08
493.83,3.6153e-08
493.85,3.5812e-08
493.88,3.5474e-08
493.9,3.514e-08
493.92,3.4808e-08
493.95,3.448e-08
493.97,3.4154e-08
494,3.3832e-08
494.02,3.3512e-08
494.05,3.3195e-08
494.07,3.2882e-08
494.1,3.2571e-08
494.12,3.2263e-08
494.14,3.1958e-08
494.17,3.1656e-08
494.19,3.1356e-08
494.22,3.106e-08
494.24,3.0766e-08
494.27,3.0474e-08
494.29,3.0186e-08
494.32,2.99e-08
494.34,2.9617e-08
494.36,2.9336e-08
494.39,2.9058e-08
494.41,2.8783e-08
494.44,2.851e-08
494.46,2.8239e-08
494.49,2.7971e-08
494.51,2.7706e-08
494.54,2.7443e-08
494.56,2.7182e-08
494.58,2.6924e-08
494.61,2.6668e-08
494.63,2.6415e-08
494.66,2.6164e-08
494.68,2.5915e-08
494.71,2.5669e-08
494.73,2.5425e-08
494.76,2.5183e-08
494.78,2.4943e-08
494.8,2.4706e-08
494.83,2.4471e-08
494.85,2.4238e-08
494.88,2.4007e-08
494.9,2.3778e-08
494.93,2.3551e-08
494.95,2.3327e-08
494.98,2.3105e-08
495,2.2884e-08
495.02,2.2666e-08
495.05,2.245e-08
495.07,2.2235e-08
495.1,2.2023e-08
495.12,2.1813e-08
495.15,2.1605e-08
495.17,2.1398e-08
495.2,2.1194e-08
495.22,2.0991e-08
495.25,2.079e-08
495.27,2.0592e-08
495.29,2.0395e-08
495.32,2.0199e-08
495.34,2.0006e-08
495.37,1.9815e-08
495.39,1.9625e-08
495.42,1.9437e-08
495.44,1.9251e-08
495.47,1.9066e-08
495.49,1.8884e-08
495.52,1.8702e-08
495.54,1.8523e-08
495.56,1.8345e-08
495.59,1.8169e-08
495.61,1.7995e-08
495.64,1.7822e-08
495.66,1.7651e-08
495.69,1.7482e-08
495.71,1.7314e-08
495.74,1.7147e-08
495.76,1.6982e-08
495.79,1.6819e-08
495.81,1.6657e-08
495.83,1.6497e-08
495.86,1.6338e-08
495.88,1.6181e-08
495.91,1.6025e-08
495.93,1.5871e-08
495.96,1.5718e-08
495.98,1.5567e-08
496.01,1.5417e-08
496.03,1.5268e-08
496.06,1.5121e-08
496.08,1.4975e-08
496.11,1.483e-08
496.13,1.4687e-08
496.15,1.4546e-08
496.18,1.4405e-08
496.2,1.4266e-08
496.23,1.4128e-08
496.25,1.3992e-08
496.28,1.3856e-08
496.3,1.3722e-08
496.33,1.359e-08
496.35,1.3458e-08
496.38,1.3328e-08
496.4,1.3199e-08
496.43,1.3071e-08
496.45,1.2945e-08
496.48,1.2819e-08
496.5,1.2695e-08
496.52,1.2572e-08
496.55,1.245e-08
496.57,1.2329e-08
496.6,1.221e-08
496.62,1.2091e-08
496.65,1.1974e-08
496.67,1.1858e-08
496.7,1.1743e-08
496.72,1.1629e-08
496.75,1.1516e-08
496.77,1.1404e-08
496.8,1.1293e-08
496.82,1.1183e-08
496.85,1.1074e-08
496.87,1.0967e-08
496.89,1.086e-08
496.92,1.0754e-08
496.94,1.065e-08
496.97,1.0546e-08
496.99,1.0443e-08
497.02,1.0341e-08
497.04,1.0241e-08
497.07,1.0141e-08
497.09,1.0042e-08
497.12,9.944e-09
497.14,9.847e-09
497.17,9.7509e-09
497.19,9.6557e-09
497.22,9.5614e-09
497.24,9.468e-09
497.27,9.3755e-09
497.29,9.2839e-09
497.31,9.1932e-09
497.34,9.1033e-09
497.36,9.0142e-09
497.39,8.9261e-09
497.41,8.8387e-09
497.44,8.7522e-09
497.46,8.6665e-09
497.49,8.5816e-09
497.51,8.4976e-09
497.54,8.4143e-09
497.56,8.3318e-09
497.59,8.2502e-09
497.61,8.1693e-09
497.64,8.0891e-09
497.66,8.0098e-09
497.69,7.9311e-09
497.71,7.8533e-09
497.74,7.7762e-09
497.76,7.6998e-09
497.78,7.6241e-09
497.81,7.5492e-09
497.83,7.475e-09
497.86,7.4015e-09
497.88,7.3287e-09
497.91,7.2566e-09
497.93,7.1852e-09
497.96,7.1145e-09
497.98,7.0444e-09
498.01,6.975e-09
498.03,6.9063e-09
498.06,6.8383e-09
498.08,6.7708e-09
498.11,6.7041e-09
498.13,6.638e-09
498.16,6.5725e-09
498.18,6.5076e-09
498.21,6.4434e-09
498.23,6.3798e-09
498.26,6.3168e-09
498.28,6.2544e-09
498.31,6.1926e-09
498.33,6.1314e-09
498.36,6.0708e-09
498.38,6.0107e-09
498.41,5.9513e-09
498.43,5.8924e-09
498.45,5.8341e-09
498.48,5.7763e-09
498.5,5.7191e-09
498.53,5.6625e-09
498.55,5.6064e-09
498.58,5.5508e-09
498.6,5.4958e-09
498.63,5.4413e-09
498.65,5.3873e-09
498.68,5.3339e-09
498.7,5.2809e-09
498.73,5.2285e-09
498.75,5.1766e-09
498.78,5.1252e-09
498.8,5.0743e-09
498.83,5.0238e-09
498.85,4.9739e-09
498.88,4.9244e-09
498.9,4.8755e-09
498.93,4.827e-09
498.95,4.7789e-09
498.98,4.7314e-09
499,4.6843e-09
499.03,4.6376e-09
499.05,4.5914e-09
499.08,4.5457e-09
499.1,4.5004e-09
499.13,4.4555e-09
499.15,4.4111e-09
499.18,4.3671e-09
499.2,4.3235e-09
499.23,4.2803e-09
499.25,4.2376e-09
499.28,4.1953e-09
499.3,4.1534e-09
499.33,4.1119e-09
499.35,4.0708e-09
499.38,4.0301e-09
499.4,3.9898e-09
499.43,3.9499e-09
499.45,3.9104e-09
499.48,3.8712e-09
499.5,3.8325e-09
499.53,3.7941e-09
499.55,3.7561e-09
499.58,3.7185e-09
499.6,3.6812e-09
499.63,3.6443e-09
499.65,3.6078e-09
499.68,3.5716e-09
499.7,3.5358e-09
499.73,3.5003e-09
499.75,3.4651e-09
499.78,3.4304e-09
499.8,3.3959e-09
499.83,3.3618e-09
499.85,3.328e-09
499.88,3.2946e-09
499.9,3.2614e-09
499.93,3.2286e-09
499.95,3.1962e-09
499.98,3.164e-09
500,3.1322e-09
