700,4.1746
699.5,3.6629
699,3.4735
698.5,3.1521
698,2.8049
697.5,2.5768
697,2.4451
696.5,2.8378
696,1.8294
695.5,1.6724
695,1.128
694.5,1.0839
694,0.98614
693.5,0.05071
693,-0.72497
692.5,-1.0463
692,-0.5476
691.5,-1.4019
691,-1.288
690.5,-1.4967
690,-1.3295
689.5,-0.5769
689,-1.0492
688.5,-1.4171
688,-1.184
687.5,0.22707
687,0.32671
686.5,0.70976
686,0.53129
685.5,1.0594
685,0.81663
684.5,0.54184
684,1.1488
683.5,0.44566
683,0.13745
682.5,-0.11621
682,0.5438
681.5,0.44053
681,0.52484
680.5,1.192
680,1.5687
679.5,1.9524
679,2.195
678.5,3.2105
678,3.353
677.5,3.1747
677,3.5926
676.5,3.2598
676,2.8497
675.5,2.596
675,2.5327
674.5,1.9914
674,1.8271
673.5,2.4405
673,2.4587
672.5,2.1663
672,2.3123
671.5,2.5029
671,2.5532
670.5,3.1969
670,3.057
669.5,3.1932
669,3.5101
668.5,3.2895
668,3.4029
667.5,3.3915
667,3.4265
666.5,3.4051
666,3.4502
665.5,3.6725
665,3.5327
664.5,3.5763
664,4.2533
663.5,4.3658
663,4.0296
662.5,4.2732
662,4.3927
661.5,4.2861
661,5.016
660.5,4.9054
660,4.8477
659.5,5.2305
659,5.1019
658.5,4.7861
658,4.9938
657.5,4.9508
657,4.8359
656.5,5.5365
656,5.3281
655.5,5.2092
655,5.668
654.5,5.5618
654,5.5503
653.5,5.9501
653,5.9734
652.5,5.7561
652,5.7792
651.5,5.8035
651,5.9681
650.5,5.8195
650,5.6877
649.5,6.0576
649,5.8351
648.5,5.8822
648,5.6861
647.5,5.6795
647,5.8842
646.5,6.3953
646,6.5301
645.5,7.3723
645,7.4781
644.5,7.4286
644,7.6047
643.5,7.7605
643,7.6371
642.5,7.728
642,7.4272
641.5,7.9103
641,8.1469
640.5,7.7719
640,7.8694
639.5,7.9051
639,7.7045
638.5,7.894
638,8.1169
637.5,8.0025
637,7.9608
636.5,8.1374
636,8.2515
635.5,8.2281
635,8.5951
634.5,8.7032
634,8.8481
633.5,9.0751
633,9.1504
632.5,9.5183
632,9.4138
631.5,9.3978
631,9.4001
630.5,9.6519
630,9.6642
629.5,9.6775
629,9.8005
628.5,10.12
628,10.496
627.5,10.438
627,10.447
626.5,10.717
626,10.911
625.5,10.864
625,11.199
624.5,11.322
624,11.659
623.5,11.693
623,11.835
622.5,11.837
622,11.826
621.5,12.389
621,12.512
620.5,12.604
620,12.787
619.5,13.076
619,13.354
618.5,13.71
618,13.706
617.5,13.838
617,14.272
616.5,14.474
616,15.017
615.5,15.296
615,15.285
614.5,15.43
614,15.63
613.5,15.771
613,15.76
612.5,15.854
612,15.982
611.5,16.235
611,16.262
610.5,16.543
610,16.669
609.5,16.485
609,16.148
608.5,16.549
608,16.473
607.5,16.44
607,16.374
606.5,16.737
606,16.352
605.5,16.39
605,16.512
604.5,16.667
604,16.542
603.5,16.436
603,16.455
602.5,16.8
602,16.771
601.5,16.797
601,16.597
600.5,16.822
600,16.784
599.5,16.966
599,17.034
598.5,17.067
598,16.725
597.5,16.95
597,16.897
596.5,16.875
596,16.824
595.5,16.878
595,16.962
594.5,17.282
594,17.12
593.5,17.04
593,16.736
592.5,17.091
592,16.969
591.5,16.95
591,17.089
590.5,16.852
590,17.105
589.5,17.287
589,17.316
588.5,17.054
588,17.046
587.5,17.082
587,17.176
586.5,17.073
586,17.06
585.5,17.286
585,16.943
584.5,17.137
584,17.448
583.5,17.396
583,17.358
582.5,17.405
582,17.497
581.5,17.517
581,17.547
580.5,17.402
580,17.662
579.5,17.494
579,17.491
578.5,17.623
578,17.602
577.5,17.715
577,17.741
576.5,17.754
576,17.753
575.5,17.912
575,18.096
574.5,18.502
574,18.326
573.5,18.605
573,18.558
572.5,18.558
572,18.921
571.5,18.933
571,19.201
570.5,19.226
570,20.022
569.5,20.215
569,20.815
568.5,21.655
568,21.64
567.5,22.703
567,23.135
566.5,23.575
566,24.226
565.5,25.355
565,26.555
564.5,27.369
564,28.536
563.5,29.621
563,31.643
562.5,32.643
562,33.68
561.5,34.794
561,35.543
560.5,36.543
560,37.292
559.5,38.108
559,38.123
558.5,38.068
558,37.851
557.5,37.41
557,36.848
556.5,35.426
556,34.59
555.5,33.78
555,32.919
554.5,31.417
554,29.939
553.5,28.688
553,28.103
552.5,27.319
552,26.21
551.5,25.666
551,24.952
550.5,24.309
550,23.938
549.5,23.687
549,23.052
548.5,22.436
548,22.065
547.5,21.766
547,21.239
546.5,21.186
546,21.052
545.5,20.629
545,20.271
544.5,20.173
544,19.839
543.5,19.554
543,19.483
542.5,19.482
542,19.624
541.5,19.595
541,19.446
540.5,19.672
540,19.653
539.5,20.034
539,20.141
538.5,20.503
538,20.412
537.5,20.487
537,20.487
536.5,20.576
536,20.58
535.5,20.722
535,20.925
534.5,21.149
534,21.262
533.5,21.426
533,21.495
532.5,21.599
532,21.933
531.5,22.028
531,22.234
530.5,22.25
530,22.568
529.5,22.375
529,22.425
528.5,22.292
528,22.337
527.5,22.035
527,22.012
526.5,21.787
526,21.434
525.5,21.449
525,21.307
524.5,20.8
524,20.714
523.5,20.323
523,19.705
522.5,19.855
522,19.813
521.5,19.532
521,19.326
520.5,19.055
520,18.614
519.5,18.137
519,18.078
518.5,17.702
518,17.628
517.5,17.385
517,17.477
516.5,17.212
516,16.989
515.5,16.824
515,16.845
514.5,16.265
514,15.751
513.5,15.509
513,15.182
512.5,14.69
512,14.684
511.5,14.537
511,14.497
510.5,14.058
510,13.879
509.5,13.608
509,13.266
508.5,13.148
508,12.609
507.5,12.629
507,12.67
506.5,12.356
506,12.168
505.5,12.185
505,11.956
504.5,11.982
504,11.753
503.5,11.53
503,11.517
502.5,11.774
502,11.859
501.5,11.646
501,11.584
500.5,11.618
500,11.476
499.5,11.252
499,11.379
498.5,11.343
498,11.123
497.5,11.203
497,11.112
496.5,11.02
496,11.1
495.5,11.213
495,11.006
494.5,10.558
494,10.739
493.5,10.389
493,10.211
492.5,9.9182
492,9.5962
491.5,10.914
491,11.892
490.5,12.864
490,13.286
489.5,13.049
489,12.396
488.5,11.947
488,12.171
487.5,11.997
487,12.1
486.5,12.269
486,12.276
485.5,12.465
485,12.806
484.5,12.535
484,12.062
483.5,11.837
483,11.946
482.5,12.455
482,12.857
481.5,12.679
481,12.529
480.5,12.949
480,14.992
479.5,15.49
479,15.833
478.5,15.304
478,14.706
477.5,14.861
477,14.58
476.5,14.399
476,14.713
475.5,14.743
475,15.067
474.5,16.47
474,14.081
473.5,11.386
473,10.958
472.5,12.109
472,16.814
471.5,18.976
471,18.18
470.5,16.802
470,15.673
469.5,15.302
469,15.787
468.5,14.977
468,14.377
467.5,14.781
467,16.161
466.5,19.078
466,21.333
465.5,20.725
465,19.694
464.5,19.086
464,18.604
463.5,18.294
463,18.67
462.5,19.187
462,20.974
461.5,21.71
461,22.143
460.5,22.593
460,23.404
459.5,23.855
459,24.226
458.5,24.331
458,25.14
457.5,26.296
457,27.229
456.5,29.3
456,30.43
455.5,31.145
455,32.636
454.5,34.187
454,36.438
453.5,38.569
453,40.566
452.5,41.044
452,43.333
451.5,47.612
451,52.609
450.5,53.391
450,53.113
449.5,58.018
449,66.571
448.5,72.751
448,76.511
447.5,78.498
447,82.114
446.5,86.295
446,90.19
445.5,93.959
445,98.207
444.5,100.74
444,104.27
443.5,107.1
443,109.29
442.5,112.13
442,113.24
441.5,115.36
441,117.91
440.5,119.78
440,121.18
439.5,122.91
439,124.32
438.5,125.89
438,128.25
437.5,131.73
437,134.57
436.5,137.48
436,140.32
435.5,143.61
435,147.15
434.5,150.65
434,155.7
433.5,160.84
433,164.93
432.5,169.63
432,175.38
431.5,180.83
431,186.1
430.5,191.26
430,196.86
429.5,201.11
429,204.93
428.5,208.73
428,211.87
427.5,214.59
427,216.88
426.5,217.33
426,217.96
425.5,217.96
425,217.4
424.5,216.34
424,214.53
423.5,211.83
423,208.8
422.5,205.15
422,202.18
421.5,198.28
421,193.14
420.5,187.84
420,182.75
419.5,178.04
419,173.4
418.5,169.1
418,164.96
417.5,160.16
417,154.7
416.5,150.1
416,144.66
415.5,139.11
415,136.12
414.5,132.03
414,128.23
413.5,124.58
413,121.52
412.5,117.95
412,115.24
411.5,112.27
411,109.03
410.5,106.7
410,104.04
409.5,101.87
409,99.659
408.5,97.623
408,95.504
407.5,93.853
407,92.358
406.5,90.421
406,89.101
405.5,87.806
405,85.967
404.5,84.8
404,83.648
403.5,82.147
403,81.51
402.5,79.967
402,78.522
401.5,77.434
401,76.316
400.5,74.805
400,73.646
399.5,72.584
399,71.409
398.5,70.11
398,68.901
397.5,67.868
397,66.946
396.5,66.264
396,65.609
395.5,64.378
395,63.431
394.5,62.693
394,62.385
393.5,61.562
393,60.655
392.5,60.471
392,60.162
391.5,59.591
391,59.434
390.5,59.229
390,59.142
389.5,58.715
389,58.751
388.5,58.971
388,59.424
387.5,59.564
387,59.621
386.5,60.101
386,60.686
385.5,61.381
385,62.129
384.5,62.942
384,63.848
383.5,65.27
383,66.388
382.5,67.58
382,68.781
381.5,70.858
381,72.464
380.5,74.778
380,77.047
379.5,78.768
379,81.99
378.5,84.346
378,87.318
377.5,90.197
377,94.861
376.5,97.982
376,102.32
375.5,106.64
375,110.82
374.5,115.33
374,121.12
373.5,126.54
373,132.91
372.5,139.08
372,146.78
371.5,152.89
371,160.59
370.5,169.27
370,178.92
369.5,187.98
369,197.93
368.5,207.57
368,218.02
367.5,228.01
367,240.04
366.5,250.92
366,261.45
365.5,271.97
365,281.25
364.5,290.27
364,299.94
363.5,305.8
363,312.69
362.5,318.3
362,322.01
361.5,325.33
361,327.82
360.5,329.77
360,330.76
359.5,331.47
359,331.85
358.5,331.91
358,332.66
357.5,332.64
357,332.41
356.5,332.46
356,332.41
355.5,332.47
355,332.43
354.5,332.04
354,332.18
353.5,332.69
353,332.75
352.5,332.38
352,332.24
351.5,332.19
351,332.04
350.5,331.71
350,331.59
