381.99,0.0028869
383.01,0.0037274
383.99,0.0047374
385.01,0.0060119
386,0.0075138
387.01,0.0093786
388,0.011537
388.99,0.014078
390,0.017149
390.99,0.020613
392,0.02472
392.99,0.029269
394.01,0.034567
394.99,0.040326
396.01,0.046937
396.99,0.054001
398.01,0.061962
398.99,0.070311
400.01,0.079555
400.99,0.089089
402,0.099436
403.02,0.11027
404,0.12114
405.01,0.13263
406,0.14394
407.01,0.15567
407.99,0.16703
409,0.17855
409.99,0.18949
411,0.20044
412.01,0.21095
412.99,0.22066
414,0.23019
415.01,0.2392
416,0.24749
417.01,0.25563
417.99,0.26323
419,0.27093
420.01,0.27863
420.99,0.28629
422,0.29461
423.01,0.30353
423.99,0.31297
423.99,0.31297
425,0.32366
426.01,0.33545
427.01,0.34844
427.99,0.36214
429,0.37737
430.01,0.39356
431.01,0.41044
432.01,0.42769
432.99,0.44448
433.99,0.46134
435,0.47731
436.01,0.49187
436.98,0.50412
438.02,0.51464
439.01,0.52175
440.02,0.52585
441,0.52642
442.02,0.52328
443.01,0.51656
444.01,0.50618
445,0.49232
445.99,0.47526
446.99,0.45519
448.02,0.43192
448.99,0.40797
450.02,0.38091
451.01,0.35358
452.02,0.32557
453.01,0.2976
454.01,0.26985
455.01,0.24299
456.01,0.21709
457,0.19258
458,0.16955
459,0.14821
459.99,0.12872
461.01,0.11047
462,0.094611
463.02,0.080034
464.01,0.067605
465,0.05675
465.99,0.04733
467.01,0.038995
468,0.032106
469.01,0.02611
470,0.021237
471.02,0.017059
472,0.013714
473.02,0.010885
474.01,0.0086518
475.02,0.0067906
476.01,0.0053409
477.02,0.004147
478.01,0.0032271
479.02,0.0024812
480.01,0.0019131
481.03,0.0014569
482.01,0.0011143
483.03,0.00084146
483.98,0.0006441
485.03,0.00047858
486.01,0.00036084
487.03,0.00026886
488.01,0.00020162
489,0.00015082
490.01,0.00011161
491,8.3211e-05
491.98,6.195e-05
492.01,6.1414e-05
493,4.5717e-05
494.01,3.3706e-05
494.99,2.5085e-05
496.01,1.8505e-05
496.99,1.3786e-05
498.01,1.0191e-05
498.99,7.6147e-06
500.01,5.6479e-06
500.99,4.2347e-06
502.01,3.1543e-06
502.99,2.3761e-06
504.01,1.7782e-06
504.99,1.3453e-06
506.01,1.0112e-06
506.99,7.6855e-07
508.01,5.803e-07
508.99,4.4275e-07
510.01,3.354e-07
510.99,2.5667e-07
512.01,1.9502e-07
512.99,1.4953e-07
514.01,1.1382e-07
514.99,8.7388e-08
516.01,6.6566e-08
516.99,5.1153e-08
518.01,3.8986e-08
518.99,2.995e-08
520.01,2.2813e-08
520.99,1.7521e-08
522.01,1.334e-08
522.99,1.023e-08
524.01,7.7782e-09
524.99,5.9598e-09
526.01,4.5264e-09
526.99,3.4634e-09
528.01,2.6258e-09
528.99,2.0067e-09
530.01,1.519e-09
530.99,1.1587e-09
532.01,8.7566e-10
532.99,6.6707e-10
534.01,5.0328e-10
534.99,3.8278e-10
536.01,2.8832e-10
536.99,2.1894e-10
538.01,1.6464e-10
538.99,1.2483e-10
540.01,9.3717e-11
540.99,7.0946e-11
542.01,5.3182e-11
543,4.0189e-11
544.01,3.0089e-11
544.99,2.2711e-11
546.01,1.6979e-11
546.99,1.2794e-11
548.01,9.5516e-12
548.99,7.1879e-12
550.01,5.3603e-12
550.99,4.0286e-12
552.01,2.9995e-12
552.99,2.2521e-12
554.01,1.6742e-12
554.99,1.2556e-12
556.01,9.3225e-13
556.99,6.9832e-13
558.01,5.179e-13
558.99,3.8751e-13
560.01,2.8716e-13
560.99,2.1457e-13
562.01,1.5883e-13
562.99,1.1856e-13
564.01,8.77e-14
564.99,6.5401e-14
566.01,4.8315e-14
566.99,3.5997e-14
568.01,2.6568e-14
568.99,1.9783e-14
570.01,1.4588e-14
570.99,1.0856e-14
572,7.9984e-15
572.99,5.944e-15
574,4.3771e-15
574.98,3.2533e-15
576,2.3931e-15
576.98,1.7768e-15
578,1.3064e-15
579.01,9.6054e-16
579.99,7.1201e-16
581.01,5.233e-16
582.02,3.8436e-16
583,2.8481e-16
584.01,2.0906e-16
585,1.5482e-16
586.01,1.1358e-16
586.99,8.4089e-17
588.01,6.1634e-17
588.99,4.5608e-17
590,3.3411e-17
590.99,2.4704e-17
592,1.8089e-17
593.01,1.3241e-17
594,9.7839e-18
595.01,7.1567e-18
596,5.2825e-18
597.01,3.8612e-18
598,2.8489e-18
599.01,2.0809e-18
600,1.5348e-18
600.98,1.1318e-18
602,8.2602e-19
602.99,6.0874e-19
604.01,4.4413e-19
604.99,3.2711e-19
606.01,2.3858e-19
607,1.7567e-19
608.02,1.2805e-19
609.01,9.4264e-20
610.02,6.8697e-20
611.01,5.0558e-20
612,3.7205e-20
612.99,2.7376e-20
614,1.9949e-20
614.99,1.4676e-20
616.01,1.0693e-20
617,7.8652e-21
618.01,5.7295e-21
619,4.2139e-21
620.02,3.0693e-21
621,2.2579e-21
622.02,1.6449e-21
623.01,1.2099e-21
624.02,8.8139e-22
625.01,6.4827e-22
626.03,4.7221e-22
627.01,3.473e-22
628,2.5543e-22
628.98,1.8791e-22
630,1.3687e-22
630.99,1.0069e-22
632,7.3342e-23
632.99,5.394e-23
634.01,3.9302e-23
634.99,2.8914e-23
636.01,2.1062e-23
636.99,1.5501e-23
638.01,1.1292e-23
638.99,8.3081e-24
640.01,6.0544e-24
640.99,4.4551e-24
642.01,3.2469e-24
643,2.3894e-24
644.01,1.7416e-24
645,1.2818e-24
646.01,9.3438e-25
647,6.8778e-25
648.01,5.0159e-25
649,3.6927e-25
650.01,2.6935e-25
651,1.9832e-25
652.01,1.4464e-25
653,1.0651e-25
653.98,7.8446e-26
655,5.7245e-26
655.98,4.2168e-26
657,3.0768e-26
657.98,2.2677e-26
659,1.655e-26
