500.2,2.4786
500.53,2.6527
500.87,2.7861
501.2,2.9102
501.53,3.0167
501.86,3.1282
502.2,3.2311
502.53,3.3401
502.86,3.421
503.2,3.5508
503.53,3.6725
503.86,3.7807
504.2,3.8992
504.53,3.9617
504.86,4.0149
505.2,4.1045
505.53,4.1634
505.86,4.2481
506.19,4.3525
506.53,4.4449
506.86,4.5569
507.19,4.6469
507.53,4.7189
507.86,4.789
508.19,4.8556
508.52,4.9773
508.86,5.0733
509.19,5.1588
509.52,5.2882
509.86,5.3618
510.19,5.4268
510.52,5.5419
510.86,5.6666
511.19,5.7167
511.52,5.753
511.86,5.7856
512.19,5.8375
512.52,5.9118
512.85,5.9197
513.19,5.9473
513.52,6.0303
513.85,6.1272
514.19,6.1668
514.52,6.2055
514.85,6.2675
515.18,6.3021
515.52,6.3556
515.85,6.3948
516.18,6.4284
516.52,6.4542
516.85,6.4837
517.18,6.5863
517.52,6.6562
517.85,6.7366
518.18,6.8021
518.52,6.8797
518.85,6.9763
519.18,7.0565
519.51,7.0728
519.85,7.1138
520.18,7.1783
520.51,7.2188
520.85,7.1931
521.18,7.1734
521.51,7.1431
521.84,7.1055
522.18,7.0375
522.51,6.9827
522.84,6.9666
523.18,6.9231
523.51,6.8704
523.84,6.8667
524.18,6.8338
524.51,6.7986
524.84,6.771
525.17,6.7106
525.51,6.6817
525.84,6.6611
526.17,6.5732
526.51,6.4818
526.84,6.4595
527.17,6.434
527.51,6.3878
527.84,6.3283
528.17,6.295
528.51,6.2642
528.84,6.2283
529.17,6.2458
529.5,6.2516
529.84,6.216
530.17,6.1472
530.5,6.0939
530.84,6.0839
531.17,6.055
531.5,6.0185
531.84,6.0049
532.17,5.9749
532.5,5.9593
532.83,5.9124
533.17,5.9157
533.5,5.9126
533.83,5.8839
534.17,5.8721
534.5,5.8508
534.83,5.8513
535.16,5.8272
535.5,5.832
535.83,5.872
536.16,5.8739
536.5,5.8448
536.83,5.8275
537.16,5.7836
537.5,5.7719
537.83,5.7061
538.16,5.6417
538.5,5.5694
538.83,5.5301
539.16,5.5037
539.49,5.4543
539.83,5.3811
540.16,5.3525
540.49,5.2799
540.83,5.2559
541.16,5.2227
541.49,5.1683
541.83,5.1255
542.16,5.111
542.49,5.0997
542.82,5.1047
543.16,5.1208
543.49,5.1567
543.82,5.1849
544.16,5.2275
544.49,5.2273
544.82,5.2553
545.15,5.2986
545.49,5.315
545.82,5.3442
546.15,5.3515
546.49,5.3308
546.82,5.3417
547.15,5.3598
547.49,5.41
547.82,5.4576
548.15,5.5349
548.48,5.6089
548.82,5.6983
549.15,5.7819
549.48,5.892
549.82,5.9863
550.15,6.0939
550.48,6.2179
550.82,6.3426
551.15,6.4215
551.48,6.5063
551.82,6.5993
552.15,6.6639
552.48,6.7365
552.81,6.7988
553.15,6.859
553.48,6.9336
553.81,7.0227
554.15,7.1201
554.48,7.2341
554.81,7.328
555.15,7.4636
555.48,7.5733
555.81,7.6409
556.14,7.6741
556.48,7.7141
556.81,7.7927
557.14,7.9105
557.48,7.9872
557.81,8.084
558.14,8.1281
558.47,8.1549
558.81,8.2023
559.14,8.2637
559.47,8.3954
559.81,8.5021
560.14,8.5634
560.47,8.6031
560.81,8.6338
561.14,8.7375
561.47,8.8713
561.8,8.9648
562.14,9.0103
562.47,9.0478
562.8,9.0801
563.14,9.1228
563.47,9.1658
563.8,9.1919
564.14,9.2896
564.47,9.3279
564.8,9.34
565.14,9.3783
565.47,9.4051
565.8,9.4658
566.13,9.4449
566.47,9.4065
566.8,9.4175
567.13,9.4293
567.47,9.4526
567.8,9.4742
568.13,9.4715
568.47,9.5022
568.8,9.516
569.13,9.5756
569.46,9.6056
569.8,9.6435
570.13,9.7072
570.46,9.7279
570.8,9.7585
571.13,9.8301
571.46,9.8427
571.79,9.8481
572.13,9.849
572.46,9.8588
572.79,9.9023
573.13,9.9014
573.46,9.9513
573.79,10.002
574.13,10.065
574.46,10.128
574.79,10.188
575.13,10.21
575.46,10.24
575.79,10.257
576.12,10.301
576.46,10.38
576.79,10.412
577.12,10.398
577.46,10.425
577.79,10.447
578.12,10.508
578.46,10.543
578.79,10.586
579.12,10.565
579.45,10.515
579.79,10.487
580.12,10.481
580.45,10.497
580.79,10.504
581.12,10.548
581.45,10.601
581.78,10.612
582.12,10.7
582.45,10.768
582.78,10.787
583.12,10.836
583.45,10.898
583.78,10.943
584.12,10.975
584.45,10.996
584.78,11.032
585.11,11.067
585.45,11.085
585.78,11.118
586.11,11.167
586.45,11.221
586.78,11.279
587.11,11.295
587.45,11.364
587.78,11.455
588.11,11.532
588.45,11.622
588.78,11.724
589.11,11.761
589.44,11.838
589.78,11.912
590.11,11.979
590.44,12.025
590.78,12.082
591.11,12.113
591.44,12.105
591.78,12.108
592.11,12.164
592.44,12.184
592.77,12.211
593.11,12.258
593.44,12.296
593.77,12.32
594.11,12.357
594.44,12.401
594.77,12.385
595.1,12.366
595.44,12.367
595.77,12.417
596.1,12.448
596.44,12.445
596.77,12.431
597.1,12.395
597.44,12.362
597.77,12.383
598.1,12.403
598.43,12.32
598.77,12.27
599.1,12.239
599.43,12.203
599.77,12.198
600.1,12.113
600.43,12.026
600.77,11.908
601.1,11.765
601.43,11.678
601.77,11.574
602.1,11.461
602.43,11.298
602.76,11.128
603.1,11.008
603.43,10.812
603.76,10.678
604.1,10.525
604.43,10.346
604.76,10.176
605.09,9.9938
605.43,9.8531
605.76,9.6968
606.09,9.5594
606.43,9.3969
606.76,9.2206
607.09,9.0636
607.43,8.9035
607.76,8.7415
608.09,8.597
608.42,8.4252
608.76,8.268
609.09,8.1048
609.42,7.9229
609.76,7.7402
610.09,7.5726
610.42,7.3871
610.76,7.2128
611.09,7.0706
611.42,6.9074
611.76,6.7526
612.09,6.5693
612.42,6.3971
612.75,6.2029
613.09,5.9903
613.42,5.8024
613.75,5.5854
614.09,5.3836
614.42,5.1759
614.75,4.9529
615.09,4.7548
615.42,4.5583
615.75,4.3748
616.08,4.1845
616.42,3.9601
616.75,3.7998
617.08,3.6145
617.42,3.4609
617.75,3.3219
618.08,3.1561
618.41,3.0121
618.75,2.8415
619.08,2.6744
619.41,2.5421
619.75,2.3793
620.08,2.2152
620.41,2.045
620.75,1.8779
621.08,1.7187
621.41,1.5772
621.75,1.4552
622.08,1.3438
622.41,1.2109
622.74,1.1135
623.08,1.0118
623.41,0.89977
623.74,0.75708
624.08,0.60133
624.41,0.52864
624.74,0.46568
625.08,0.40282
625.41,0.30455
625.74,0.20321
626.07,0.13649
626.41,0.07845
626.74,0.033077
627.07,0.056126
627.41,0.0038086
627.74,-0.065513
628.07,-0.13472
628.41,-0.18392
628.74,-0.2374
629.07,-0.25524
629.4,-0.25975
629.74,-0.3301
630.07,-0.41984
630.4,-0.46941
630.74,-0.46009
631.07,-0.48923
631.4,-0.47586
631.73,-0.464
632.07,-0.4333
632.4,-0.39236
632.73,-0.34489
633.07,-0.32191
633.4,-0.28069
633.73,-0.25439
634.07,-0.18035
634.4,-0.12372
634.73,-0.036301
635.07,0
635.4,0
635.73,0
636.06,0
636.4,0
636.73,0
637.06,0
637.4,0
637.73,0
638.06,0
638.4,0
638.73,0
639.06,0
639.39,0
639.73,0
640.06,0
640.39,0
640.73,0
641.06,0
641.39,0
641.72,0
642.06,0
642.39,0
642.72,0
643.06,0
643.39,0
643.72,0
644.06,0
644.39,0
644.72,0
645.05,0
645.39,0
645.72,0
646.05,0
646.39,0
646.72,0
647.05,0
647.39,0
647.72,0
648.05,0
648.39,0
648.72,0
649.05,0
649.38,0
649.72,0
