XEAS1	EAS1	XEAS2	EAS2	XEAS3	EAS3
400.600	0.00359557	400.600	0.00400591	400.600	0.00283666
401.600	0.00380858	401.600	0.00393517	401.600	0.00288784
402.600	0.00411627	402.600	0.00357870	402.600	0.00293942
403.600	0.00394424	403.600	0.00369959	403.600	0.00291597
404.600	0.00397501	404.600	0.00358103	404.600	0.00287090
405.590	0.00414366	405.590	0.00335657	405.590	0.00284527
406.590	0.00413085	406.590	0.00322701	406.590	0.00272798
407.590	0.00388878	407.590	0.00319139	407.590	0.00256207
408.590	0.00347473	408.590	0.00316194	408.590	0.00235895
409.580	0.00334576	409.580	0.00280378	409.580	0.00212561
410.580	0.00299568	410.580	0.00249328	410.580	0.00181649
411.580	0.00261648	411.580	0.00204727	411.580	0.00154452
412.580	0.00166191	412.580	0.00203241	412.580	0.00118005
413.580	0.000450533	413.580	0.00213736	413.580	0.000830514
414.570	-0.000775477	414.570	0.00205916	414.570	0.000483374
415.570	-0.00178493	415.570	0.00190712	415.570	0.000199391
416.570	-0.00261066	416.570	0.00163595	416.570	-4.78369e-05
417.570	-0.00344641	417.570	0.00142204	417.570	-0.000217282
418.570	-0.00435768	418.570	0.00130367	418.570	-0.000393346
419.560	-0.00516079	419.560	0.00109304	419.560	-0.000468659
420.560	-0.00628865	420.560	0.00111554	420.560	-0.000559520
421.560	-0.00738008	421.560	0.00129490	421.560	-0.000664373
422.560	-0.00842714	422.560	0.00133023	422.560	-0.000735238
423.560	-0.00933614	423.560	0.00127005	423.560	-0.000809732
424.550	-0.00975627	424.550	0.000863281	424.550	-0.000882590
425.550	-0.0101392	425.550	0.000381065	425.550	-0.00101485
426.550	-0.0104145	426.550	-0.000351661	426.550	-0.00122858
427.550	-0.0107471	427.550	-0.00115013	427.550	-0.00150287
428.550	-0.0110547	428.550	-0.00212997	428.550	-0.00186178
429.540	-0.0115611	429.540	-0.00325980	429.540	-0.00230121
430.540	-0.0126806	430.540	-0.00416476	430.540	-0.00287707
431.540	-0.0136758	431.540	-0.00539328	431.540	-0.00354219
432.540	-0.0151915	432.540	-0.00648502	432.540	-0.00432035
433.540	-0.0168006	433.540	-0.00780146	433.540	-0.00523932
434.530	-0.0186524	434.530	-0.00948721	434.530	-0.00632015
435.530	-0.0209894	435.530	-0.0111225	435.530	-0.00760091
436.530	-0.0233840	436.530	-0.0130341	436.530	-0.00903343
437.530	-0.0258325	437.530	-0.0153439	437.530	-0.0106284
438.530	-0.0286699	438.530	-0.0174083	438.530	-0.0122196
439.520	-0.0311332	439.520	-0.0199096	439.520	-0.0137769
440.520	-0.0333970	440.520	-0.0223864	440.520	-0.0151458
441.520	-0.0352867	441.520	-0.0247078	441.520	-0.0161709
442.520	-0.0368138	442.520	-0.0268580	442.520	-0.0167807
443.510	-0.0375856	443.510	-0.0286349	443.510	-0.0167702
444.510	-0.0377063	444.510	-0.0297396	444.510	-0.0160604
445.510	-0.0366724	445.510	-0.0302196	445.510	-0.0146367
446.510	-0.0347987	446.510	-0.0297850	446.510	-0.0125587
447.510	-0.0322510	447.510	-0.0285882	447.510	-0.0100775
448.500	-0.0291012	448.500	-0.0263454	448.500	-0.00737476
449.500	-0.0259880	449.500	-0.0234891	449.500	-0.00472337
450.500	-0.0222952	450.500	-0.0204166	450.500	-0.00205650
451.500	-0.0189087	451.500	-0.0167722	451.500	0.000484266
452.500	-0.0157923	452.500	-0.0129842	452.500	0.00289283
453.500	-0.0126863	453.500	-0.00902517	453.500	0.00519776
454.490	-0.00995169	454.490	-0.00508033	454.490	0.00733417
455.490	-0.00750145	455.490	-0.00127427	455.490	0.00914062
456.490	-0.00529453	456.490	0.00220918	456.490	0.0106602
457.490	-0.00320722	457.490	0.00522864	457.490	0.0117684
458.490	-0.000768459	458.490	0.00741262	458.490	0.0125339
459.480	0.00216314	459.480	0.00863056	459.480	0.0129835
460.480	0.00539534	460.480	0.00899755	460.480	0.0131447
461.480	0.00889428	461.480	0.00862327	461.480	0.0130626
462.480	0.0121729	462.480	0.00791657	462.480	0.0127906
463.470	0.0150599	463.470	0.00700876	463.470	0.0123621
464.470	0.0173011	464.470	0.00614535	464.470	0.0118016
465.470	0.0188009	465.470	0.00558638	465.470	0.0111756
466.470	0.0196895	466.470	0.00527126	466.470	0.0104693
467.470	0.0200951	467.470	0.00509686	467.470	0.00973036
468.460	0.0205177	468.460	0.00472912	468.460	0.00898229
469.460	0.0208586	469.460	0.00438605	469.460	0.00827569
470.460	0.0214659	470.460	0.00366913	470.460	0.00759889
471.460	0.0221305	471.460	0.00268990	471.460	0.00699518
472.460	0.0223104	472.460	0.00186073	472.460	0.00639484
473.450	0.0216560	473.450	0.00131185	473.450	0.00587762
474.450	0.0198437	474.450	0.00141647	474.450	0.00534514
475.450	0.0171757	475.450	0.00218080	475.450	0.00483195
476.450	0.0137333	476.450	0.00360894	476.450	0.00433044
477.450	0.0105034	477.450	0.00516090	477.450	0.00386194
478.440	0.00814950	478.440	0.00619822	478.440	0.00345462
479.440	0.00772153	479.440	0.00616257	479.440	0.00309547
480.440	0.00917491	480.440	0.00462200	480.440	0.00295668
481.440	0.0115806	481.440	0.00235634	481.440	0.00275186
482.440	0.0136698	482.440	0.000324117	482.440	0.00268898
483.430	0.0142891	483.430	-0.000569575	483.430	0.00251884
484.430	0.0142302	484.430	-0.000655453	484.430	0.00234881
485.430	0.0132239	485.430	0.000141522	485.430	0.00211306
486.430	0.0126570	486.430	0.000745638	486.430	0.00193288
487.430	0.0128900	487.430	0.000466304	487.430	0.00178698
488.420	0.0140839	488.420	-0.000510310	488.420	0.00174827
489.420	0.0159107	489.420	-0.00194483	489.420	0.00169965
490.420	0.0165562	490.420	-0.00258553	490.420	0.00164592
491.420	0.0163109	491.420	-0.00248734	491.420	0.00151338
492.420	0.0149190	492.420	-0.00158730	492.420	0.00144666
493.410	0.0134884	493.410	-0.000583785	493.410	0.00122035
494.410	0.0127706	494.410	-0.000161892	494.410	0.00115128
495.410	0.0127569	495.410	-0.000326168	495.410	0.00102480
496.410	0.0138461	496.410	-0.00121607	496.410	0.00104334
497.400	0.0149679	497.400	-0.00209890	497.400	0.000916918
498.400	0.0149298	498.400	-0.00220253	498.400	0.000825411
499.400	0.0147407	499.400	-0.00204385	499.400	0.000687532
