XEAS1	EAS1	XEAS2	EAS2	XEAS3	EAS3
400.604	-0.00205669	400.604	0.00356270	400.604	-0.000135590
401.602	-0.00129101	401.602	0.00354751	401.602	-7.17994e-05
402.600	-0.000597886	402.600	0.00345541	402.600	-4.53675e-05
403.598	0.000176964	403.598	0.00333821	403.598	0.000180584
404.595	0.000961510	404.595	0.00321308	404.595	0.000596523
405.593	0.00171170	405.593	0.00304259	405.593	0.000815131
406.591	0.00215721	406.591	0.00284619	406.591	0.000945928
407.589	0.00244212	407.589	0.00270424	407.589	0.00109636
408.587	0.00242015	408.587	0.00255474	408.587	0.00105868
409.585	0.00239444	409.585	0.00234031	409.585	0.00116875
410.583	0.00211403	410.583	0.00217310	410.583	0.00114410
411.581	0.00194069	411.581	0.00196764	411.581	0.00106586
412.579	0.00188619	412.579	0.00174110	412.579	0.00108977
413.577	0.00178967	413.577	0.00145772	413.577	0.000978877
414.575	0.00163351	414.575	0.00122860	414.575	0.00101717
415.573	0.00122061	415.573	0.00106294	415.573	0.000885800
416.571	0.000666118	416.571	0.000970733	416.571	0.000809011
417.569	6.43154e-05	417.569	0.000897053	417.569	0.000602636
418.567	-0.000354179	418.567	0.000749841	418.567	0.000571814
419.565	-0.000747138	419.565	0.000646927	419.565	0.000441570
420.563	-0.000853809	420.563	0.000512414	420.563	0.000535509
421.561	-0.000949629	421.561	0.000382172	421.561	0.000653767
422.559	-0.000995599	422.559	0.000236215	422.559	0.000541419
423.556	-0.00127954	423.556	0.000209609	423.556	0.000370935
424.554	-0.00133492	424.554	-1.76069e-05	424.554	0.000303077
425.552	-0.00149101	425.552	-0.000183382	425.552	0.000299235
426.550	-0.00180466	426.550	-0.000436803	426.550	0.000255079
427.548	-0.00223805	427.548	-0.000757232	427.548	9.87624e-05
428.546	-0.00275793	428.546	-0.00111650	428.546	-3.79513e-05
429.544	-0.00368057	429.544	-0.00154165	429.544	-0.000382014
430.542	-0.00453126	430.542	-0.00221186	430.542	-0.000670258
431.540	-0.00562231	431.540	-0.00291281	431.540	-0.000852930
432.538	-0.00691999	432.538	-0.00376572	432.538	-0.00133848
433.536	-0.00856978	433.536	-0.00475137	433.536	-0.00186305
434.534	-0.0101819	434.534	-0.00594594	434.534	-0.00253655
435.532	-0.0123606	435.532	-0.00715588	435.532	-0.00329813
436.530	-0.0146079	436.530	-0.00866969	436.530	-0.00424603
437.528	-0.0169216	437.528	-0.0102419	437.528	-0.00512831
438.526	-0.0193068	438.526	-0.0118692	438.526	-0.00612287
439.524	-0.0216614	439.524	-0.0134588	439.524	-0.00697740
440.522	-0.0242778	440.522	-0.0148687	440.522	-0.00775619
441.520	-0.0264938	441.520	-0.0161586	441.520	-0.00814297
442.517	-0.0280084	442.517	-0.0169943	442.517	-0.00829363
443.515	-0.0295371	443.515	-0.0174060	443.515	-0.00810589
444.513	-0.0302142	444.513	-0.0170964	444.513	-0.00742560
445.511	-0.0304030	445.511	-0.0163306	445.511	-0.00652256
446.509	-0.0302810	446.509	-0.0150469	446.509	-0.00545228
447.507	-0.0291508	447.507	-0.0132523	447.507	-0.00427675
448.505	-0.0278385	448.505	-0.0112662	448.505	-0.00302901
449.503	-0.0260275	449.503	-0.00914581	449.503	-0.00194227
450.501	-0.0237427	450.501	-0.00695678	450.501	-0.000981493
451.499	-0.0210564	451.499	-0.00462226	451.499	9.72690e-05
452.497	-0.0180843	452.497	-0.00247263	452.497	0.00133687
453.495	-0.0148912	453.495	-0.000155171	453.495	0.00267105
454.493	-0.0118424	454.493	0.00213743	454.493	0.00387784
455.491	-0.00934316	455.491	0.00425528	455.491	0.00495509
456.489	-0.00716516	456.489	0.00613238	456.489	0.00585003
457.487	-0.00530398	457.487	0.00770147	457.487	0.00652877
458.485	-0.00378294	458.485	0.00896689	458.485	0.00691028
459.483	-0.00258844	459.483	0.00987110	459.483	0.00712497
460.480	-0.00134177	460.480	0.0104399	460.480	0.00706656
461.478	-7.95532e-05	461.478	0.0107200	461.478	0.00692511
462.476	0.00157796	462.476	0.0106241	462.476	0.00677504
463.474	0.00312245	463.474	0.0103431	463.474	0.00649439
464.472	0.00465119	464.472	0.00988652	464.472	0.00620574
465.470	0.00583407	465.470	0.00933871	465.470	0.00577989
466.468	0.00670438	466.468	0.00875776	466.468	0.00539667
467.466	0.00701616	467.466	0.00820754	467.466	0.00492551
468.464	0.00684288	468.464	0.00771305	468.464	0.00444675
469.462	0.00623240	469.462	0.00727674	469.462	0.00393879
470.460	0.00547384	470.460	0.00689313	470.460	0.00337534
471.458	0.00507950	471.458	0.00642883	471.458	0.00293634
472.456	0.00498591	472.456	0.00601919	472.456	0.00257176
473.454	0.00548801	473.454	0.00551492	473.454	0.00232030
474.452	0.00632458	474.452	0.00495011	474.452	0.00215526
475.450	0.00717576	475.450	0.00440656	475.450	0.00200281
476.448	0.00760195	476.448	0.00397842	476.448	0.00191567
477.446	0.00686521	477.446	0.00372879	477.446	0.00171396
478.444	0.00531687	478.444	0.00365677	478.444	0.00145207
479.441	0.00356627	479.441	0.00372728	479.441	0.00104101
480.439	0.00266431	480.439	0.00366500	480.439	0.000793567
481.437	0.00280422	481.437	0.00346407	481.437	0.000633447
482.435	0.00366820	482.435	0.00305924	482.435	0.000645217
483.433	0.00455580	483.433	0.00266457	483.433	0.000672611
484.431	0.00481416	484.431	0.00233980	484.431	0.000706404
485.429	0.00423768	485.429	0.00222066	485.429	0.000548109
486.427	0.00364509	486.427	0.00216681	486.427	0.000374559
487.425	0.00344128	487.425	0.00205865	487.425	0.000216909
488.423	0.00385900	488.423	0.00180336	488.423	0.000222416
489.421	0.00450888	489.421	0.00147037	489.421	0.000374305
490.419	0.00482687	490.419	0.00118607	490.419	0.000376906
491.417	0.00430883	491.417	0.00111124	491.417	0.000292450
492.415	0.00341768	492.415	0.00107991	492.415	0.000190987
493.413	0.00252023	493.413	0.00112232	493.413	7.76568e-05
494.411	0.00199555	494.411	0.00109755	494.411	7.51996e-05
495.409	0.00203204	495.409	0.000888714	495.409	-2.12177e-05
496.407	0.00237580	496.407	0.000722862	496.407	0.000138965
497.405	0.00180946	497.405	0.000597131	497.405	3.07141e-05
498.402	0.00110037	498.402	0.000647831	498.402	-3.18990e-05
499.400	-5.57184e-05	499.400	0.000735763	499.400	-0.000165982
