XEAS1	EAS1	XEAS2	EAS2	XEAS3	EAS3
400.604	-0.00246017	400.604	0.00750095	400.604	0.00261996
401.602	-0.00188583	401.602	0.00761819	401.602	0.00265343
402.600	-0.00128232	402.600	0.00755727	402.600	0.00268585
403.598	-0.00103291	403.598	0.00761041	403.598	0.00261658
404.595	-0.00109431	404.595	0.00764342	404.595	0.00242678
405.593	-0.000942272	405.593	0.00762151	405.593	0.00229935
406.591	-0.00102387	406.591	0.00750433	406.591	0.00213091
407.589	-0.000911044	407.589	0.00729465	407.589	0.00202329
408.587	-0.00125882	408.587	0.00714254	408.587	0.00186445
409.585	-0.00162442	409.585	0.00680922	409.585	0.00168726
410.583	-0.00211644	410.583	0.00648325	410.583	0.00150282
411.581	-0.00271775	411.581	0.00607789	411.581	0.00134093
412.579	-0.00329200	412.579	0.00567846	412.579	0.00117322
413.577	-0.00389587	413.577	0.00519516	413.577	0.000941597
414.575	-0.00451425	414.575	0.00476913	414.575	0.000810395
415.573	-0.00528125	415.573	0.00442832	415.573	0.000641045
416.571	-0.00598488	416.571	0.00404009	416.571	0.000569734
417.569	-0.00685116	417.569	0.00377045	417.569	0.000480775
418.567	-0.00758160	418.567	0.00338020	418.567	0.000419653
419.565	-0.00836375	419.565	0.00313335	419.565	0.000357737
420.563	-0.00914186	420.563	0.00294398	420.563	0.000302462
421.561	-0.00986553	421.561	0.00264626	421.561	0.000242855
422.559	-0.0102432	422.559	0.00239085	422.559	0.000257624
423.556	-0.0107475	423.556	0.00220344	423.556	0.000168579
424.554	-0.0112772	424.554	0.00194451	424.554	7.45392e-05
425.552	-0.0119680	425.552	0.00180867	425.552	-0.000128556
426.550	-0.0128551	426.550	0.00158723	426.550	-0.000392939
427.548	-0.0135981	427.548	0.00117078	427.548	-0.000691792
428.546	-0.0149576	428.546	0.000734650	428.546	-0.00118382
429.544	-0.0162149	429.544	4.88536e-05	429.544	-0.00172433
430.542	-0.0178636	430.542	-0.000854588	430.542	-0.00241936
431.540	-0.0199243	431.540	-0.00199753	431.540	-0.00326127
432.538	-0.0222295	432.538	-0.00344678	432.538	-0.00435579
433.536	-0.0252126	433.536	-0.00511021	433.536	-0.00564371
434.534	-0.0284379	434.534	-0.00725699	434.534	-0.00723243
435.532	-0.0317813	435.532	-0.00970908	435.532	-0.00900601
436.530	-0.0357727	436.530	-0.0124545	436.530	-0.0110005
437.528	-0.0397227	437.528	-0.0155349	437.528	-0.0130590
438.526	-0.0443424	438.526	-0.0185263	438.526	-0.0153012
439.524	-0.0483276	439.524	-0.0218221	439.524	-0.0171255
440.522	-0.0523278	440.522	-0.0248150	440.522	-0.0188315
441.520	-0.0560838	441.520	-0.0273634	441.520	-0.0200891
442.517	-0.0587024	442.517	-0.0294262	442.517	-0.0205675
443.515	-0.0611867	443.515	-0.0307563	443.515	-0.0205177
444.513	-0.0630776	444.513	-0.0309090	444.513	-0.0197011
445.511	-0.0632717	445.511	-0.0303920	445.511	-0.0180692
446.509	-0.0632707	446.509	-0.0287003	446.509	-0.0162020
447.507	-0.0621617	447.507	-0.0261187	447.507	-0.0138796
448.505	-0.0605514	448.505	-0.0230833	448.505	-0.0115297
449.503	-0.0575241	449.503	-0.0196094	449.503	-0.00911413
450.501	-0.0541281	450.501	-0.0157455	450.501	-0.00662585
451.499	-0.0494644	451.499	-0.0116667	451.499	-0.00375039
452.497	-0.0439777	452.497	-0.00730498	452.497	-0.000693359
453.495	-0.0381584	453.495	-0.00262226	453.495	0.00269972
454.493	-0.0319863	454.493	0.00211814	454.493	0.00597900
455.491	-0.0262493	455.491	0.00655680	455.491	0.00905200
456.489	-0.0211820	456.489	0.0107520	456.489	0.0116861
457.487	-0.0168538	457.487	0.0143900	457.487	0.0136601
458.485	-0.0131840	458.485	0.0173473	458.485	0.0149663
459.483	-0.0101592	459.483	0.0196137	459.483	0.0157735
460.480	-0.00777249	460.480	0.0212530	460.480	0.0159189
461.478	-0.00554150	461.478	0.0222403	461.478	0.0156925
462.476	-0.00354984	462.476	0.0227845	462.476	0.0151034
463.474	-0.00164336	463.474	0.0227556	463.474	0.0143683
464.472	8.22616e-05	464.472	0.0224282	464.472	0.0133051
465.470	0.00182206	465.470	0.0217743	465.470	0.0122398
466.468	0.00313954	466.468	0.0209467	466.468	0.0110419
467.466	0.00405137	467.466	0.0200353	467.466	0.00972362
468.464	0.00475422	468.464	0.0190564	468.464	0.00848216
469.462	0.00503550	469.462	0.0181480	469.462	0.00724434
470.460	0.00538201	470.460	0.0171506	470.460	0.00615645
471.458	0.00591673	471.458	0.0161120	471.458	0.00514759
472.456	0.00653999	472.456	0.0150658	472.456	0.00427927
473.454	0.00723857	473.454	0.0140669	473.454	0.00348463
474.452	0.00836955	474.452	0.0129990	474.452	0.00293415
475.450	0.00934035	475.450	0.0120013	475.450	0.00241893
476.448	0.0101896	476.448	0.0111050	476.448	0.00200084
477.446	0.0106882	477.446	0.0103211	477.446	0.00159962
478.444	0.0106101	478.444	0.00971067	478.444	0.00121549
479.441	0.0104987	479.441	0.00916871	479.441	0.000826237
480.439	0.0104408	480.439	0.00873412	480.439	0.000547972
481.437	0.0107522	481.437	0.00819005	481.437	0.000207306
482.435	0.0112777	482.435	0.00769946	482.435	-2.74300e-05
483.433	0.0118422	483.433	0.00706240	483.433	-0.000163000
484.431	0.0121212	484.431	0.00662212	484.431	-0.000328233
485.429	0.0121102	485.429	0.00617530	485.429	-0.000598406
486.427	0.0120260	486.427	0.00584911	486.427	-0.000858448
487.425	0.0123003	487.425	0.00540449	487.425	-0.000929379
488.423	0.0126007	488.423	0.00508254	488.423	-0.00111969
489.421	0.0129354	489.421	0.00466066	489.421	-0.00121232
490.419	0.0131403	490.419	0.00432001	490.419	-0.00127564
491.417	0.0132074	491.417	0.00400150	491.417	-0.00140067
492.415	0.0131282	492.415	0.00370830	492.415	-0.00160734
493.413	0.0134806	493.413	0.00328905	493.413	-0.00155824
494.411	0.0139084	494.411	0.00288979	494.411	-0.00158621
495.409	0.0145026	495.409	0.00253146	495.409	-0.00161422
496.407	0.0149318	496.407	0.00219677	496.407	-0.00154624
497.405	0.0152478	497.405	0.00183075	497.405	-0.00147403
498.402	0.0152640	498.402	0.00156066	498.402	-0.00154232
499.400	0.0154986	499.400	0.00120676	499.400	-0.00156345
