649.72,2.0539e-81,1.0101e-114,7.1064e-102,1.8815e-11,9.7193e-06,1.1933e-12,3.2946e-07
649.38,2.8944e-81,1.7903e-114,1.2187e-101,2.0516e-11,1.03e-05,1.561e-12,4.0243e-07
649.05,4.0787e-81,3.1727e-114,2.0896e-101,2.2368e-11,1.0914e-05,2.0395e-12,4.9094e-07
648.72,5.7481e-81,5.6228e-114,3.5831e-101,2.4385e-11,1.1563e-05,2.6618e-12,5.982e-07
648.39,8.101e-81,9.9645e-114,6.1435e-101,2.6583e-11,1.2249e-05,3.4698e-12,7.2797e-07
648.05,1.1417e-80,1.7658e-113,1.0533e-100,2.8976e-11,1.2974e-05,4.5177e-12,8.848e-07
647.72,1.6092e-80,3.129e-113,1.8056e-100,3.1582e-11,1.374e-05,5.8752e-12,1.074e-06
647.39,2.2681e-80,5.5444e-113,3.095e-100,3.4419e-11,1.455e-05,7.6314e-12,1.3021e-06
647.05,3.1968e-80,9.8238e-113,5.305e-100,3.7508e-11,1.5405e-05,9.9008e-12,1.5767e-06
646.72,4.506e-80,1.7406e-112,9.0922e-100,4.087e-11,1.6308e-05,1.283e-11,1.9066e-06
646.39,6.3511e-80,3.0834e-112,1.558e-99,4.4529e-11,1.7262e-05,1.6604e-11,2.3027e-06
646.05,8.9525e-80,5.4625e-112,2.6698e-99,4.8512e-11,1.827e-05,2.1464e-11,2.7775e-06
645.72,1.262e-79,9.6768e-112,4.5746e-99,5.2847e-11,1.9334e-05,2.7713e-11,3.346e-06
645.39,1.779e-79,1.7142e-111,7.8377e-99,5.7564e-11,2.0457e-05,3.5738e-11,4.0256e-06
645.05,2.5078e-79,3.0364e-111,1.3427e-98,6.2697e-11,2.1642e-05,4.6031e-11,4.837e-06
644.72,3.5354e-79,5.3781e-111,2.3001e-98,6.8281e-11,2.2893e-05,5.9215e-11,5.8044e-06
644.39,4.9841e-79,9.5252e-111,3.9397e-98,7.4355e-11,2.4214e-05,7.6082e-11,6.9562e-06
644.06,7.0266e-79,1.6869e-110,6.7476e-98,8.0963e-11,2.5607e-05,9.7632e-11,8.3258e-06
643.72,9.9058e-79,2.9872e-110,1.1554e-97,8.8148e-11,2.7076e-05,1.2513e-10,9.9516e-06
643.39,1.3966e-78,5.2898e-110,1.9786e-97,9.5964e-11,2.8626e-05,1.6017e-10,1.188e-05
643.06,1.969e-78,9.3666e-110,3.3877e-97,1.0446e-10,3.026e-05,2.0478e-10,1.4163e-05
642.72,2.7762e-78,1.6585e-109,5.8e-97,1.1371e-10,3.1983e-05,2.6148e-10,1.6862e-05
642.39,3.9143e-78,2.9363e-109,9.929e-97,1.2375e-10,3.38e-05,3.3347e-10,2.0049e-05
642.06,5.5191e-78,5.1985e-109,1.6996e-96,1.3468e-10,3.5716e-05,4.2473e-10,2.3808e-05
641.72,7.7819e-78,9.2027e-109,2.9089e-96,1.4655e-10,3.7734e-05,5.4029e-10,2.8232e-05
641.39,1.0972e-77,1.6289e-108,4.9778e-96,1.5945e-10,3.9861e-05,6.864e-10,3.3434e-05
641.06,1.5471e-77,2.8832e-108,8.5182e-96,1.7348e-10,4.2102e-05,8.7094e-10,3.9541e-05
640.73,2.1816e-77,5.1031e-108,1.4575e-95,1.8872e-10,4.4463e-05,1.1037e-09,4.6702e-05
640.39,3.0763e-77,9.0315e-108,2.4936e-95,2.0528e-10,4.695e-05,1.3968e-09,5.5084e-05
640.06,4.338e-77,1.5983e-107,4.2657e-95,2.2327e-10,4.9569e-05,1.7656e-09,6.4883e-05
639.73,6.1173e-77,2.8283e-107,7.2966e-95,2.4282e-10,5.2327e-05,2.2289e-09,7.6321e-05
639.39,8.6265e-77,5.0046e-107,1.248e-94,2.6405e-10,5.523e-05,2.81e-09,8.9653e-05
639.06,1.2165e-76,8.8547e-107,2.1342e-94,2.8711e-10,5.8286e-05,3.5381e-09,0.00010517
638.73,1.7154e-76,1.5664e-106,3.649e-94,3.1215e-10,6.1502e-05,4.4488e-09,0.0001232
638.4,2.4192e-76,2.771e-106,6.239e-94,3.3934e-10,6.4887e-05,5.5869e-09,0.00014412
638.06,3.4117e-76,4.9017e-106,1.0666e-93,3.6887e-10,6.8448e-05,7.007e-09,0.00016837
637.73,4.8115e-76,8.67e-106,1.8232e-93,4.0092e-10,7.2194e-05,8.7765e-09,0.00019642
637.4,6.7856e-76,1.5334e-105,3.1162e-93,4.3572e-10,7.6134e-05,1.0978e-08,0.00022882
637.06,9.5698e-76,2.7118e-105,5.3256e-93,4.735e-10,8.0278e-05,1.3714e-08,0.0002662
636.73,1.3497e-75,4.7955e-105,9.1004e-93,5.1449e-10,8.4635e-05,1.711e-08,0.00030924
636.4,1.9035e-75,8.4795e-105,1.5549e-92,5.5898e-10,8.9215e-05,2.1317e-08,0.00035875
636.06,2.6844e-75,1.4991e-104,2.6561e-92,6.0724e-10,9.4028e-05,2.6522e-08,0.00041558
635.73,3.7861e-75,2.6502e-104,4.5371e-92,6.5962e-10,9.9087e-05,3.2955e-08,0.00048074
635.4,5.3399e-75,4.685e-104,7.7492e-92,7.1644e-10,0.0001044,4.0894e-08,0.00055533
635.07,7.5314e-75,8.2813e-104,1.3234e-91,7.7807e-10,0.00010999,5.0677e-08,0.00064058
634.73,1.0622e-74,1.4637e-103,2.2598e-91,8.4492e-10,0.00011586,6.2715e-08,0.00073787
634.4,1.4982e-74,2.5867e-103,3.8581e-91,9.1742e-10,0.00012202,7.7506e-08,0.0008487
634.07,2.1131e-74,4.5711e-103,6.5863e-91,9.9604e-10,0.00012849,9.5655e-08,0.00097478
633.73,2.9805e-74,8.0771e-103,1.1242e-90,1.0813e-09,0.00013528,1.1789e-07,0.001118
633.4,4.2036e-74,1.4269e-102,1.9185e-90,1.1737e-09,0.00014241,1.451e-07,0.0012803
633.07,5.929e-74,2.5209e-102,3.2738e-90,1.2738e-09,0.00014989,1.7834e-07,0.0014641
632.73,8.3627e-74,4.4531e-102,5.586e-90,1.3824e-09,0.00015774,2.1889e-07,0.0016719
632.4,1.1795e-73,7.8655e-102,9.5297e-90,1.5001e-09,0.00016598,2.6829e-07,0.0019063
632.07,1.6637e-73,1.3892e-101,1.6256e-89,1.6276e-09,0.00017462,3.2838e-07,0.0021704
631.73,2.3466e-73,2.4532e-101,2.7725e-89,1.7658e-09,0.00018368,4.0136e-07,0.0024675
631.4,3.3099e-73,4.3318e-101,4.7279e-89,1.9155e-09,0.00019319,4.8989e-07,0.0028011
631.07,4.6687e-73,7.6483e-101,8.0615e-89,2.0776e-09,0.00020315,5.9709e-07,0.003175
630.74,6.5848e-73,1.3501e-100,1.3742e-88,2.2532e-09,0.00021359,7.2671e-07,0.0035935
630.4,9.2878e-73,2.3832e-100,2.3425e-88,2.4434e-09,0.00022454,8.8323e-07,0.0040611
630.07,1.31e-72,4.2065e-100,3.9924e-88,2.6494e-09,0.00023601,1.0719e-06,0.0045827
629.74,1.8478e-72,7.424e-100,6.8036e-88,2.8725e-09,0.00024802,1.2991e-06,0.0051636
629.4,2.6064e-72,1.3101e-99,1.1592e-87,3.1139e-09,0.00026061,1.5722e-06,0.0058092
629.07,3.6763e-72,2.3117e-99,1.9749e-87,3.3753e-09,0.00027379,1.9e-06,0.0065258
628.74,5.1854e-72,4.0784e-99,3.3639e-87,3.6582e-09,0.0002876,2.2927e-06,0.0073195
628.41,7.3135e-72,7.1939e-99,5.7286e-87,3.9644e-09,0.00030204,2.7626e-06,0.0081972
628.07,1.0316e-71,1.2689e-98,9.755e-87,4.2957e-09,0.00031717,3.324e-06,0.0091662
627.74,1.455e-71,2.238e-98,1.6609e-86,4.6542e-09,0.000333,3.9937e-06,0.010234
627.41,2.0522e-71,3.9466e-98,2.8274e-86,5.0421e-09,0.00034956,4.7913e-06,0.011409
627.07,2.8947e-71,6.959e-98,4.8124e-86,5.4616e-09,0.00036689,5.7398e-06,0.012699
626.74,4.0828e-71,1.2269e-97,8.1897e-86,5.9154e-09,0.00038501,6.866e-06,0.014113
626.41,5.7587e-71,2.1629e-97,1.3935e-85,6.4062e-09,0.00040397,8.201e-06,0.01566
626.07,8.1223e-71,3.8124e-97,2.3708e-85,6.9368e-09,0.00042378,9.7811e-06,0.017349
625.74,1.1455e-70,6.7183e-97,4.0322e-85,7.5104e-09,0.00044449,1.1648e-05,0.01919
625.41,1.6157e-70,1.1839e-96,6.8576e-85,8.1307e-09,0.00046615,1.3851e-05,0.021194
625.08,2.2788e-70,2.086e-96,1.1661e-84,8.8011e-09,0.00048877,1.6446e-05,0.02337
624.74,3.214e-70,3.6751e-96,1.9826e-84,9.5258e-09,0.00051241,1.9497e-05,0.025729
624.41,4.533e-70,6.4737e-96,3.3701e-84,1.0309e-08,0.0005371,2.308e-05,0.028281
624.08,6.3933e-70,1.1402e-95,5.7278e-84,1.1155e-08,0.00056288,2.7281e-05,0.031037
623.74,9.0169e-70,2.008e-95,9.7333e-84,1.2069e-08,0.00058981,3.2197e-05,0.034007
623.41,1.2717e-69,3.5359e-95,1.6537e-83,1.3056e-08,0.00061792,3.7941e-05,0.037202
623.08,1.7934e-69,6.2245e-95,2.8089e-83,1.4123e-08,0.00064725,4.464e-05,0.04063
622.74,2.5292e-69,1.0958e-94,4.7707e-83,1.5275e-08,0.00067786,5.2443e-05,0.044304
622.41,3.567e-69,1.9287e-94,8.1014e-83,1.6518e-08,0.00070981,6.1515e-05,0.048233
622.08,5.0304e-69,3.3943e-94,1.3755e-82,1.7861e-08,0.00074312,7.2046e-05,0.052424
621.75,7.0941e-69,5.9726e-94,2.3349e-82,1.9311e-08,0.00077787,8.4249e-05,0.056887
621.41,1.0004e-68,1.0508e-93,3.9629e-82,2.0876e-08,0.00081411,9.8366e-05,0.061629
621.08,1.4108e-68,1.8486e-93,6.7247e-82,2.2564e-08,0.00085188,0.00011467,0.066656
620.75,1.9896e-68,3.2514e-93,1.1409e-81,2.4387e-08,0.00089125,0.00013347,0.071976
620.41,2.8054e-68,5.7176e-93,1.9352e-81,2.6353e-08,0.00093228,0.0001551,0.077591
620.08,3.956e-68,1.0054e-92,3.282e-81,2.8474e-08,0.00097502,0.00017995,0.083507
619.75,5.5784e-68,1.7675e-92,5.5652e-81,3.0762e-08,0.0010195,0.00020846,0.089724
619.41,7.8661e-68,3.1071e-92,9.435e-81,3.323e-08,0.0010659,0.00024111,0.096244
619.08,1.1092e-67,5.461e-92,1.5993e-80,3.5891e-08,0.0011142,0.00027842,0.10307
618.75,1.564e-67,9.5967e-92,2.7102e-80,3.8761e-08,0.0011645,0.000321,0.11019
618.41,2.2052e-67,1.6862e-91,4.5922e-80,4.1854e-08,0.0012168,0.00036949,0.1176
618.08,3.1092e-67,2.9623e-91,7.7794e-80,4.5189e-08,0.0012712,0.00042463,0.1253
617.75,4.3836e-67,5.2028e-91,1.3175e-79,4.8782e-08,0.0013278,0.0004872,0.13328
617.42,6.1804e-67,9.1372e-91,2.231e-79,5.2655e-08,0.0013867,0.00055809,0.14152
617.08,8.7136e-67,1.6044e-90,3.7772e-79,5.6829e-08,0.001448,0.00063827,0.15003
616.75,1.2285e-66,2.8169e-90,6.3937e-79,6.1325e-08,0.0015117,0.00072878,0.15876
616.42,1.7319e-66,4.9447e-90,1.0821e-78,6.6168e-08,0.0015779,0.00083076,0.16772
616.08,2.4416e-66,8.6785e-90,1.8309e-78,7.1384e-08,0.0016467,0.00094546,0.17689
615.75,3.442e-66,1.5229e-89,3.0972e-78,7.7001e-08,0.0017182,0.0010742,0.18623
615.42,4.8521e-66,2.6719e-89,5.2383e-78,8.3049e-08,0.0017924,0.0012185,0.19572
615.09,6.8394e-66,4.6867e-89,8.8571e-78,8.956e-08,0.0018695,0.0013799,0.20534
614.75,9.641e-66,8.22e-89,1.4974e-77,9.6569e-08,0.0019496,0.00156,0.21505
614.42,1.359e-65,1.4415e-88,2.5309e-77,1.0411e-07,0.0020327,0.0017608,0.22483
614.09,1.9155e-65,2.5273e-88,4.2771e-77,1.1223e-07,0.002119,0.001984,0.23465
613.75,2.6999e-65,4.4304e-88,7.2263e-77,1.2096e-07,0.0022085,0.0022319,0.24446
613.42,3.8053e-65,7.7652e-88,1.2206e-76,1.3036e-07,0.0023014,0.0025064,0.25423
613.09,5.3632e-65,1.3607e-87,2.0614e-76,1.4047e-07,0.0023977,0.0028099,0.26393
612.75,7.5581e-65,2.3839e-87,3.4802e-76,1.5133e-07,0.0024975,0.0031449,0.2735
612.42,1.0652e-64,4.176e-87,5.8748e-76,1.6302e-07,0.0026011,0.0035138,0.28292
612.09,1.5011e-64,7.3139e-87,9.9147e-76,1.7559e-07,0.0027084,0.0039193,0.29214
611.76,2.1154e-64,1.2808e-86,1.6729e-75,1.891e-07,0.0028196,0.0043641,0.30112
611.42,2.9809e-64,2.2423e-86,2.822e-75,2.0362e-07,0.0029348,0.004851,0.30981
611.09,4.2004e-64,3.925e-86,4.7595e-75,2.1922e-07,0.0030541,0.005383,0.31818
610.76,5.9186e-64,6.8693e-86,8.0252e-75,2.3599e-07,0.0031776,0.005963,0.32619
610.42,8.3393e-64,1.202e-85,1.3528e-74,2.5401e-07,0.0033055,0.006594,0.33378
610.09,1.1749e-63,2.1026e-85,2.2798e-74,2.7335e-07,0.0034378,0.007279,0.34093
609.76,1.6553e-63,3.6776e-85,3.8414e-74,2.9413e-07,0.0035748,0.0080212,0.34759
609.42,2.332e-63,6.4313e-85,6.4711e-74,3.1645e-07,0.0037165,0.0088236,0.35374
609.09,3.2853e-63,1.1245e-84,1.0898e-73,3.4041e-07,0.003863,0.0096892,0.35932
608.76,4.6281e-63,1.9656e-84,1.835e-73,3.6614e-07,0.0040146,0.010621,0.36433
608.42,6.5194e-63,3.4354e-84,3.089e-73,3.9375e-07,0.0041712,0.011622,0.36871
608.09,9.1833e-63,6.0029e-84,5.1986e-73,4.2338e-07,0.0043331,0.012694,0.37245
607.76,1.2935e-62,1.0487e-83,8.7468e-73,4.5517e-07,0.0045004,0.013841,0.37553
607.43,1.8217e-62,1.8315e-83,1.4712e-72,4.8927e-07,0.0046731,0.015064,0.37792
607.09,2.5658e-62,3.1984e-83,2.474e-72,5.2586e-07,0.0048515,0.016366,0.37962
606.76,3.6135e-62,5.5842e-83,4.1596e-72,5.651e-07,0.0050358,0.017748,0.3806
606.43,5.0888e-62,9.7476e-83,6.9916e-72,6.0718e-07,0.0052259,0.019213,0.38086
606.09,7.1662e-62,1.7012e-82,1.1749e-71,6.523e-07,0.0054222,0.02076,0.3804
605.76,1.0091e-61,2.9681e-82,1.9738e-71,7.0066e-07,0.0056246,0.022392,0.37921
605.43,1.4209e-61,5.1778e-82,3.3151e-71,7.5249e-07,0.0058334,0.024107,0.37731
605.09,2.0006e-61,9.0303e-82,5.5665e-71,8.0804e-07,0.0060487,0.025906,0.3747
604.76,2.8166e-61,1.5744e-81,9.3436e-71,8.6755e-07,0.0062706,0.027789,0.37138
604.43,3.9653e-61,2.7447e-81,1.5681e-70,9.3131e-07,0.0064994,0.029753,0.36739
604.1,5.5824e-61,4.7837e-81,2.6309e-70,9.996e-07,0.0067351,0.031797,0.36273
603.76,7.8584e-61,8.3357e-81,4.413e-70,1.0727e-06,0.0069778,0.033919,0.35744
603.43,1.1062e-60,1.4522e-80,7.4002e-70,1.151e-06,0.0072278,0.036115,0.35154
603.1,1.557e-60,2.5293e-80,1.2406e-69,1.2349e-06,0.0074852,0.038381,0.34506
602.76,2.1915e-60,4.4042e-80,2.0792e-69,1.3246e-06,0.0077501,0.040713,0.33803
602.43,3.0843e-60,7.6674e-80,3.4838e-69,1.4206e-06,0.0080227,0.043105,0.3305
602.1,4.3404e-60,1.3344e-79,5.8352e-69,1.5234e-06,0.008303,0.045551,0.32249
601.77,6.108e-60,2.322e-79,9.7717e-69,1.6333e-06,0.0085914,0.048046,0.31406
601.43,8.5948e-60,4.0395e-79,1.6359e-68,1.7509e-06,0.0088878,0.05058,0.30523
601.1,1.2094e-59,7.0257e-79,2.738e-68,1.8766e-06,0.0091925,0.053147,0.29607
600.77,1.7016e-59,1.2217e-78,4.5811e-68,2.0111e-06,0.0095056,0.055737,0.2866
600.43,2.3939e-59,2.1238e-78,7.663e-68,2.1549e-06,0.0098272,0.058341,0.27688
600.1,3.3678e-59,3.6911e-78,1.2814e-67,2.3085e-06,0.010157,0.060949,0.26695
599.77,4.7373e-59,6.413e-78,2.142e-67,2.4727e-06,0.010497,0.063551,0.25686
599.43,6.6637e-59,1.114e-77,3.5799e-67,2.6482e-06,0.010845,0.066135,0.24664
599.1,9.3729e-59,1.9348e-77,5.9813e-67,2.8356e-06,0.011202,0.06869,0.23635
598.77,1.3182e-58,3.3592e-77,9.9903e-67,3.0359e-06,0.011568,0.071205,0.22603
598.43,1.8539e-58,5.8311e-77,1.6682e-66,3.2497e-06,0.011944,0.073667,0.21571
598.1,2.6072e-58,1.0119e-76,2.7847e-66,3.4781e-06,0.012329,0.076065,0.20544
597.77,3.6661e-58,1.7556e-76,4.6471e-66,3.7218e-06,0.012723,0.078386,0.19526
597.44,5.1549e-58,3.0451e-76,7.7526e-66,3.982e-06,0.013128,0.080618,0.1852
597.1,7.2471e-58,5.2798e-76,1.2928e-65,4.2596e-06,0.013542,0.082748,0.17529
596.77,1.0189e-57,9.153e-76,2.1555e-65,4.5559e-06,0.013966,0.084766,0.16557
596.44,1.4323e-57,1.5863e-75,3.5927e-65,4.8719e-06,0.0144,0.086659,0.15606
596.1,2.0134e-57,2.7486e-75,5.9863e-65,5.209e-06,0.014844,0.088417,0.14679
595.77,2.8299e-57,4.761e-75,9.9713e-65,5.5685e-06,0.015298,0.090029,0.13777
595.44,3.9774e-57,8.2448e-75,1.6604e-64,5.9518e-06,0.015763,0.091485,0.12904
595.1,5.5897e-57,1.4274e-74,2.7641e-64,6.3604e-06,0.016238,0.092777,0.12061
594.77,7.8549e-57,2.4705e-74,4.5998e-64,6.7958e-06,0.016723,0.093895,0.11248
594.44,1.1037e-56,4.2743e-74,7.6514e-64,7.2597e-06,0.017219,0.094833,0.10469
594.11,1.5507e-56,7.3937e-74,1.2725e-63,7.7541e-06,0.017726,0.095584,0.09722
593.77,2.1786e-56,1.2786e-73,2.1155e-63,8.2807e-06,0.018243,0.096144,0.090092
593.44,3.0606e-56,2.2106e-73,3.516e-63,8.8415e-06,0.018771,0.096507,0.083307
593.11,4.2992e-56,3.8206e-73,5.8416e-63,9.4386e-06,0.01931,0.096672,0.076867
592.77,6.0386e-56,6.6014e-73,9.702e-63,1.0074e-05,0.019859,0.096636,0.070771
592.44,8.4811e-56,1.1403e-72,1.6109e-62,1.0751e-05,0.020419,0.096399,0.065017
592.11,1.1911e-55,1.9692e-72,2.6737e-62,1.1471e-05,0.02099,0.095962,0.0596
591.78,1.6724e-55,3.3991e-72,4.4358e-62,1.2237e-05,0.021572,0.095326,0.054516
591.44,2.3483e-55,5.8663e-72,7.3574e-62,1.3052e-05,0.022165,0.094496,0.049755
591.11,3.297e-55,1.0121e-71,1.2199e-61,1.3918e-05,0.022768,0.093475,0.04531
590.78,4.6286e-55,1.7458e-71,2.022e-61,1.484e-05,0.023383,0.09227,0.041171
590.44,6.4975e-55,3.0102e-71,3.3504e-61,1.582e-05,0.024008,0.090886,0.037327
590.11,9.12e-55,5.1889e-71,5.5495e-61,1.6861e-05,0.024644,0.089333,0.033767
589.78,1.28e-54,8.9418e-71,9.1888e-61,1.7967e-05,0.02529,0.087618,0.030478
589.44,1.7963e-54,1.5404e-70,1.5209e-60,1.9143e-05,0.025947,0.085752,0.027448
589.11,2.5206e-54,2.6527e-70,2.5163e-60,2.0392e-05,0.026615,0.083745,0.024664
588.78,3.5366e-54,4.5669e-70,4.1621e-60,2.1718e-05,0.027293,0.081609,0.022112
588.45,4.9618e-54,7.8602e-70,6.8817e-60,2.3126e-05,0.027981,0.079354,0.019779
588.11,6.9608e-54,1.3524e-69,1.1374e-59,2.4621e-05,0.02868,0.076994,0.017653
587.78,9.764e-54,2.3262e-69,1.8793e-59,2.6208e-05,0.029389,0.074541,0.015719
587.45,1.3695e-53,3.9998e-69,3.104e-59,2.7892e-05,0.030107,0.072009,0.013965
587.11,1.9206e-53,6.8753e-69,5.1247e-59,2.9678e-05,0.030836,0.069409,0.012378
586.78,2.6933e-53,1.1814e-68,8.458e-59,3.1573e-05,0.031574,0.066756,0.010946
586.45,3.7763e-53,2.0293e-68,1.3953e-58,3.3582e-05,0.032322,0.064063,0.009658
586.11,5.2945e-53,3.4848e-68,2.3011e-58,3.5713e-05,0.033079,0.061342,0.0085015
585.78,7.4223e-53,5.9822e-68,3.7935e-58,3.7971e-05,0.033846,0.058605,0.0074661
585.45,1.0404e-52,1.0266e-67,6.2514e-58,4.0365e-05,0.034621,0.055865,0.0065415
585.11,1.4583e-52,1.7612e-67,1.0298e-57,4.2901e-05,0.035405,0.053135,0.0057181
584.78,2.0437e-52,3.0204e-67,1.6958e-57,4.5588e-05,0.036197,0.050424,0.0049865
584.45,2.8638e-52,5.1781e-67,2.7914e-57,4.8433e-05,0.036998,0.047743,0.0043383
584.12,4.0124e-52,8.8732e-67,4.5925e-57,5.1446e-05,0.037806,0.045103,0.0037656
583.78,5.6214e-52,1.5202e-66,7.5536e-57,5.4636e-05,0.038622,0.042511,0.0032607
583.45,7.8748e-52,2.6034e-66,1.2419e-56,5.8012e-05,0.039445,0.039978,0.0028167
583.12,1.103e-51,4.4571e-66,2.0411e-56,6.1584e-05,0.040276,0.037509,0.0024274
582.78,1.5448e-51,7.6279e-66,3.3531e-56,6.5364e-05,0.041113,0.035112,0.0020869
582.45,2.1634e-51,1.305e-65,5.5064e-56,6.9362e-05,0.041956,0.032792,0.0017899
582.12,3.0292e-51,2.2318e-65,9.0388e-56,7.359e-05,0.042806,0.030555,0.0015314
581.78,4.2412e-51,3.8155e-65,1.4831e-55,7.8059e-05,0.043661,0.028405,0.0013071
581.45,5.9369e-51,6.5199e-65,2.4324e-55,8.2783e-05,0.044521,0.026345,0.001113
581.12,8.3102e-51,1.1138e-64,3.9879e-55,8.7775e-05,0.045386,0.024377,0.00094537
580.79,1.1631e-50,1.9021e-64,6.5356e-55,9.305e-05,0.046255,0.022503,0.00080104
580.45,1.6276e-50,3.2472e-64,1.0706e-54,9.8622e-05,0.047128,0.020724,0.00067707
580.12,2.2775e-50,5.5412e-64,1.7531e-54,0.00010451,0.048005,0.019041,0.00057089
579.79,3.1864e-50,9.4525e-64,2.8695e-54,0.00011072,0.048885,0.017453,0.00048017
579.45,4.4575e-50,1.6119e-63,4.6948e-54,0.00011728,0.049767,0.01596,0.00040287
579.12,6.235e-50,2.7475e-63,7.6781e-54,0.0001242,0.050652,0.01456,0.00033718
578.79,8.7196e-50,4.6812e-63,1.255e-53,0.00013149,0.051538,0.013251,0.0002815
578.46,1.2193e-49,7.9733e-63,2.0507e-53,0.0001392,0.052425,0.01203,0.00023443
578.12,1.7049e-49,1.3576e-62,3.3495e-53,0.00014732,0.053313,0.010896,0.00019473
577.79,2.3835e-49,2.3105e-62,5.4685e-53,0.00015588,0.0542,0.0098447,0.00016135
577.46,3.3319e-49,3.931e-62,8.924e-53,0.0001649,0.055088,0.0088734,0.00013336
577.12,4.6569e-49,6.6851e-62,1.4557e-52,0.00017441,0.055974,0.0079786,0.00010994
576.79,6.5081e-49,1.1365e-61,2.3734e-52,0.00018443,0.056858,0.0071564,9.0409e-05
576.46,9.0939e-49,1.9312e-61,3.8681e-52,0.00019498,0.05774,0.0064033,7.4156e-05
576.12,1.2705e-48,3.2802e-61,6.3006e-52,0.0002061,0.058619,0.0057155,6.0671e-05
575.79,1.7748e-48,5.5695e-61,1.0259e-51,0.00021779,0.059495,0.0050889,4.951e-05
575.46,2.479e-48,9.4531e-61,1.6697e-51,0.00023011,0.060367,0.0045198,4.0298e-05
575.13,3.4621e-48,1.6038e-60,2.7164e-51,0.00024306,0.061234,0.0040043,3.2715e-05
574.79,4.8344e-48,2.7199e-60,4.417e-51,0.00025669,0.062096,0.0035389,2.649e-05
574.46,6.7497e-48,4.6108e-60,7.1791e-51,0.00027103,0.062951,0.0031197,2.1394e-05
574.13,9.4225e-48,7.813e-60,1.1663e-50,0.0002861,0.0638,0.0027433,1.7234e-05
573.79,1.3152e-47,1.3234e-59,1.8939e-50,0.00030194,0.064642,0.0024062,1.3846e-05
573.46,1.8354e-47,2.2404e-59,3.0736e-50,0.00031859,0.065476,0.0021053,1.1095e-05
573.13,2.5611e-47,3.7917e-59,4.9864e-50,0.00033609,0.066301,0.0018373,8.8673e-06
572.79,3.5733e-47,6.4142e-59,8.0857e-50,0.00035446,0.067118,0.0015994,7.068e-06
572.46,4.9847e-47,1.0846e-58,1.3105e-49,0.00037376,0.067924,0.0013887,5.6189e-06
572.13,6.9527e-47,1.8333e-58,2.1231e-49,0.00039401,0.06872,0.0012027,4.455e-06
571.79,9.6962e-47,3.0974e-58,3.4377e-49,0.00041528,0.069504,0.0010389,3.5228e-06
571.46,1.352e-46,5.2307e-58,5.5638e-49,0.00043759,0.070277,0.00089516,2.7782e-06
571.13,1.8848e-46,8.8289e-58,8.9996e-49,0.00046098,0.071036,0.00076931,2.1852e-06
570.8,2.6274e-46,1.4897e-57,1.4551e-48,0.00048553,0.071783,0.00065942,1.714e-06
570.46,3.662e-46,2.5125e-57,2.3516e-48,0.00051126,0.072516,0.00056376,1.3409e-06
570.13,5.1031e-46,4.2357e-57,3.7986e-48,0.00053823,0.073234,0.00048072,1.0461e-06
569.8,7.1103e-46,7.1373e-57,6.1328e-48,0.0005665,0.073937,0.00040884,8.1388e-07
569.46,9.9054e-46,1.2022e-56,9.8965e-48,0.0005961,0.074625,0.00034679,6.3149e-07
569.13,1.3797e-45,2.0239e-56,1.5962e-47,0.00062712,0.075295,0.00029338,4.8864e-07
568.8,1.9215e-45,3.4058e-56,2.5732e-47,0.00065958,0.075949,0.00024755,3.7706e-07
568.47,2.6754e-45,5.7281e-56,4.1457e-47,0.00069356,0.076584,0.00020832,2.9017e-07
568.13,3.7248e-45,9.6305e-56,6.6764e-47,0.00072913,0.077202,0.00017484,2.2268e-07
567.8,5.1849e-45,1.6184e-55,1.0746e-46,0.00076634,0.0778,0.00014635,1.7041e-07
567.47,7.2162e-45,2.7184e-55,1.7289e-46,0.00080525,0.078379,0.00012217,1.3004e-07
567.13,1.0042e-44,4.564e-55,2.7799e-46,0.00084594,0.078937,0.00010172,9.8965e-08
566.8,1.3971e-44,7.659e-55,4.4677e-46,0.00088847,0.079475,8.4457e-05,7.5102e-08
566.47,1.9435e-44,1.2847e-54,7.1764e-46,0.00093292,0.079991,6.9935e-05,5.6832e-08
566.13,2.7031e-44,2.1538e-54,1.1521e-45,0.00097935,0.080485,5.7753e-05,4.2886e-08
565.8,3.7587e-44,3.6089e-54,1.8485e-45,0.0010278,0.080957,4.7565e-05,3.2272e-08
565.47,5.226e-44,6.0447e-54,2.9645e-45,0.0010785,0.081406,3.9066e-05,2.4214e-08
565.14,7.2648e-44,1.012e-53,4.7518e-45,0.0011313,0.081831,3.1997e-05,1.8117e-08
564.8,1.0097e-43,1.6933e-53,7.6125e-45,0.0011865,0.082232,2.6135e-05,1.3516e-08
564.47,1.4032e-43,2.8321e-53,1.2189e-44,0.001244,0.082609,2.1288e-05,1.0055e-08
564.14,1.9496e-43,4.7344e-53,1.9505e-44,0.001304,0.082961,1.7292e-05,7.4584e-09
563.8,2.7083e-43,7.9105e-53,3.1197e-44,0.0013665,0.083288,1.4007e-05,5.5164e-09
563.47,3.7615e-43,1.3211e-52,4.987e-44,0.0014317,0.083589,1.1315e-05,4.0682e-09
563.14,5.2232e-43,2.2049e-52,7.9668e-44,0.0014996,0.083863,9.1143e-06,2.9917e-09
562.8,7.2519e-43,3.6785e-52,1.2721e-43,0.0015704,0.084112,7.321e-06,2.1935e-09
562.47,1.0067e-42,6.134e-52,2.0301e-43,0.001644,0.084333,5.864e-06,1.6035e-09
562.14,1.3972e-42,1.0223e-51,3.238e-43,0.0017207,0.084527,4.6836e-06,1.1688e-09
561.8,1.9388e-42,1.703e-51,5.1617e-43,0.0018005,0.084694,3.7302e-06,8.4944e-10
561.47,2.6898e-42,2.8354e-51,8.2235e-43,0.0018836,0.084833,2.9625e-06,6.155e-10
561.14,3.7311e-42,4.7184e-51,1.3094e-42,0.0019699,0.084945,2.346e-06,4.4468e-10
560.81,5.1745e-42,7.8477e-51,2.0837e-42,0.0020597,0.085028,1.8525e-06,3.203e-10
560.47,7.1745e-42,1.3045e-50,3.3138e-42,0.002153,0.085083,1.4586e-06,2.3004e-10
560.14,9.9463e-42,2.1673e-50,5.2674e-42,0.0022499,0.085109,1.1452e-06,1.6471e-10
559.81,1.3786e-41,3.599e-50,8.3677e-42,0.0023506,0.085107,8.9646e-07,1.1758e-10
559.47,1.9105e-41,5.9734e-50,1.3285e-41,0.0024552,0.085076,6.9972e-07,8.368e-11
559.14,2.647e-41,9.9089e-50,2.108e-41,0.0025638,0.085016,5.4457e-07,5.9374e-11
558.81,3.6667e-41,1.6428e-49,3.3429e-41,0.0026764,0.084927,4.2258e-07,4.2001e-11
558.47,5.0782e-41,2.7222e-49,5.298e-41,0.0027933,0.08481,3.2696e-07,2.9621e-11
558.14,7.0318e-41,4.5084e-49,8.3916e-41,0.0029145,0.084664,2.5222e-07,2.0826e-11
557.81,9.7343e-41,7.4618e-49,1.3283e-40,0.0030401,0.084489,1.9401e-07,1.4598e-11
557.48,1.3474e-40,1.2344e-48,2.1013e-40,0.0031703,0.084285,1.4878e-07,1.0201e-11
557.14,1.8645e-40,2.041e-48,3.3223e-40,0.0033052,0.084053,1.1375e-07,7.1059e-12
556.81,2.5797e-40,3.3727e-48,5.2495e-40,0.0034448,0.083792,8.6716e-08,4.9347e-12
556.48,3.5684e-40,5.5703e-48,8.2896e-40,0.0035895,0.083503,6.5905e-08,3.4163e-12
556.14,4.9351e-40,9.1946e-48,1.3082e-39,0.0037391,0.083186,4.9939e-08,2.3577e-12
555.81,6.8237e-40,1.5168e-47,2.0633e-39,0.003894,0.082841,3.7726e-08,1.622e-12
555.48,9.4324e-40,2.5007e-47,3.2519e-39,0.0040541,0.082468,2.8416e-08,1.1125e-12
555.15,1.3037e-39,4.1207e-47,5.1223e-39,0.0042197,0.082068,2.1337e-08,7.6057e-13
554.81,1.8014e-39,6.7863e-47,8.0637e-39,0.0043908,0.081641,1.5972e-08,5.1832e-13
554.48,2.4887e-39,1.117e-46,1.2686e-38,0.0045676,0.081188,1.192e-08,3.5211e-13
554.15,3.4373e-39,1.8374e-46,1.9945e-38,0.0047502,0.080708,8.8687e-09,2.3845e-13
553.81,4.7467e-39,3.0207e-46,3.1338e-38,0.0049387,0.080202,6.578e-09,1.6095e-13
553.48,6.5532e-39,4.9631e-46,4.9207e-38,0.0051333,0.079671,4.864e-09,1.083e-13
553.15,9.0454e-39,8.1499e-46,7.7216e-38,0.005334,0.079114,3.5854e-09,7.2635e-14
552.81,1.2482e-38,1.3373e-45,1.2108e-37,0.0055409,0.078533,2.6349e-09,4.8562e-14
552.48,1.7221e-38,2.1934e-45,1.8975e-37,0.0057543,0.077928,1.9302e-09,3.236e-14
552.15,2.3754e-38,3.5953e-45,2.9717e-37,0.0059742,0.0773,1.4095e-09,2.1494e-14
551.82,3.2757e-38,5.8897e-45,4.651e-37,0.0062007,0.076648,1.0261e-09,1.423e-14
551.48,4.5163e-38,9.6423e-45,7.2745e-37,0.006434,0.075974,7.4457e-10,9.3899e-15
551.15,6.2253e-38,1.5776e-44,1.137e-36,0.0066741,0.075278,5.3861e-10,6.176e-15
550.82,8.579e-38,2.5797e-44,1.776e-36,0.0069212,0.074561,3.8837e-10,4.0487e-15
550.48,1.182e-37,4.2155e-44,2.7722e-36,0.0071753,0.073823,2.7915e-10,2.6454e-15
550.15,1.628e-37,6.8839e-44,4.3239e-36,0.0074365,0.073065,2.0002e-10,1.7229e-15
549.82,2.2419e-37,1.1235e-43,6.7401e-36,0.0077051,0.072289,1.4285e-10,1.1183e-15
549.48,3.0867e-37,1.8326e-43,1.0499e-35,0.007981,0.071493,1.0169e-10,7.234e-16
549.15,4.2487e-37,2.9872e-43,1.6344e-35,0.0082643,0.07068,7.216e-11,4.664e-16
548.82,5.8467e-37,4.8663e-43,2.5426e-35,0.0085551,0.069849,5.1038e-11,2.997e-16
548.48,8.0436e-37,7.9222e-43,3.9524e-35,0.0088536,0.069002,3.5982e-11,1.9193e-16
548.15,1.1064e-36,1.2889e-42,6.1399e-35,0.0091597,0.068139,2.5284e-11,1.225e-16
547.82,1.5214e-36,2.0957e-42,9.5315e-35,0.0094735,0.067262,1.7708e-11,7.7919e-17
547.49,2.0914e-36,3.4048e-42,1.4785e-34,0.0097951,0.06637,1.2363e-11,4.9398e-17
547.15,2.8744e-36,5.5287e-42,2.2919e-34,0.010125,0.065465,8.602e-12,3.1208e-17
546.82,3.9496e-36,8.9716e-42,3.5503e-34,0.010462,0.064547,5.9654e-12,1.9648e-17
546.49,5.4257e-36,1.4549e-41,5.4958e-34,0.010807,0.063617,4.1232e-12,1.2328e-17
546.15,7.4515e-36,2.3578e-41,8.5012e-34,0.011161,0.062677,2.8404e-12,7.7083e-18
545.82,1.0231e-35,3.8186e-41,1.3141e-33,0.011522,0.061726,1.9502e-12,4.8031e-18
545.49,1.4044e-35,6.18e-41,2.0297e-33,0.011892,0.060766,1.3345e-12,2.9825e-18
545.15,1.9272e-35,9.9953e-41,3.1329e-33,0.012269,0.059797,9.101e-13,1.8455e-18
544.82,2.6439e-35,1.6154e-40,4.8317e-33,0.012654,0.05882,6.1862e-13,1.1381e-18
544.49,3.6263e-35,2.6091e-40,7.4468e-33,0.013048,0.057837,4.1904e-13,6.9931e-19
544.16,4.9724e-35,4.2112e-40,1.1469e-32,0.01345,0.056847,2.8289e-13,4.2819e-19
543.82,6.8165e-35,6.7925e-40,1.765e-32,0.013859,0.055852,1.9032e-13,2.6126e-19
543.49,9.3419e-35,1.0948e-39,2.7142e-32,0.014277,0.054852,1.2761e-13,1.5884e-19
543.16,1.28e-34,1.7635e-39,4.1707e-32,0.014702,0.053849,8.5263e-14,9.6228e-20
542.82,1.7532e-34,2.8386e-39,6.4041e-32,0.015135,0.052843,5.6774e-14,5.8089e-20
542.49,2.4006e-34,4.5653e-39,9.8252e-32,0.015576,0.051834,3.7677e-14,3.4944e-20
542.16,3.2864e-34,7.3381e-39,1.5064e-31,0.016025,0.050824,2.4915e-14,2.0944e-20
541.83,4.4978e-34,1.1787e-38,2.3077e-31,0.016482,0.049814,1.6418e-14,1.2507e-20
541.49,6.1541e-34,1.8918e-38,3.5327e-31,0.016946,0.048803,1.0781e-14,7.4422e-21
541.16,8.4177e-34,3.0343e-38,5.4036e-31,0.017417,0.047794,7.055e-15,4.4123e-21
540.83,1.1511e-33,4.8633e-38,8.2591e-31,0.017896,0.046786,4.6003e-15,2.6064e-21
540.49,1.5736e-33,7.7892e-38,1.2614e-30,0.018382,0.04578,2.9892e-15,1.534e-21
540.16,2.1506e-33,1.2466e-37,1.9249e-30,0.018874,0.044778,1.9354e-15,8.9957e-22
539.83,2.9382e-33,1.9935e-37,2.9349e-30,0.019374,0.043779,1.2488e-15,5.2564e-22
539.49,4.0132e-33,3.1858e-37,4.4717e-30,0.01988,0.042784,8.0279e-16,3.0597e-22
539.16,5.4801e-33,5.0876e-37,6.8078e-30,0.020393,0.041795,5.1425e-16,1.7745e-22
538.83,7.4808e-33,8.1185e-37,1.0356e-29,0.020912,0.040811,3.2823e-16,1.0253e-22
538.5,1.0209e-32,1.2945e-36,1.5741e-29,0.021437,0.039834,2.0875e-16,5.9021e-23
538.16,1.3928e-32,2.0627e-36,2.3906e-29,0.021968,0.038863,1.3228e-16,3.3848e-23
537.83,1.8996e-32,3.2841e-36,3.6278e-29,0.022504,0.0379,8.3518e-17,1.9339e-23
537.5,2.59e-32,5.2249e-36,5.5008e-29,0.023046,0.036945,5.254e-17,1.1008e-23
537.16,3.5301e-32,8.3056e-36,8.3333e-29,0.023593,0.035999,3.2934e-17,6.2424e-24
536.83,4.8102e-32,1.3194e-35,1.2615e-28,0.024144,0.035062,2.0567e-17,3.5264e-24
536.5,6.5526e-32,2.0943e-35,1.908e-28,0.0247,0.034135,1.2797e-17,1.9845e-24
536.16,8.9234e-32,3.3217e-35,2.8836e-28,0.02526,0.033217,7.9328e-18,1.1125e-24
535.83,1.2148e-31,5.2644e-35,4.3542e-28,0.025824,0.032311,4.8994e-18,6.2131e-25
535.5,1.6533e-31,8.3368e-35,6.5693e-28,0.026391,0.031415,3.0147e-18,3.4565e-25
535.16,2.2494e-31,1.3192e-34,9.9031e-28,0.026961,0.030531,1.8481e-18,1.9155e-25
534.83,3.0594e-31,2.0858e-34,1.4916e-27,0.027534,0.029658,1.1287e-18,1.0575e-25
534.5,4.1595e-31,3.2951e-34,2.2445e-27,0.028109,0.028798,6.868e-19,5.8156e-26
534.17,5.6537e-31,5.2017e-34,3.3749e-27,0.028687,0.027951,4.1631e-19,3.1856e-26
533.83,7.6823e-31,8.205e-34,5.0702e-27,0.029265,0.027116,2.5139e-19,1.7381e-26
533.5,1.0435e-30,1.2932e-33,7.6105e-27,0.029845,0.026295,1.5123e-19,9.4465e-27
533.17,1.417e-30,2.0365e-33,1.1414e-26,0.030426,0.025487,9.0631e-20,5.1138e-27
532.83,1.9236e-30,3.2046e-33,1.7102e-26,0.031007,0.024692,5.4106e-20,2.7575e-27
532.5,2.6103e-30,5.0384e-33,2.5604e-26,0.031587,0.023912,3.2178e-20,1.481e-27
532.17,3.5411e-30,7.9151e-33,3.8297e-26,0.032167,0.023146,1.9063e-20,7.9227e-28
531.84,4.802e-30,1.2423e-32,5.7229e-26,0.032745,0.022394,1.1251e-20,4.2218e-28
531.5,6.5099e-30,1.9484e-32,8.545e-26,0.033322,0.021657,6.6141e-21,2.2405e-28
531.17,8.8223e-30,3.0533e-32,1.2747e-25,0.033897,0.020935,3.8731e-21,1.1843e-28
530.84,1.1952e-29,4.7807e-32,1.8999e-25,0.034469,0.020227,2.2592e-21,6.2344e-29
530.5,1.6187e-29,7.479e-32,2.8291e-25,0.035037,0.019534,1.3126e-21,3.2688e-29
530.17,2.1914e-29,1.1691e-31,4.209e-25,0.035602,0.018856,7.5966e-22,1.7069e-29
529.84,2.9658e-29,1.8258e-31,6.2562e-25,0.036163,0.018194,4.3792e-22,8.8772e-30
529.5,4.0122e-29,2.8488e-31,9.2899e-25,0.036719,0.017546,2.5147e-22,4.5984e-30
529.17,5.4262e-29,4.4417e-31,1.3783e-24,0.03727,0.016914,1.4382e-22,2.372e-30
528.84,7.336e-29,6.9191e-31,2.043e-24,0.037814,0.016297,8.1925e-23,1.2185e-30
528.51,9.9145e-29,1.0769e-30,3.0256e-24,0.038352,0.015695,4.6481e-23,6.2338e-31
528.17,1.3394e-28,1.6746e-30,4.4763e-24,0.038884,0.015108,2.6266e-23,3.176e-31
527.84,1.8089e-28,2.6018e-30,6.6167e-24,0.039407,0.014536,1.4783e-23,1.6114e-31
527.51,2.4421e-28,4.0389e-30,9.7711e-24,0.039923,0.013979,8.2868e-24,8.1416e-32
527.17,3.2957e-28,6.2642e-30,1.4416e-23,0.04043,0.013437,4.6264e-24,4.0964e-32
526.84,4.4458e-28,9.706e-30,2.1246e-23,0.040927,0.01291,2.5727e-24,2.0527e-32
526.51,5.9955e-28,1.5027e-29,3.1286e-23,0.041415,0.012397,1.4246e-24,1.0242e-32
526.17,8.0823e-28,2.3243e-29,4.6025e-23,0.041892,0.011899,7.8567e-25,5.0883e-33
525.84,1.0891e-27,3.5921e-29,6.7642e-23,0.042359,0.011416,4.3151e-25,2.5173e-33
525.51,1.4671e-27,5.5461e-29,9.9316e-23,0.042814,0.010947,2.3603e-25,1.2401e-33
525.17,1.9756e-27,8.5554e-29,1.4568e-22,0.043257,0.010492,1.2857e-25,6.0828e-34
524.84,2.6593e-27,1.3185e-28,2.1348e-22,0.043687,0.010051,6.9741e-26,2.971e-34
524.51,3.5782e-27,2.0303e-28,3.1252e-22,0.044105,0.0096239,3.7674e-26,1.4449e-34
524.18,4.8125e-27,3.1229e-28,4.5703e-22,0.044508,0.0092105,2.0269e-26,6.9975e-35
523.84,6.4705e-27,4.7997e-28,6.6775e-22,0.044898,0.0088104,1.0858e-26,3.3738e-35
523.51,8.6965e-27,7.3699e-28,9.7464e-22,0.045273,0.0084234,5.792e-27,1.6196e-35
523.18,1.1684e-26,1.1306e-27,1.4212e-21,0.045633,0.0080495,3.0767e-27,7.741e-36
522.84,1.5691e-26,1.7327e-27,2.0701e-21,0.045977,0.0076883,1.6274e-27,3.6838e-36
522.51,2.1064e-26,2.653e-27,3.0124e-21,0.046305,0.0073397,8.5715e-28,1.7454e-36
522.18,2.8266e-26,4.0582e-27,4.3792e-21,0.046617,0.0070033,4.4954e-28,8.2331e-37
521.84,3.7915e-26,6.2018e-27,6.3595e-21,0.046912,0.0066789,2.3475e-28,3.8665e-37
521.51,5.0835e-26,9.4678e-27,9.2253e-21,0.047189,0.0063665,1.2208e-28,1.808e-37
521.18,6.8135e-26,1.4441e-26,1.337e-20,0.047449,0.0060654,6.3207e-29,8.4162e-38
520.85,9.1285e-26,2.2005e-26,1.9355e-20,0.04769,0.0057757,3.2583e-29,3.9001e-38
520.51,1.2225e-25,3.3498e-26,2.7992e-20,0.047913,0.005497,1.6724e-29,1.7993e-38
520.18,1.6366e-25,5.0944e-26,4.0441e-20,0.048117,0.005229,8.5464e-30,8.2633e-39
519.85,2.19e-25,7.7399e-26,5.8364e-20,0.048302,0.0049716,4.3484e-30,3.778e-39
519.51,2.9292e-25,1.1748e-25,8.414e-20,0.048467,0.0047243,2.2028e-30,1.7195e-39
519.18,3.9165e-25,1.7813e-25,1.2117e-19,0.048613,0.0044871,1.111e-30,7.7906e-40
518.85,5.234e-25,2.698e-25,1.7431e-19,0.048738,0.0042595,5.5793e-31,3.5142e-40
518.52,6.9923e-25,4.0828e-25,2.5049e-19,0.048844,0.0040414,2.7891e-31,1.5777e-40
518.18,9.3371e-25,6.172e-25,3.5958e-19,0.048928,0.0038324,1.3881e-31,7.0508e-41
517.85,1.2463e-24,9.3208e-25,5.1562e-19,0.048992,0.0036322,6.8777e-32,3.1365e-41
517.52,1.6629e-24,1.4062e-24,7.3857e-19,0.049035,0.0034408,3.3924e-32,1.3888e-41
517.18,2.2177e-24,2.1193e-24,1.0568e-18,0.049058,0.0032576,1.6658e-32,6.1213e-42
516.85,2.9563e-24,3.1906e-24,1.5104e-18,0.049059,0.0030826,8.1432e-33,2.6855e-42
516.52,3.9393e-24,4.7987e-24,2.1564e-18,0.049038,0.0029154,3.9626e-33,1.1726e-42
516.18,5.2466e-24,7.2091e-24,3.075e-18,0.048997,0.0027559,1.9198e-33,5.0973e-43
515.85,6.985e-24,1.082e-23,4.3805e-18,0.048934,0.0026036,9.2575e-34,2.205e-43
515.52,9.2953e-24,1.6222e-23,6.233e-18,0.048851,0.0024584,4.4438e-34,9.4938e-44
515.18,1.2364e-23,2.4295e-23,8.8592e-18,0.048745,0.0023201,2.1233e-34,4.0683e-44
514.85,1.6439e-23,3.6349e-23,1.2578e-17,0.048619,0.0021883,1.0099e-34,1.735e-44
514.52,2.1848e-23,5.4324e-23,1.7837e-17,0.048472,0.0020629,4.7809e-35,7.3646e-45
514.19,2.9022e-23,8.1101e-23,2.5266e-17,0.048303,0.0019436,2.2529e-35,3.111e-45
513.85,3.8533e-23,1.2094e-22,3.5746e-17,0.048114,0.0018302,1.0569e-35,1.3082e-45
513.52,5.114e-23,1.8016e-22,5.0519e-17,0.047904,0.0017225,4.9341e-36,5.4732e-46
513.19,6.7842e-23,2.6809e-22,7.1314e-17,0.047673,0.0016202,2.2927e-36,2.2789e-46
512.85,8.9956e-23,3.9851e-22,1.0055e-16,0.047423,0.0015231,1.0604e-36,9.4431e-47
512.52,1.1922e-22,5.9171e-22,1.4161e-16,0.047152,0.0014311,4.8812e-37,3.894e-47
512.19,1.5794e-22,8.7762e-22,1.992e-16,0.046861,0.0013439,2.2363e-37,1.5979e-47
511.86,2.0913e-22,1.3002e-21,2.7988e-16,0.046551,0.0012612,1.0197e-37,6.5254e-48
511.52,2.7678e-22,1.9242e-21,3.9279e-16,0.046222,0.001183,4.6275e-38,2.6515e-48
511.19,3.6614e-22,2.8443e-21,5.5057e-16,0.045875,0.001109,2.0899e-38,1.0722e-48
510.86,4.8413e-22,4.1999e-21,7.7083e-16,0.045508,0.001039,9.3936e-39,4.3138e-49
510.52,6.3982e-22,6.1943e-21,1.0779e-15,0.045124,0.00097293,4.2021e-39,1.7272e-49
510.19,8.4519e-22,9.1258e-21,1.5055e-15,0.044723,0.00091051,1.8705e-39,6.8805e-50
509.86,1.1159e-21,1.3429e-20,2.1001e-15,0.044304,0.0008516,8.2863e-40,2.7273e-50
509.52,1.4727e-21,1.9739e-20,2.9261e-15,0.043868,0.00079604,3.653e-40,1.0757e-50
509.19,1.9426e-21,2.898e-20,4.0718e-15,0.043417,0.00074368,1.6026e-40,4.2214e-51
508.86,2.5611e-21,4.2499e-20,5.6594e-15,0.042949,0.00069436,6.9962e-41,1.6482e-51
508.52,3.3749e-21,6.2252e-20,7.8564e-15,0.042467,0.00064793,3.0391e-41,6.4026e-52
508.19,4.4451e-21,9.1079e-20,1.0893e-14,0.04197,0.00060425,1.3137e-41,2.4746e-52
507.86,5.8517e-21,1.3309e-19,1.5083e-14,0.041459,0.00056318,5.651e-42,9.5164e-53
507.53,7.6997e-21,1.9427e-19,2.086e-14,0.040935,0.0005246,2.4185e-42,3.6406e-53
507.19,1.0126e-20,2.8323e-19,2.8814e-14,0.040398,0.00048837,1.0299e-42,1.3856e-53
506.86,1.331e-20,4.1243e-19,3.9749e-14,0.039849,0.00045437,4.3643e-43,5.2467e-54
506.53,1.7487e-20,5.9984e-19,5.4765e-14,0.039288,0.00042248,1.8401e-43,1.9766e-54
506.19,2.2963e-20,8.7138e-19,7.5359e-14,0.038716,0.0003926,7.719e-44,7.4069e-55
505.86,3.0137e-20,1.2643e-18,1.0356e-13,0.038134,0.00036461,3.2216e-44,2.7612e-55
505.53,3.9534e-20,1.8322e-18,1.4214e-13,0.037542,0.00033841,1.3378e-44,1.024e-55
505.2,5.1831e-20,2.6519e-18,1.9484e-13,0.036941,0.00031391,5.5275e-45,3.778e-56
504.86,6.7919e-20,3.8337e-18,2.6673e-13,0.036332,0.000291,2.2719e-45,1.3864e-56
504.53,8.8956e-20,5.5354e-18,3.6467e-13,0.035715,0.0002696,9.2906e-46,5.0609e-57
504.2,1.1645e-19,7.9825e-18,4.9792e-13,0.035091,0.00024962,3.7796e-46,1.8377e-57
503.86,1.5235e-19,1.1497e-17,6.7895e-13,0.034461,0.00023098,1.5299e-46,6.638e-58
503.53,1.9921e-19,1.6538e-17,9.246e-13,0.033825,0.0002136,6.1598e-47,2.3848e-58
503.2,2.6036e-19,2.376e-17,1.2575e-12,0.033184,0.00019741,2.4673e-47,8.5216e-59
502.86,3.4009e-19,3.4093e-17,1.7079e-12,0.032539,0.00018233,9.8309e-48,3.0288e-59
502.53,4.4398e-19,4.8856e-17,2.3165e-12,0.03189,0.00016829,3.8971e-48,1.0708e-59
502.2,5.7931e-19,6.9925e-17,3.1378e-12,0.031238,0.00015524,1.5366e-48,3.7651e-60
501.86,7.5548e-19,9.9953e-17,4.2446e-12,0.030584,0.00014311,6.0268e-49,1.3166e-60
501.53,9.8467e-19,1.4269e-16,5.7339e-12,0.029928,0.00013185,2.3513e-49,4.5792e-61
501.2,1.2827e-18,2.0343e-16,7.7351e-12,0.029271,0.0001214,9.1259e-50,1.5841e-61
500.87,1.6699e-18,2.8967e-16,1.0421e-11,0.028614,0.0001117,3.5227e-50,5.4495e-62
500.53,2.1729e-18,4.1193e-16,1.402e-11,0.027956,0.00010271,1.3525e-50,1.8644e-62
500.2,2.8258e-18,5.8499e-16,1.8835e-11,0.0273,9.4389e-05,5.1656e-51,6.3438e-63
499.87,3.6727e-18,8.2971e-16,2.527e-11,0.026645,8.6683e-05,1.9621e-51,2.1464e-63
499.53,4.7708e-18,1.1752e-15,3.3855e-11,0.025992,7.9556e-05,7.4128e-52,7.2223e-64
499.2,6.1938e-18,1.6625e-15,4.5294e-11,0.025342,7.2967e-05,2.7853e-52,2.4166e-64
498.87,8.0363e-18,2.3485e-15,6.0512e-11,0.024695,6.688e-05,1.041e-52,8.0415e-65
498.54,1.0421e-17,3.3132e-15,8.073e-11,0.024052,6.1261e-05,3.8689e-53,2.6606e-65
498.2,1.3506e-17,4.668e-15,1.0755e-10,0.023413,5.6078e-05,1.4301e-53,8.7537e-66
497.87,1.7493e-17,6.5678e-15,1.4308e-10,0.022778,5.1299e-05,5.257e-54,2.8637e-66
497.54,2.2645e-17,9.2281e-15,1.9006e-10,0.022149,4.6897e-05,1.922e-54,9.3163e-67
497.2,2.9296e-17,1.2949e-14,2.5212e-10,0.021526,4.2845e-05,6.9873e-55,3.0133e-67
496.87,3.7879e-17,1.8144e-14,3.3395e-10,0.020909,3.9116e-05,2.5262e-55,9.6908e-68
496.54,4.8946e-17,2.5389e-14,4.417e-10,0.020298,3.5688e-05,9.0823e-56,3.0987e-68
496.2,6.3209e-17,3.5478e-14,5.8336e-10,0.019695,3.2539e-05,3.2473e-56,9.8522e-69
495.87,8.158e-17,4.9507e-14,7.6933e-10,0.019099,2.9648e-05,1.1544e-56,3.1141e-69
495.54,1.0523e-16,6.8988e-14,1.0131e-09,0.018511,2.6995e-05,4.081e-57,9.7862e-70
495.2,1.3565e-16,9.5999e-14,1.3321e-09,0.017931,2.4564e-05,1.4345e-57,3.0576e-70
494.87,1.7475e-16,1.3339e-13,1.749e-09,0.017359,2.2336e-05,5.0144e-58,9.4982e-71
494.54,2.2499e-16,1.851e-13,2.293e-09,0.016797,2.0296e-05,1.7426e-58,2.933e-71
494.21,2.8949e-16,2.5648e-13,3.0016e-09,0.016243,1.843e-05,6.0215e-59,9.0036e-72
493.87,3.7225e-16,3.5488e-13,3.9232e-09,0.015699,1.6725e-05,2.0688e-59,2.7478e-72
493.54,4.7837e-16,4.9032e-13,5.12e-09,0.015165,1.5166e-05,7.0675e-60,8.3368e-73
493.21,6.1437e-16,6.7648e-13,6.672e-09,0.01464,1.3743e-05,2.4003e-60,2.5142e-73
492.87,7.8854e-16,9.3197e-13,8.681e-09,0.014126,1.2446e-05,8.1045e-61,7.5369e-74
492.54,1.0114e-15,1.2821e-12,1.1278e-08,0.013622,1.1262e-05,2.7207e-61,2.246e-74
492.21,1.2965e-15,1.7611e-12,1.4628e-08,0.013128,1.0185e-05,9.0806e-62,6.6534e-75
491.88,1.6608e-15,2.4156e-12,1.8945e-08,0.012645,9.2036e-06,3.0127e-62,1.9589e-75
491.54,2.1262e-15,3.3085e-12,2.4498e-08,0.012173,8.3111e-06,9.9369e-63,5.7327e-76
491.21,2.7203e-15,4.5246e-12,3.1629e-08,0.011711,7.4999e-06,3.2582e-63,1.6675e-76
490.88,3.4779e-15,6.1783e-12,4.0771e-08,0.011261,6.7632e-06,1.0621e-63,4.8216e-77
490.54,4.4438e-15,8.4242e-12,5.2473e-08,0.010821,6.0944e-06,3.4415e-64,1.3854e-77
490.21,5.6742e-15,1.1469e-11,6.7428e-08,0.010393,5.4878e-06,1.1084e-64,3.9567e-78
489.88,7.2404e-15,1.5591e-11,8.6506e-08,0.0099756,4.9381e-06,3.5487e-65,1.123e-78
489.54,9.2327e-15,2.1162e-11,1.108e-07,0.0095694,4.4403e-06,1.1295e-65,3.1684e-79
489.21,1.1766e-14,2.868e-11,1.417e-07,0.0091743,3.9898e-06,3.5729e-66,8.8822e-80
488.88,1.4983e-14,3.8809e-11,1.8092e-07,0.0087902,3.5823e-06,1.1233e-66,2.4746e-80
488.54,1.9068e-14,5.2435e-11,2.3062e-07,0.0084172,3.2142e-06,3.5105e-67,6.8513e-81
488.21,2.4249e-14,7.0733e-11,2.935e-07,0.0080552,2.8818e-06,1.0905e-67,1.8853e-81
487.88,3.0819e-14,9.5272e-11,3.7291e-07,0.0077041,2.5818e-06,3.3665e-68,5.1547e-82
487.55,3.9141e-14,1.2812e-10,4.7303e-07,0.0073638,2.3114e-06,1.0329e-68,1.4005e-82
487.21,4.9676e-14,1.7203e-10,5.9904e-07,0.0070343,2.0678e-06,3.1496e-69,3.781e-83
486.88,6.3001e-14,2.3062e-10,7.5736e-07,0.0067155,1.8485e-06,9.5459e-70,1.0144e-83
486.55,7.9847e-14,3.0868e-10,9.5593e-07,0.0064072,1.6512e-06,2.8751e-70,2.7042e-84
486.21,1.0113e-13,4.125e-10,1.2046e-06,0.0061092,1.4739e-06,8.605e-71,7.1622e-85
485.88,1.2799e-13,5.5035e-10,1.5153e-06,0.0058216,1.3146e-06,2.5597e-71,1.8851e-85
485.55,1.6187e-13,7.331e-10,1.903e-06,0.0055441,1.1717e-06,7.5657e-72,4.9289e-86
485.21,2.0458e-13,9.7496e-10,2.3858e-06,0.0052765,1.0435e-06,2.2222e-72,1.2805e-86
484.88,2.5837e-13,1.2945e-09,2.9861e-06,0.0050186,9.2865e-07,6.4859e-73,3.305e-87
484.55,3.2606e-13,1.716e-09,3.7309e-06,0.0047705,8.2581e-07,1.8812e-73,8.476e-88
484.22,4.112e-13,2.271e-09,4.6536e-06,0.0045317,7.3379e-07,5.4212e-74,2.1593e-88
483.88,5.182e-13,3.0006e-09,5.7945e-06,0.0043021,6.5153e-07,1.5524e-74,5.4653e-89
483.55,6.5257e-13,3.9581e-09,7.2027e-06,0.0040816,5.7804e-07,4.4166e-75,1.3741e-89
483.22,8.2116e-13,5.2122e-09,8.9373e-06,0.00387,5.1245e-07,1.2486e-75,3.4326e-90
482.88,1.0326e-12,6.8526e-09,1.1071e-05,0.0036669,4.5395e-07,3.5069e-76,8.5172e-91
482.55,1.2975e-12,8.9941e-09,1.3689e-05,0.0034723,4.0182e-07,9.786e-77,2.0993e-91
482.22,1.6291e-12,1.1785e-08,1.6896e-05,0.0032859,3.5539e-07,2.7131e-77,5.14e-92
481.89,2.0439e-12,1.5415e-08,2.0819e-05,0.0031075,3.1409e-07,7.4737e-78,1.2502e-92
481.55,2.5625e-12,2.0131e-08,2.5606e-05,0.0029369,2.7736e-07,2.0451e-78,3.0201e-93
481.22,3.2102e-12,2.6244e-08,3.1438e-05,0.0027738,2.4474e-07,5.5593e-79,7.2467e-94
480.89,4.0186e-12,3.4154e-08,3.8529e-05,0.0026181,2.1578e-07,1.5013e-79,1.7271e-94
480.55,5.0267e-12,4.4371e-08,4.7133e-05,0.0024695,1.901e-07,4.0281e-80,4.0889e-95
480.22,6.283e-12,5.7546e-08,5.7556e-05,0.0023278,1.6734e-07,1.0734e-80,9.613e-96
479.89,7.8472e-12,7.4505e-08,7.0155e-05,0.0021928,1.4719e-07,2.8416e-81,2.2446e-96
479.55,9.7932e-12,9.6291e-08,8.5356e-05,0.0020642,1.2936e-07,7.4723e-82,5.2055e-97
479.22,1.2212e-11,1.2423e-07,0.00010366,0.0019419,1.136e-07,1.9519e-82,1.199e-97
478.89,1.5217e-11,1.6e-07,0.00012566,0.0018256,9.9682e-08,5.0639e-83,2.7423e-98
478.55,1.8947e-11,2.0569e-07,0.00015204,0.0017151,8.7395e-08,1.3049e-83,6.2287e-99
478.22,2.3571e-11,2.6398e-07,0.00018362,0.0016103,7.6561e-08,3.3397e-84,1.4049e-99
477.89,2.9301e-11,3.3816e-07,0.00022135,0.0015108,6.7015e-08,8.491e-85,3.1474e-100
477.56,3.6396e-11,4.3242e-07,0.00026633,0.0014165,5.8611e-08,2.1437e-85,7.0004e-101
477.22,4.5172e-11,5.5197e-07,0.00031984,0.0013271,5.1219e-08,5.3751e-86,1.5461e-101
476.89,5.602e-11,7.0329e-07,0.00038338,0.0012426,4.4721e-08,1.3385e-86,3.3906e-102
476.56,6.9415e-11,8.9444e-07,0.00045866,0.0011626,3.9017e-08,3.3106e-87,7.3844e-103
476.22,8.5945e-11,1.1355e-06,0.00054768,0.0010871,3.4011e-08,8.1305e-88,1.5965e-103
475.89,1.0632e-10,1.4389e-06,0.00065273,0.0010157,2.9622e-08,1.9829e-88,3.4273e-104
475.56,1.3143e-10,1.82e-06,0.00077643,0.00094837,2.5778e-08,4.8023e-89,7.3046e-105
475.23,1.6232e-10,2.2977e-06,0.00092177,0.00088488,2.2415e-08,1.1551e-89,1.546e-105
474.89,2.0032e-10,2.8955e-06,0.0010922,0.00082506,1.9473e-08,2.7585e-90,3.2478e-106
474.56,2.47e-10,3.642e-06,0.0012916,0.00076875,1.6904e-08,6.5409e-91,6.7739e-107
474.23,3.0431e-10,4.5723e-06,0.0015244,0.00071577,1.466e-08,1.54e-91,1.4026e-107
473.89,3.7459e-10,5.7294e-06,0.0017957,0.00066597,1.2704e-08,3.6009e-92,2.8835e-108
473.56,4.6072e-10,7.1659e-06,0.002111,0.00061919,1.0999e-08,8.3581e-93,5.8836e-109
473.23,5.6618e-10,8.9454e-06,0.0024768,0.00057529,9.5151e-09,1.9261e-93,1.1917e-109
472.89,6.9519e-10,1.1146e-05,0.0029001,0.00053411,8.2241e-09,4.407e-94,2.3962e-110
472.56,8.5284e-10,1.386e-05,0.0033889,0.00049553,7.1021e-09,1.0012e-94,4.783e-111
472.23,1.0454e-09,1.7203e-05,0.0039522,0.0004594,6.1278e-09,2.258e-95,9.4757e-112
471.89,1.2802e-09,2.131e-05,0.0045999,0.0004256,5.2825e-09,5.0551e-96,1.8632e-112
471.56,1.5665e-09,2.6346e-05,0.0053426,0.00039399,4.5499e-09,1.1237e-96,3.6369e-113
471.23,1.9151e-09,3.2509e-05,0.0061928,0.00036447,3.9154e-09,2.4791e-97,7.0448e-114
470.9,2.3393e-09,4.0036e-05,0.0071634,0.00033691,3.3664e-09,5.4297e-98,1.3544e-114
470.56,2.8548e-09,4.9207e-05,0.0082692,0.0003112,2.8918e-09,1.1804e-98,2.5842e-115
470.23,3.4809e-09,6.0359e-05,0.0095258,0.00028724,2.4819e-09,2.5477e-99,4.8942e-116
469.9,4.2405e-09,7.3893e-05,0.010951,0.00026493,2.1282e-09,5.457e-100,9.1971e-117
469.56,5.1613e-09,9.0279e-05,0.012562,0.00024417,1.8233e-09,1.1602e-100,1.7152e-117
469.23,6.2763e-09,0.00011008,0.014381,0.00022487,1.5607e-09,2.4483e-101,3.1743e-118
468.9,7.6253e-09,0.00013395,0.016428,0.00020694,1.3346e-09,5.1285e-102,5.8302e-119
468.57,9.2559e-09,0.00016266,0.018727,0.00019029,1.1403e-09,1.066e-102,1.0624e-119
468.23,1.1225e-08,0.00019713,0.021302,0.00017485,9.734e-10,2.1992e-103,1.9211e-120
467.9,1.36e-08,0.00023842,0.02418,0.00016054,8.3015e-10,4.5027e-104,3.4469e-121
467.57,1.6463e-08,0.00028776,0.027387,0.00014729,7.0735e-10,9.1499e-105,6.1371e-122
467.23,1.991e-08,0.00034659,0.030953,0.00013503,6.0214e-10,1.8449e-105,1.084e-122
466.9,2.4056e-08,0.00041659,0.034908,0.0001237,5.1211e-10,3.6914e-106,1.8997e-123
466.57,2.9039e-08,0.00049968,0.039283,0.00011322,4.3514e-10,7.3296e-107,3.303e-124
466.23,3.502e-08,0.00059809,0.044109,0.00010356,3.694e-10,1.4443e-107,5.6984e-125
465.9,4.2194e-08,0.00071437,0.04942,9.4645e-05,3.1329e-10,2.8235e-108,9.7515e-126
465.57,5.0789e-08,0.00085147,0.055248,8.643e-05,2.6546e-10,5.4771e-109,1.6555e-126
465.23,6.1076e-08,0.0010127,0.061627,7.8866e-05,2.2471e-10,1.0542e-109,2.7881e-127
464.9,7.3376e-08,0.0012019,0.068589,7.1908e-05,1.9005e-10,2.0134e-110,4.6586e-128
464.57,8.807e-08,0.0014235,0.076168,6.5511e-05,1.6057e-10,3.8147e-111,7.7202e-129
464.24,1.056e-07,0.0016822,0.084395,5.9636e-05,1.3554e-10,7.1704e-112,1.2691e-129
463.9,1.265e-07,0.0019837,0.0933,5.4244e-05,1.143e-10,1.3372e-112,2.0692e-130
463.57,1.5139e-07,0.0023341,0.10291,4.9301e-05,9.63e-11,2.4743e-113,3.3471e-131
463.24,1.81e-07,0.0027404,0.11325,4.4772e-05,8.1053e-11,4.541e-114,5.369e-132
462.9,2.1618e-07,0.0032105,0.12435,4.0626e-05,6.8155e-11,8.2675e-115,8.5416e-133
462.57,2.5795e-07,0.0037529,0.13622,3.6834e-05,5.7254e-11,1.4931e-115,1.3477e-133
462.24,3.0747e-07,0.0043771,0.14889,3.3369e-05,4.805e-11,2.6755e-116,2.1095e-134
461.9,3.6615e-07,0.005094,0.16235,3.0205e-05,4.0285e-11,4.7543e-117,3.2737e-135
461.57,4.3558e-07,0.0059151,0.17662,2.7319e-05,3.3743e-11,8.3799e-118,5.0382e-136
461.24,5.1765e-07,0.0068531,0.19169,2.4688e-05,2.8234e-11,1.465e-118,7.6892e-137
460.91,6.1455e-07,0.0079219,0.20757,2.2292e-05,2.3603e-11,2.5408e-119,1.164e-137
460.57,7.2885e-07,0.0091368,0.22423,2.0112e-05,1.9711e-11,4.3695e-120,1.7468e-138
460.24,8.6353e-07,0.010514,0.24165,1.813e-05,1.6444e-11,7.4525e-121,2.5993e-139
459.91,1.022e-06,0.012071,0.25981,1.6329e-05,1.3705e-11,1.2606e-121,3.8352e-140
459.57,1.2084e-06,0.013828,0.27867,1.4696e-05,1.1411e-11,2.115e-122,5.612e-141
459.24,1.4272e-06,0.015803,0.29818,1.3214e-05,9.4913e-12,3.5184e-123,8.1402e-142
458.91,1.6839e-06,0.018019,0.31829,1.1872e-05,7.8865e-12,5.804e-124,1.1706e-142
458.57,1.9847e-06,0.020497,0.33894,1.0656e-05,6.5464e-12,9.4941e-125,1.669e-143
458.24,2.3367e-06,0.023263,0.36004,9.5577e-06,5.4285e-12,1.5402e-125,2.3596e-144
457.91,2.7483e-06,0.026339,0.38153,8.5648e-06,4.4969e-12,2.4773e-126,3.3066e-145
457.58,3.2289e-06,0.029752,0.40331,7.6685e-06,3.7213e-12,3.9506e-127,4.5932e-146
457.24,3.7894e-06,0.033528,0.42529,6.8601e-06,3.0764e-12,6.2474e-128,6.326e-147
456.91,4.4425e-06,0.037694,0.44735,6.1315e-06,2.5405e-12,9.7937e-129,8.6349e-148
456.58,5.2025e-06,0.042276,0.46939,5.4755e-06,2.0959e-12,1.5222e-129,1.1684e-148
456.24,6.086e-06,0.047301,0.49129,4.8855e-06,1.7272e-12,2.3455e-130,1.5669e-149
455.91,7.1115e-06,0.052796,0.51292,4.3552e-06,1.4219e-12,3.5835e-131,2.0832e-150
455.58,8.3009e-06,0.058787,0.53416,3.8791e-06,1.1694e-12,5.4264e-132,2.7446e-151
455.25,9.6784e-06,0.065299,0.55487,3.4519e-06,9.6064e-13,8.1463e-133,3.584e-152
454.91,1.1272e-05,0.072355,0.57492,3.0691e-06,7.8833e-13,1.2122e-133,4.6381e-153
454.58,1.3113e-05,0.079977,0.59418,2.7263e-06,6.4626e-13,1.7883e-134,5.9494e-154
454.25,1.5239e-05,0.088185,0.61251,2.4196e-06,5.2922e-13,2.6146e-135,7.5615e-155
453.91,1.7688e-05,0.096994,0.62978,2.1454e-06,4.3291e-13,3.7888e-136,9.5236e-156
453.58,2.0508e-05,0.10642,0.64586,1.9007e-06,3.5374e-13,5.4422e-137,1.1887e-156
453.25,2.3751e-05,0.11647,0.66064,1.6823e-06,2.8875e-13,7.7485e-138,1.4704e-157
452.91,2.7475e-05,0.12714,0.674,1.4876e-06,2.3544e-13,1.0932e-138,1.8018e-158
452.58,3.1747e-05,0.13845,0.68582,1.3143e-06,1.9176e-13,1.5285e-139,2.1878e-159
452.25,3.664e-05,0.15038,0.69602,1.1601e-06,1.5602e-13,2.118e-140,2.6322e-160
451.92,4.2239e-05,0.16293,0.7045,1.0231e-06,1.268e-13,2.9088e-141,3.1381e-161
451.58,4.8636e-05,0.17607,0.71119,9.0139e-07,1.0293e-13,3.958e-142,3.7057e-162
451.25,5.5938e-05,0.18978,0.71603,7.9343e-07,8.3471e-14,5.3367e-143,4.3355e-163
450.92,6.4259e-05,0.20403,0.71898,6.9776e-07,6.7613e-14,7.1304e-144,5.0252e-164
450.58,7.3731e-05,0.21878,0.72,6.1305e-07,5.4707e-14,9.4408e-145,5.7708e-165
450.25,8.4499e-05,0.234,0.71907,5.3812e-07,4.4215e-14,1.2383e-145,6.5636e-166
449.92,9.6725e-05,0.24961,0.7162,4.719e-07,3.5695e-14,1.6092e-146,7.3948e-167
449.58,0.00011059,0.26558,0.71139,4.1343e-07,2.8784e-14,2.0718e-147,8.2524e-168
449.25,0.00012628,0.28181,0.70468,3.6187e-07,2.3186e-14,2.6433e-148,9.1244e-169
448.92,0.00014403,0.29825,0.69612,3.1644e-07,1.8655e-14,3.3402e-149,9.9896e-170
448.58,0.00016407,0.31481,0.68576,2.7644e-07,1.4992e-14,4.1813e-150,1.0832e-170
448.25,0.00018668,0.33139,0.67369,2.4127e-07,1.2034e-14,5.185e-151,1.1633e-171
447.92,0.00021214,0.34792,0.65998,2.1037e-07,9.6497e-15,6.3706e-152,1.2376e-172
447.59,0.00024077,0.36429,0.64474,1.8325e-07,7.7284e-15,7.7513e-153,1.3035e-173
447.25,0.00027293,0.38039,0.62808,1.5947e-07,6.1825e-15,9.3415e-154,1.3596e-174
446.92,0.000309,0.39613,0.61013,1.3864e-07,4.94e-15,1.1151e-154,1.4044e-175
446.59,0.0003494,0.41138,0.59101,1.2041e-07,3.9428e-15,1.3186e-155,1.4367e-176
446.25,0.00039458,0.42606,0.57086,1.0448e-07,3.1431e-15,1.544e-156,1.455e-177
445.92,0.00044505,0.44004,0.54982,9.0564e-08,2.5027e-15,1.7904e-157,1.459e-178
445.59,0.00050133,0.45322,0.52803,7.8424e-08,1.9904e-15,2.056e-158,1.4485e-179
445.26,0.00056401,0.4655,0.50565,6.7845e-08,1.5811e-15,2.3385e-159,1.4241e-180
444.92,0.00063371,0.47678,0.4828,5.8633e-08,1.2545e-15,2.6337e-160,1.386e-181
444.59,0.00071111,0.48695,0.45965,5.0621e-08,9.9415e-16,2.9368e-161,1.3353e-182
444.26,0.00079694,0.49595,0.43633,4.366e-08,7.869e-16,3.2426e-162,1.2736e-183
443.92,0.00089195,0.50368,0.41297,3.7618e-08,6.2212e-16,3.5457e-163,1.2027e-184
443.59,0.00099699,0.51007,0.38972,3.238e-08,4.9124e-16,3.8383e-164,1.1241e-185
443.26,0.0011129,0.51507,0.36668,2.7842e-08,3.8743e-16,4.1134e-165,1.0399e-186
442.92,0.0012407,0.51862,0.34397,2.3916e-08,3.0519e-16,4.3652e-166,9.524e-188
442.59,0.0013814,0.52069,0.32171,2.0522e-08,2.401e-16,4.585e-167,8.6317e-189
442.26,0.0015359,0.52126,0.29999,1.7591e-08,1.8867e-16,4.7679e-168,7.7432e-190
441.92,0.0017055,0.52031,0.27888,1.5064e-08,1.4807e-16,4.9078e-169,6.874e-191
441.59,0.0018912,0.51784,0.25848,1.2886e-08,1.1607e-16,5.0016e-170,6.0407e-192
441.26,0.0020943,0.51387,0.23884,1.1012e-08,9.087e-17,5.0444e-171,5.2521e-193
440.93,0.002316,0.50843,0.22002,9.3998e-09,7.1052e-17,5.0357e-172,4.5188e-194
440.59,0.0025578,0.50155,0.20206,8.0155e-09,5.5487e-17,4.9759e-173,3.8476e-195
440.26,0.0028209,0.4933,0.18499,6.8279e-09,4.3278e-17,4.867e-174,3.2421e-196
439.93,0.0031068,0.48373,0.16884,5.8101e-09,3.3713e-17,4.7104e-175,2.7026e-197
439.59,0.003417,0.47292,0.15362,4.9386e-09,2.6228e-17,4.5116e-176,2.229e-198
439.26,0.0037529,0.46096,0.13934,4.1934e-09,2.038e-17,4.2766e-177,1.819e-199
438.93,0.004116,0.44793,0.12598,3.5569e-09,1.5815e-17,4.0121e-178,1.4688e-200
438.6,0.004508,0.43396,0.11355,3.0137e-09,1.2257e-17,3.7238e-179,1.1731e-201
438.26,0.0049303,0.41913,0.10202,2.5506e-09,9.4875e-18,3.4199e-180,9.2688e-203
437.93,0.0053846,0.40356,0.091369,2.1564e-09,7.3343e-18,3.1078e-181,7.245e-204
437.6,0.0058723,0.38738,0.081569,1.8211e-09,5.6625e-18,2.7948e-182,5.6026e-205
437.26,0.006395,0.37069,0.072586,1.5363e-09,4.366e-18,2.486e-183,4.2846e-206
436.93,0.0069543,0.35361,0.064384,1.2945e-09,3.3619e-18,2.1878e-184,3.2409e-207
436.6,0.0075516,0.33627,0.056924,1.0896e-09,2.5854e-18,1.9047e-185,2.4246e-208
436.26,0.0081882,0.31877,0.050165,9.1618e-10,1.9857e-18,1.6409e-186,1.7946e-209
435.93,0.0088657,0.30123,0.044064,7.6945e-10,1.523e-18,1.398e-187,1.3133e-210
435.6,0.0095851,0.28375,0.038577,6.455e-10,1.1666e-18,1.1781e-188,9.5037e-212
435.26,0.010348,0.26644,0.033663,5.4091e-10,8.9245e-19,9.8202e-190,6.8013e-213
434.93,0.011154,0.24938,0.029278,4.5276e-10,6.8181e-19,8.0989e-191,4.8146e-214
434.6,0.012006,0.23266,0.025379,3.7854e-10,5.2018e-19,6.6042e-192,3.369e-215
434.27,0.012903,0.21637,0.021925,3.1612e-10,3.9633e-19,5.3261e-193,2.331e-216
433.93,0.013847,0.20056,0.018878,2.637e-10,3.0156e-19,4.248e-194,1.5947e-217
433.6,0.014837,0.1853,0.0162,2.1972e-10,2.2915e-19,3.3515e-195,1.0789e-218
433.27,0.015874,0.17064,0.013855,1.8286e-10,1.7388e-19,2.6141e-196,7.2146e-220
432.93,0.016958,0.15663,0.011809,1.5201e-10,1.3176e-19,2.0162e-197,4.7693e-221
432.6,0.018088,0.14329,0.01003,1.2622e-10,9.9712e-20,1.5376e-198,3.1167e-222
432.27,0.019264,0.13065,0.0084907,1.0468e-10,7.5356e-20,1.1597e-199,2.0141e-223
431.94,0.020484,0.11873,0.0071625,8.6716e-11,5.6868e-20,8.6462e-201,1.2861e-224
431.6,0.021748,0.10754,0.0060212,7.1749e-11,4.2857e-20,6.373e-202,8.1173e-226
431.27,0.023054,0.097073,0.0050441,5.9296e-11,3.2253e-20,4.6439e-203,5.0639e-227
430.94,0.0244,0.08733,0.0042109,4.8947e-11,2.4239e-20,3.3462e-204,3.123e-228
430.6,0.025785,0.078299,0.003503,4.0355e-11,1.8191e-20,2.3831e-205,1.9032e-229
430.27,0.027204,0.069962,0.0029038,3.3232e-11,1.3632e-20,1.6775e-206,1.1461e-230
429.94,0.028656,0.062299,0.0023986,2.7333e-11,1.0202e-20,1.1675e-207,6.8219e-232
429.6,0.030138,0.055284,0.0019742,2.2455e-11,7.6239e-21,8.029e-209,4.0117e-233
429.27,0.031645,0.04889,0.0016191,1.8424e-11,5.6892e-21,5.4579e-210,2.3312e-234
428.94,0.033174,0.043085,0.0013231,1.5099e-11,4.2394e-21,3.6665e-211,1.3385e-235
428.61,0.034721,0.037838,0.0010774,1.2359e-11,3.1546e-21,2.4348e-212,7.5946e-237
428.27,0.03628,0.033112,0.00087409,1.0104e-11,2.3439e-21,1.5975e-213,4.2564e-238
427.94,0.037848,0.028876,0.00070658,8.2498e-12,1.739e-21,1.0358e-214,2.357e-239
427.61,0.039419,0.025092,0.00056908,6.7277e-12,1.2884e-21,6.6357e-216,1.2892e-240
427.27,0.040987,0.021727,0.00045666,5.4798e-12,9.5317e-22,4.2016e-217,6.9683e-242
426.94,0.042547,0.018746,0.0003651,4.4577e-12,7.0411e-22,2.6279e-218,3.7194e-243
426.61,0.044093,0.016116,0.00029082,3.6217e-12,5.1936e-22,1.6239e-219,1.9609e-244
426.27,0.045618,0.013805,0.00023079,2.9388e-12,3.8253e-22,9.9148e-221,1.0212e-245
425.94,0.047117,0.011783,0.00018247,2.3817e-12,2.8134e-22,5.9814e-222,5.2538e-247
425.61,0.048583,0.01002,0.00014372,1.9277e-12,2.066e-22,3.5637e-223,2.6687e-248
425.27,0.05001,0.0084902,0.00011277,1.5583e-12,1.5149e-22,2.0974e-224,1.3387e-249
424.94,0.05139,0.0071675,8.8157e-05,1.2581e-12,1.1091e-22,1.2194e-225,6.6323e-251
424.61,0.052718,0.0060287,6.8653e-05,1.0144e-12,8.1086e-23,7.004e-227,3.2452e-252
424.28,0.053988,0.005052,5.3259e-05,8.1689e-13,5.9188e-23,3.9722e-228,1.5675e-253
423.94,0.055192,0.0042178,4.1158e-05,6.5696e-13,4.3139e-23,2.2249e-229,7.476e-255
423.61,0.056325,0.0035082,3.1684e-05,5.2767e-13,3.1394e-23,1.2309e-230,3.5207e-256
423.28,0.057381,0.0029071,2.4298e-05,4.2327e-13,2.2812e-23,6.7255e-232,1.6372e-257
422.94,0.058354,0.0023999,1.856e-05,3.3908e-13,1.655e-23,3.628e-233,7.5143e-259
422.61,0.059239,0.0019737,1.4122e-05,2.7128e-13,1.1989e-23,1.9325e-234,3.4046e-260
422.28,0.060031,0.001617,1.0703e-05,2.1675e-13,8.6711e-24,1.0164e-235,1.5227e-261
421.95,0.060725,0.0013198,8.08e-06,1.7295e-13,6.262e-24,5.2796e-237,6.7251e-263
421.61,0.061317,0.001073,6.0756e-06,1.3782e-13,4.515e-24,2.7068e-238,2.9305e-264
421.28,0.061804,0.00086904,4.5502e-06,1.0968e-13,3.2503e-24,1.37e-239,1.2604e-265
420.95,0.062182,0.00070111,3.3942e-06,8.7166e-14,2.3362e-24,6.8455e-241,5.3501e-267
420.61,0.062449,0.00056345,2.5219e-06,6.9183e-14,1.6766e-24,3.3777e-242,2.2421e-268
420.28,0.062603,0.00045104,1.8661e-06,5.4835e-14,1.2013e-24,1.6445e-243,9.2686e-270
419.95,0.062642,0.00035964,1.3753e-06,4.3403e-14,8.5932e-25,7.9029e-245,3.781e-271
419.61,0.062566,0.00028563,1.0094e-06,3.4308e-14,6.1374e-25,3.7485e-246,1.5219e-272
419.28,0.062374,0.00022596,7.3789e-07,2.7082e-14,4.3765e-25,1.7554e-247,6.047e-274
418.95,0.062068,0.00017804,5.3717e-07,2.1349e-14,3.1157e-25,8.1098e-249,2.3696e-275
418.61,0.061647,0.00013972,3.8944e-07,1.6806e-14,2.2146e-25,3.6973e-250,9.1609e-277
418.28,0.061115,0.00010921,2.8117e-07,1.3211e-14,1.5715e-25,1.6634e-251,3.4939e-278
417.95,0.060473,8.5024e-05,2.0217e-07,1.0371e-14,1.1134e-25,7.387e-253,1.3151e-279
417.62,0.059725,6.5922e-05,1.4475e-07,8.1302e-15,7.875e-26,3.2357e-254,4.8808e-281
417.28,0.058873,5.0904e-05,1.0321e-07,6.3645e-15,5.5609e-26,1.3983e-255,1.7868e-282
416.95,0.057923,3.9147e-05,7.3275e-08,4.9752e-15,3.9203e-26,5.9621e-257,6.4515e-284
416.62,0.056879,2.9982e-05,5.1806e-08,3.8838e-15,2.7592e-26,2.5085e-258,2.2982e-285
416.28,0.055745,2.2868e-05,3.647e-08,3.0275e-15,1.9388e-26,1.041e-259,8.0723e-287
415.95,0.054529,1.737e-05,2.5565e-08,2.3566e-15,1.36e-26,4.2609e-261,2.7959e-288
415.62,0.053235,1.3139e-05,1.7844e-08,1.8318e-15,9.5245e-27,1.7208e-262,9.5521e-290
415.29,0.051869,9.8969e-06,1.2401e-08,1.4218e-15,6.6588e-27,6.8524e-264,3.217e-291
414.95,0.05044,7.4235e-06,8.5811e-09,1.102e-15,4.6475e-27,2.6915e-265,1.0684e-292
414.62,0.048953,5.5448e-06,5.9119e-09,8.5284e-16,3.2382e-27,1.0425e-266,3.4979e-294
414.29,0.047415,4.1241e-06,4.0554e-09,6.5909e-16,2.2525e-27,3.9834e-268,1.1294e-295
413.95,0.045834,3.0543e-06,2.7696e-09,5.0861e-16,1.5641e-27,1.5004e-269,3.5941e-297
413.62,0.044217,2.2523e-06,1.8832e-09,3.9191e-16,1.0842e-27,5.5734e-271,1.1276e-298
413.29,0.042571,1.6538e-06,1.2748e-09,3.0154e-16,7.503e-28,2.0411e-272,3.4867e-300
412.95,0.040904,1.2091e-06,8.591e-10,2.3167e-16,5.1833e-28,7.3721e-274,1.063e-301
412.62,0.039222,8.8015e-07,5.7638e-10,1.7772e-16,3.5744e-28,2.6243e-275,3.1935e-303
412.29,0.037532,6.379e-07,3.8496e-10,1.3613e-16,2.4607e-28,9.2097e-277,9.4551e-305
411.95,0.035841,4.6031e-07,2.5596e-10,1.0412e-16,1.691e-28,3.1864e-278,2.7592e-306
411.62,0.034156,3.307e-07,1.6942e-10,7.9516e-17,1.1601e-28,1.0869e-279,7.9363e-308
411.29,0.032482,2.3654e-07,1.1163e-10,6.0634e-17,7.944e-29,3.6535e-281,2.2487e-309
410.96,0.030827,1.6843e-07,7.3214e-11,4.6166e-17,5.4303e-29,1.2104e-282,6.2781e-311
410.62,0.029194,1.1941e-07,4.78e-11,3.5097e-17,3.7055e-29,3.9523e-284,1.7272e-312
410.29,0.02759,8.4273e-08,3.1064e-11,2.6641e-17,2.5241e-29,1.2721e-285,4.6825e-314
409.96,0.026019,5.9208e-08,2.0094e-11,2.0191e-17,1.7162e-29,4.0338e-287,1.2502e-315
409.62,0.024485,4.141e-08,1.2937e-11,1.5279e-17,1.1648e-29,1.2604e-288,3.2884e-317
409.29,0.022992,2.8831e-08,8.2908e-12,1.1544e-17,7.8911e-30,3.8807e-290,8.5209e-319
408.96,0.021545,1.9982e-08,5.2883e-12,8.7092e-18,5.3365e-30,1.1775e-291,2.1754e-320
408.63,0.020144,1.3786e-08,3.3572e-12,6.5598e-18,3.6022e-30,3.5191e-293,5.4841e-322
408.29,0.018795,9.4668e-09,2.1212e-12,4.9332e-18,2.4271e-30,1.0361e-294,1.4822e-323
407.96,0.017497,6.471e-09,1.3338e-12,3.704e-18,1.6323e-30,3.0049e-296,0
407.63,0.016254,4.4029e-09,8.3479e-13,2.7768e-18,1.0958e-30,8.5885e-298,0
407.29,0.015065,2.9817e-09,5.1992e-13,2.0784e-18,7.3429e-31,2.4168e-299,0
406.96,0.013933,2.0097e-09,3.2226e-13,1.5531e-18,4.911e-31,6.6984e-301,0
406.63,0.012857,1.3483e-09,1.9877e-13,1.1588e-18,3.2785e-31,1.8284e-302,0
406.29,0.011838,9.0028e-10,1.2202e-13,8.6317e-19,2.1846e-31,4.9171e-304,0
405.96,0.010876,5.9826e-10,7.4532e-14,6.4192e-19,1.4529e-31,1.3016e-305,0
405.63,0.0099689,3.9567e-10,4.5303e-14,4.7661e-19,9.6446e-32,3.3928e-307,0
405.29,0.0091171,2.6042e-10,2.7401e-14,3.5329e-19,6.3901e-32,8.7076e-309,0
404.96,0.0083192,1.7059e-10,1.6492e-14,2.6147e-19,4.2259e-32,2.2013e-310,0
404.63,0.0075737,1.112e-10,9.8761e-15,1.9318e-19,2.7892e-32,5.4762e-312,0
404.3,0.0068793,7.2137e-11,5.8847e-15,1.425e-19,1.8374e-32,1.3411e-313,0
403.96,0.0062341,4.6567e-11,3.4889e-15,1.0494e-19,1.2081e-32,3.2331e-315,0
403.63,0.0056365,2.9915e-11,2.0581e-15,7.7149e-20,7.9281e-33,7.6745e-317,0
403.3,0.0050842,1.9122e-11,1.2079e-15,5.6624e-20,5.1925e-33,1.7926e-318,0
402.96,0.0045754,1.2162e-11,7.0532e-16,4.149e-20,3.3942e-33,4.1205e-320,0
402.63,0.0041078,7.6975e-12,4.0974e-16,3.035e-20,2.2143e-33,9.3378e-322,0
402.3,0.0036793,4.8475e-12,2.3682e-16,2.2164e-20,1.4418e-33,1.9763e-323,0
401.96,0.0032878,3.0374e-12,1.3617e-16,1.6158e-20,9.3694e-34,0,0
401.63,0.0029308,1.8936e-12,7.7886e-17,1.1759e-20,6.0764e-34,0,0
401.3,0.0026064,1.1746e-12,4.4321e-17,8.5438e-21,3.933e-34,0,0
400.97,0.0023124,7.2483e-13,2.5087e-17,6.1967e-21,2.5405e-34,0,0
400.63,0.0020465,4.4503e-13,1.4126e-17,4.4866e-21,1.6378e-34,0,0
