381.01,4.7262e-05,5.1917e-10
382,7.98e-05,1.163e-09
382.98,0.00013206,2.5516e-09
384,0.00021814,5.6432e-09
384.99,0.00034722,1.1899e-08
386.01,0.00055119,2.5268e-08
386.99,0.00084519,5.1294e-08
387.98,0.0012721,1.0214e-07
389,0.0019072,2.0456e-07
389.98,0.0027676,3.9224e-07
391,0.0039988,7.564e-07
391.98,0.0056047,1.4e-06
393,0.0078101,2.6005e-06
393.98,0.010576,4.6447e-06
395,0.01423,8.32e-06
395.98,0.018638,1.4355e-05
397,0.024252,2.4851e-05
397.98,0.030755,4.1464e-05
399,0.03871,6.9325e-05
399.98,0.047588,0.00011202
401,0.058014,0.00018117
401.98,0.069199,0.00028377
403.03,0.082237,0.00045117
404.01,0.095198,0.00068494
405.02,0.10913,0.001039
406,0.12278,0.0015311
407.02,0.13674,0.0022539
407.99,0.14965,0.0032267
409.01,0.16203,0.004612
409.99,0.17266,0.0064221
411,0.18192,0.008923
412.01,0.18908,0.01222
412.99,0.1938,0.016343
414,0.19625,0.021789
414.98,0.19621,0.02838
416.02,0.1936,0.037148
417,0.18889,0.047168
418.01,0.18189,0.059669
418.99,0.17337,0.07392
420,0.16303,0.091149
421.01,0.15152,0.11099
422.01,0.1392,0.13348
422.98,0.12689,0.15765
424.02,0.11358,0.18615
425,0.10131,0.215
426,0.089156,0.24644
427,0.077591,0.27949
428,0.06682,0.31348
428.99,0.056998,0.34762
430,0.048055,0.38169
430.01,0.047913,0.38226
430.98,0.040262,0.41397
432.01,0.03312,0.44579
433.01,0.027147,0.47397
434,0.022055,0.49881
435,0.017711,0.51997
435.97,0.014212,0.53612
437.01,0.011095,0.5485
437.99,0.0087135,0.55506
439.01,0.0067196,0.55654
440,0.0051764,0.55283
441,0.003943,0.5441
441.99,0.0029806,0.53072
443,0.0022271,0.51286
443.98,0.0016647,0.49184
445.02,0.0012081,0.46594
445.99,0.00089141,0.43952
447,0.00064358,0.40999
447.98,0.00046621,0.38023
449.02,0.00032822,0.34791
450,0.00023403,0.31741
451.02,0.00016316,0.28605
451.99,0.00011478,0.25699
453.03,7.8421e-05,0.22751
454,5.4534e-05,0.20148
455,3.7197e-05,0.17636
456,2.5254e-05,0.15335
457,1.7015e-05,0.13231
457.99,1.1387e-05,0.11334
458.99,7.58e-06,0.096435
460.02,4.944e-06,0.081012
460.97,3.3024e-06,0.068434
462,2.1278e-06,0.056698
462.99,1.3842e-06,0.046973
464.01,8.8201e-07,0.038406
465,5.6681e-07,0.031397
466.02,3.5671e-07,0.025325
467.01,2.2684e-07,0.020451
467.99,1.4338e-07,0.016409
468.98,9.0202e-08,0.013091
470,5.5526e-08,0.010298
470.98,3.4531e-08,0.0081144
472,2.1008e-08,0.0063026
472.99,1.2937e-08,0.0049103
474.01,7.7887e-09,0.003769
474.99,4.7469e-09,0.0029028
476.01,2.8291e-09,0.0022028
476.99,1.706e-09,0.0016772
478.01,1.0063e-09,0.0012583
479,6.0125e-10,0.00094797
479.98,3.5772e-10,0.00071067
481,2.0781e-10,0.00052432
481.98,1.2249e-10,0.00038899
483,7.0522e-11,0.00028404
483.98,4.1194e-11,0.00020861
485,2.3486e-11,0.00015071
485.98,1.3591e-11,0.00010957
487,7.6881e-12,7.8416e-05
487.98,4.4139e-12,5.6484e-05
489,2.4724e-12,4.0005e-05
489.99,1.407e-12,2.8539e-05
491,7.8289e-13,2.0042e-05
491.99,4.4249e-13,1.4179e-05
493,2.4379e-13,9.8559e-06
493.99,1.3673e-13,6.9117e-06
495,7.4829e-14,4.7648e-06
495.99,4.1605e-14,3.3106e-06
497,2.2596e-14,2.2624e-06
497.99,1.2488e-14,1.5601e-06
499,6.7282e-15,1.0568e-06
499.98,3.6968e-15,7.2343e-07
501,1.9764e-15,4.8583e-07
501.99,1.0766e-15,3.296e-07
503,5.7229e-16,2.1975e-07
503.99,3.0989e-16,1.4801e-07
504.97,1.6717e-16,9.929e-08
505.98,8.7987e-17,6.5442e-08
507,4.613e-17,4.2951e-08
508.02,2.4107e-17,2.8084e-08
509,1.2844e-17,1.8567e-08
510.02,6.6706e-18,1.2053e-08
511,3.5355e-18,7.9173e-09
512.02,1.8253e-18,5.1035e-09
513.01,9.6133e-19,3.3286e-09
514.02,4.9313e-19,2.1301e-09
515.01,2.5813e-19,1.3797e-09
516.02,1.3185e-19,8.7784e-10
517.01,6.8649e-20,5.6501e-10
518.03,3.483e-20,3.5687e-10
519.01,1.8054e-20,2.2839e-10
520.03,9.1186e-21,1.4342e-10
521.01,4.7002e-21,9.1202e-11
522.03,2.3604e-21,5.6898e-11
523.01,1.2117e-21,3.599e-11
524,6.2017e-22,2.2692e-11
524.98,3.167e-22,1.4268e-11
526,1.5765e-22,8.8035e-12
526.99,8.0152e-23,5.5053e-12
528,3.9691e-23,3.3765e-12
528.99,2.0107e-23,2.1014e-12
529.97,1.0165e-23,1.3045e-12
530.99,5.0047e-24,7.9412e-13
531.97,2.5181e-24,4.9026e-13
532.99,1.2338e-24,2.9677e-13
533.97,6.1879e-25,1.8241e-13
534.99,3.02e-25,1.0987e-13
535.98,1.5089e-25,6.7213e-14
536.99,7.341e-26,4.0308e-14
537.98,3.6546e-26,2.4546e-14
539,1.7715e-26,1.4652e-14
539.98,8.782e-27,8.8783e-15
541,4.2419e-27,5.2756e-15
541.98,2.0973e-27,3.1846e-15
543,1.0096e-27,1.884e-15
543.98,4.9686e-28,1.1314e-15
545,2.3839e-28,6.665e-16
545.99,1.1704e-28,3.9883e-16
547,5.5981e-29,2.3399e-16
547.99,2.7403e-29,1.3947e-16
548.97,1.3414e-29,8.3065e-17
549.99,6.3829e-30,4.842e-17
550.97,3.1136e-30,2.8715e-17
551.99,1.4773e-30,1.6675e-17
552.97,7.1871e-31,9.8536e-18
553.99,3.4034e-31,5.7042e-18
554.97,1.6515e-31,3.3589e-18
555.99,7.8003e-32,1.9376e-18
556.98,3.7731e-32,1.1365e-18
557.99,1.7776e-32,6.5333e-19
558.98,8.5912e-33,3.8239e-19
559.99,4.0411e-33,2.1922e-19
560.98,1.9472e-33,1.2783e-19
561.99,9.1317e-34,7.3009e-20
562.98,4.3908e-34,4.2445e-20
564,2.0531e-34,2.4154e-20
564.98,9.8593e-35,1.4009e-20
566,4.6076e-35,7.9568e-21
567.01,2.1496e-35,4.5102e-21
568.03,1.0018e-35,2.5529e-21
569.01,4.7926e-36,1.4723e-21
570.03,2.2329e-36,8.32e-22
571.01,1.0663e-36,4.7859e-22
572.03,4.9591e-37,2.6972e-22
573.01,2.3679e-37,1.5494e-22
573.99,1.1306e-37,8.8944e-23
575,5.2453e-38,4.9937e-23
575.98,2.4988e-38,2.8583e-23
576.99,1.161e-38,1.6045e-23
577.97,5.5315e-39,9.1734e-24
579.02,2.4954e-39,5.0298e-24
580,1.1854e-39,2.8659e-24
581.01,5.4884e-40,1.6005e-24
581.99,2.6099e-40,9.1159e-25
583,1.2068e-40,5.0801e-25
583.98,5.7277e-41,2.8859e-25
585,2.6392e-41,1.6021e-25
585.98,1.2512e-41,9.0834e-26
587.03,5.6113e-42,4.9342e-26
588.01,2.6533e-42,2.7889e-26
589.02,1.2181e-42,1.5404e-26
590.01,5.7455e-43,8.681e-27
591.02,2.6331e-43,4.7833e-27
592.01,1.2399e-43,2.6893e-27
593.03,5.6727e-44,1.4783e-27
594.01,2.6669e-44,8.2932e-28
595.03,1.2182e-44,4.5484e-28
595.98,5.8698e-45,2.5975e-28
597.01,2.6751e-45,1.4207e-28
597.99,1.2529e-45,7.9309e-29
598.98,5.8619e-46,4.4216e-29
600.01,2.6647e-46,2.4099e-29
601,1.2459e-46,1.3416e-29
602.02,5.6691e-47,7.3106e-30
602.97,2.7216e-47,4.1498e-30
604,1.2368e-47,2.2568e-30
604.98,5.7767e-48,1.2531e-30
606.01,2.6258e-48,6.8097e-31
606.99,1.2259e-48,3.7764e-31
608.02,5.5703e-49,2.0497e-31
609,2.6017e-49,1.136e-31
610.02,1.1835e-49,6.1659e-32
610.98,5.6775e-50,3.486e-32
612,2.58e-50,1.8889e-32
612.98,1.2062e-50,1.0459e-32
614.01,5.4799e-51,5.6613e-33
614.99,2.5595e-51,3.1298e-33
616.01,1.1635e-51,1.6934e-33
617,5.4377e-52,9.3587e-34
618.02,2.4715e-52,5.0589e-34
619,1.155e-52,2.7934e-34
619.99,5.3972e-53,1.5418e-34
621.01,2.4548e-53,8.3284e-35
621.99,1.1471e-53,4.5932e-35
623.01,5.2171e-54,2.4792e-35
624,2.4417e-54,1.3679e-35
625.02,1.1106e-54,7.3778e-36
626,5.198e-55,4.068e-36
627.02,2.3663e-55,2.1939e-36
628,1.1068e-55,1.2082e-36
629.02,5.0431e-56,6.5154e-37
630.01,2.3592e-56,3.5858e-37
631.02,1.0752e-56,1.9327e-37
632.01,5.0307e-57,1.0631e-37
633.02,2.2931e-57,5.7266e-38
634.01,1.074e-57,3.1503e-38
635.03,4.8934e-58,1.6951e-38
636.01,2.2908e-58,9.3153e-39
637.03,1.044e-58,5.0101e-39
638.01,4.8928e-59,2.7538e-39
639.03,2.2323e-59,1.4814e-39
640.01,1.0466e-59,8.1394e-40
641.03,4.7732e-60,4.3743e-40
642.02,2.2386e-60,2.4027e-40
643,1.0501e-60,1.3195e-40
644.02,4.7926e-61,7.0881e-41
645,2.2492e-61,3.8916e-41
646.02,1.027e-61,2.09e-41
647,4.8184e-62,1.1465e-41
648.02,2.2029e-62,6.1596e-42
649.01,1.0349e-62,3.3804e-42
650.02,4.7339e-63,1.8158e-42
651.01,2.2251e-63,9.9638e-43
652.02,1.0177e-63,5.3482e-43
652.97,4.9128e-64,2.9959e-43
653.99,2.25e-64,1.6089e-43
654.98,1.058e-64,8.8212e-44
656,4.845e-65,4.7341e-44
656.98,2.2815e-65,2.5971e-44
658,1.0463e-65,1.3946e-44
658.98,4.9304e-66,7.6504e-45
