XEAS1	EAS1
400.604	-2.22923e-05
401.602	-2.47215e-05
402.600	-3.45806e-05
403.598	1.81316e-05
404.595	5.01594e-05
405.593	4.91982e-05
406.591	5.99696e-05
407.589	7.62646e-05
408.587	9.46944e-05
409.585	0.000124697
410.583	0.000112891
411.581	0.000136897
412.579	5.90833e-05
413.577	7.05695e-05
414.575	1.21277e-05
415.573	-5.46948e-05
416.571	-0.000161804
417.569	-0.000229691
418.567	-0.000309545
419.565	-0.000425948
420.563	-0.000527444
421.561	-0.000534956
422.559	-0.000555252
423.556	-0.000494931
424.554	-0.000484467
425.552	-0.000303052
426.550	-0.000186177
427.548	-1.36611e-05
428.546	0.000125642
429.544	0.000273681
430.542	0.000375470
431.540	0.000456432
432.538	0.000525836
433.536	0.000574708
434.534	0.000630867
435.532	0.000638238
436.530	0.000627124
437.528	0.000646618
438.526	0.000614785
439.524	0.000605542
440.522	0.000583524
441.520	0.000562679
442.517	0.000511182
443.515	0.000498013
444.513	0.000469076
445.511	0.000426631
446.509	0.000424890
447.507	0.000397444
448.505	0.000365404
449.503	0.000368109
450.501	0.000363364
451.499	0.000345320
452.497	0.000330126
453.495	0.000341654
454.493	0.000352978
455.491	0.000349486
456.489	0.000380174
457.487	0.000402024
458.485	0.000401749
459.483	0.000400202
460.480	0.000417469
461.478	0.000412440
462.476	0.000412811
463.474	0.000438661
464.472	0.000432064
465.470	0.000414820
466.468	0.000398255
467.466	0.000405729
468.464	0.000400206
469.462	0.000391318
470.460	0.000374337
471.458	0.000448595
472.456	0.000392196
473.454	0.000393194
474.452	0.000398787
475.450	0.000350359
476.448	0.000346214
477.446	0.000341886
478.444	0.000322352
479.441	0.000346963
480.439	0.000319127
481.437	0.000329054
482.435	0.000290008
483.433	0.000245441
484.431	0.000290411
485.429	0.000272928
486.427	0.000286680
487.425	0.000305046
488.423	0.000297333
489.421	0.000292461
490.419	0.000279229
491.417	0.000363641
492.415	0.000378713
493.413	0.000386477
494.411	0.000400143
495.409	0.000446286
496.407	0.000516425
497.405	0.000504284
498.402	0.000504308
499.400	0.000635649
