400,-0.13433
400.02,-0.13446
400.03,-0.1346
400.05,-0.13473
400.06,-0.13486
400.08,-0.13499
400.1,-0.13513
400.11,-0.13526
400.13,-0.13539
400.14,-0.13552
400.16,-0.13565
400.18,-0.13578
400.19,-0.13591
400.21,-0.13604
400.22,-0.13617
400.24,-0.1363
400.26,-0.13643
400.27,-0.13656
400.29,-0.13668
400.3,-0.13681
400.32,-0.13694
400.34,-0.13706
400.35,-0.13719
400.37,-0.13732
400.38,-0.13744
400.4,-0.13757
400.42,-0.13769
400.43,-0.13782
400.45,-0.13794
400.46,-0.13806
400.48,-0.13819
400.5,-0.13831
400.51,-0.13843
400.53,-0.13855
400.54,-0.13867
400.56,-0.1388
400.58,-0.13892
400.59,-0.13904
400.61,-0.13916
400.62,-0.13928
400.64,-0.1394
400.66,-0.13951
400.67,-0.13963
400.69,-0.13975
400.71,-0.13987
400.72,-0.13998
400.74,-0.1401
400.75,-0.14022
400.77,-0.14033
400.79,-0.14045
400.8,-0.14056
400.82,-0.14068
400.83,-0.14079
400.85,-0.14091
400.87,-0.14102
400.88,-0.14113
400.9,-0.14124
400.91,-0.14136
400.93,-0.14147
400.95,-0.14158
400.96,-0.14169
400.98,-0.1418
400.99,-0.14191
401.01,-0.14202
401.03,-0.14213
401.04,-0.14223
401.06,-0.14234
401.07,-0.14245
401.09,-0.14256
401.11,-0.14266
401.12,-0.14277
401.14,-0.14288
401.16,-0.14298
401.17,-0.14308
401.19,-0.14319
401.2,-0.14329
401.22,-0.1434
401.24,-0.1435
401.25,-0.1436
401.27,-0.1437
401.28,-0.1438
401.3,-0.1439
401.32,-0.144
401.33,-0.1441
401.35,-0.1442
401.36,-0.1443
401.38,-0.1444
401.4,-0.1445
401.41,-0.1446
401.43,-0.14469
401.45,-0.14479
401.46,-0.14489
401.48,-0.14498
401.49,-0.14508
401.51,-0.14517
401.53,-0.14526
401.54,-0.14536
401.56,-0.14545
401.57,-0.14554
401.59,-0.14563
401.61,-0.14573
401.62,-0.14582
401.64,-0.14591
401.65,-0.146
401.67,-0.14609
401.69,-0.14617
401.7,-0.14626
401.72,-0.14635
401.74,-0.14644
401.75,-0.14652
401.77,-0.14661
401.78,-0.1467
401.8,-0.14678
401.82,-0.14686
401.83,-0.14695
401.85,-0.14703
401.86,-0.14711
401.88,-0.1472
401.9,-0.14728
401.91,-0.14736
401.93,-0.14744
401.95,-0.14752
401.96,-0.1476
401.98,-0.14768
401.99,-0.14776
402.01,-0.14783
402.03,-0.14791
402.04,-0.14799
402.06,-0.14807
402.07,-0.14814
402.09,-0.14822
402.11,-0.14829
402.12,-0.14836
402.14,-0.14844
402.16,-0.14851
402.17,-0.14858
402.19,-0.14865
402.2,-0.14872
402.22,-0.1488
402.24,-0.14886
402.25,-0.14893
402.27,-0.149
402.28,-0.14907
402.3,-0.14914
402.32,-0.14921
402.33,-0.14927
402.35,-0.14934
402.37,-0.1494
402.38,-0.14947
402.4,-0.14953
402.41,-0.14959
402.43,-0.14966
402.45,-0.14972
402.46,-0.14978
402.48,-0.14984
402.5,-0.1499
402.51,-0.14996
402.53,-0.15002
402.54,-0.15008
402.56,-0.15014
402.58,-0.15019
402.59,-0.15025
402.61,-0.15031
402.63,-0.15036
402.64,-0.15042
402.66,-0.15047
402.67,-0.15052
402.69,-0.15058
402.71,-0.15063
402.72,-0.15068
402.74,-0.15073
402.75,-0.15078
402.77,-0.15083
402.79,-0.15088
402.8,-0.15093
402.82,-0.15098
402.84,-0.15102
402.85,-0.15107
402.87,-0.15112
402.88,-0.15116
402.9,-0.1512
402.92,-0.15125
402.93,-0.15129
402.95,-0.15133
402.97,-0.15138
402.98,-0.15142
403,-0.15146
403.01,-0.1515
403.03,-0.15154
403.05,-0.15158
403.06,-0.15161
403.08,-0.15165
403.1,-0.15169
403.11,-0.15172
403.13,-0.15176
403.14,-0.15179
403.16,-0.15183
403.18,-0.15186
403.19,-0.15189
403.21,-0.15192
403.23,-0.15195
403.24,-0.15199
403.26,-0.15201
403.27,-0.15204
403.29,-0.15207
403.31,-0.1521
403.32,-0.15213
403.34,-0.15215
403.36,-0.15218
403.37,-0.1522
403.39,-0.15223
403.4,-0.15225
403.42,-0.15227
403.44,-0.1523
403.45,-0.15232
403.47,-0.15234
403.49,-0.15236
403.5,-0.15238
403.52,-0.1524
403.53,-0.15241
403.55,-0.15243
403.57,-0.15245
403.58,-0.15246
403.6,-0.15248
403.62,-0.15249
403.63,-0.15251
403.65,-0.15252
403.67,-0.15253
403.68,-0.15254
403.7,-0.15255
403.71,-0.15256
403.73,-0.15257
403.75,-0.15258
403.76,-0.15259
403.78,-0.1526
403.8,-0.1526
403.81,-0.15261
403.83,-0.15261
403.84,-0.15262
403.86,-0.15262
403.88,-0.15262
403.89,-0.15262
403.91,-0.15262
403.93,-0.15262
403.94,-0.15262
403.96,-0.15262
403.98,-0.15262
403.99,-0.15262
404.01,-0.15261
404.02,-0.15261
404.04,-0.15261
404.06,-0.1526
404.07,-0.15259
404.09,-0.15259
404.11,-0.15258
404.12,-0.15257
404.14,-0.15256
404.15,-0.15255
404.17,-0.15254
404.19,-0.15253
404.2,-0.15251
404.22,-0.1525
404.24,-0.15249
404.25,-0.15247
404.27,-0.15246
404.29,-0.15244
404.3,-0.15242
404.32,-0.1524
404.33,-0.15239
404.35,-0.15237
404.37,-0.15235
404.38,-0.15232
404.4,-0.1523
404.42,-0.15228
404.43,-0.15226
404.45,-0.15223
404.47,-0.15221
404.48,-0.15218
404.5,-0.15215
404.51,-0.15213
404.53,-0.1521
404.55,-0.15207
404.56,-0.15204
404.58,-0.15201
404.6,-0.15198
404.61,-0.15195
404.63,-0.15191
404.65,-0.15188
404.66,-0.15184
404.68,-0.15181
404.69,-0.15177
404.71,-0.15173
404.73,-0.1517
404.74,-0.15166
404.76,-0.15162
404.78,-0.15158
404.79,-0.15154
404.81,-0.15149
404.83,-0.15145
404.84,-0.15141
404.86,-0.15136
404.87,-0.15132
404.89,-0.15127
404.91,-0.15123
404.92,-0.15118
404.94,-0.15113
404.96,-0.15108
404.97,-0.15103
404.99,-0.15098
405.01,-0.15093
405.02,-0.15087
405.04,-0.15082
405.06,-0.15077
405.07,-0.15071
405.09,-0.15066
405.1,-0.1506
405.12,-0.15054
405.14,-0.15048
405.15,-0.15042
405.17,-0.15036
405.19,-0.1503
405.2,-0.15024
405.22,-0.15018
405.24,-0.15011
405.25,-0.15005
405.27,-0.14998
405.28,-0.14992
405.3,-0.14985
405.32,-0.14978
405.33,-0.14971
405.35,-0.14964
405.37,-0.14957
405.38,-0.1495
405.4,-0.14943
405.42,-0.14936
405.43,-0.14928
405.45,-0.14921
405.47,-0.14913
405.48,-0.14906
405.5,-0.14898
405.52,-0.1489
405.53,-0.14882
405.55,-0.14874
405.56,-0.14866
405.58,-0.14858
405.6,-0.1485
405.61,-0.14842
405.63,-0.14833
405.65,-0.14825
405.66,-0.14816
405.68,-0.14807
405.7,-0.14799
405.71,-0.1479
405.73,-0.14781
405.75,-0.14772
405.76,-0.14763
405.78,-0.14754
405.79,-0.14744
405.81,-0.14735
405.83,-0.14725
405.84,-0.14716
405.86,-0.14706
405.88,-0.14697
405.89,-0.14687
405.91,-0.14677
405.93,-0.14667
405.94,-0.14657
405.96,-0.14647
405.98,-0.14636
405.99,-0.14626
406.01,-0.14616
406.03,-0.14605
406.04,-0.14595
406.06,-0.14584
406.07,-0.14573
406.09,-0.14562
406.11,-0.14551
406.12,-0.1454
406.14,-0.14529
406.16,-0.14518
406.17,-0.14507
406.19,-0.14495
406.21,-0.14484
406.22,-0.14472
406.24,-0.1446
406.26,-0.14449
406.27,-0.14437
406.29,-0.14425
406.31,-0.14413
406.32,-0.14401
406.34,-0.14388
406.36,-0.14376
406.37,-0.14364
406.39,-0.14351
406.4,-0.14339
406.42,-0.14326
406.44,-0.14313
406.45,-0.14301
406.47,-0.14288
406.49,-0.14275
406.5,-0.14261
406.52,-0.14248
406.54,-0.14235
406.55,-0.14222
406.57,-0.14208
406.59,-0.14195
406.6,-0.14181
406.62,-0.14167
406.64,-0.14153
406.65,-0.14139
406.67,-0.14125
406.69,-0.14111
406.7,-0.14097
406.72,-0.14083
406.74,-0.14069
406.75,-0.14054
406.77,-0.14039
406.79,-0.14025
406.8,-0.1401
406.82,-0.13995
406.83,-0.1398
406.85,-0.13965
406.87,-0.1395
406.88,-0.13935
406.9,-0.1392
406.92,-0.13904
406.93,-0.13889
406.95,-0.13873
406.97,-0.13858
406.98,-0.13842
407,-0.13826
407.02,-0.1381
407.03,-0.13794
407.05,-0.13778
407.07,-0.13762
407.08,-0.13746
407.1,-0.13729
407.12,-0.13713
407.13,-0.13696
407.15,-0.1368
407.17,-0.13663
407.18,-0.13646
407.2,-0.13629
407.22,-0.13612
407.23,-0.13595
407.25,-0.13578
407.27,-0.13561
407.28,-0.13543
407.3,-0.13526
407.32,-0.13508
407.33,-0.1349
407.35,-0.13473
407.37,-0.13455
407.38,-0.13437
407.4,-0.13419
407.41,-0.13401
407.43,-0.13383
407.45,-0.13364
407.46,-0.13346
407.48,-0.13327
407.5,-0.13309
407.51,-0.1329
407.53,-0.13271
407.55,-0.13253
407.56,-0.13234
407.58,-0.13215
407.6,-0.13195
407.61,-0.13176
407.63,-0.13157
407.65,-0.13138
407.66,-0.13118
407.68,-0.13098
407.7,-0.13079
407.71,-0.13059
407.73,-0.13039
407.75,-0.13019
407.76,-0.12999
407.78,-0.12979
407.8,-0.12959
407.81,-0.12939
407.83,-0.12918
407.85,-0.12898
407.86,-0.12877
407.88,-0.12856
407.9,-0.12836
407.91,-0.12815
407.93,-0.12794
407.95,-0.12773
407.96,-0.12752
407.98,-0.1273
408,-0.12709
408.01,-0.12688
408.03,-0.12666
408.05,-0.12645
408.06,-0.12623
408.08,-0.12601
408.1,-0.12579
408.11,-0.12557
408.13,-0.12535
408.15,-0.12513
408.16,-0.12491
408.18,-0.12469
408.2,-0.12446
408.21,-0.12424
408.23,-0.12401
408.25,-0.12378
408.26,-0.12356
408.28,-0.12333
408.3,-0.1231
408.31,-0.12287
408.33,-0.12264
408.35,-0.1224
408.36,-0.12217
408.38,-0.12194
408.4,-0.1217
408.41,-0.12147
408.43,-0.12123
408.45,-0.12099
408.46,-0.12075
408.48,-0.12051
408.5,-0.12027
408.51,-0.12003
408.53,-0.11979
408.55,-0.11955
408.56,-0.1193
408.58,-0.11906
408.6,-0.11881
408.61,-0.11856
408.63,-0.11832
408.65,-0.11807
408.66,-0.11782
408.68,-0.11757
408.7,-0.11732
408.71,-0.11706
408.73,-0.11681
408.75,-0.11656
408.76,-0.1163
408.78,-0.11605
408.8,-0.11579
408.81,-0.11553
408.83,-0.11528
408.85,-0.11502
408.86,-0.11476
408.88,-0.1145
408.9,-0.11423
408.91,-0.11397
408.93,-0.11371
408.95,-0.11344
408.96,-0.11318
408.98,-0.11291
409,-0.11264
409.01,-0.11238
409.03,-0.11211
409.05,-0.11184
409.06,-0.11157
409.08,-0.11129
409.1,-0.11102
409.12,-0.11075
409.13,-0.11047
409.15,-0.1102
409.17,-0.10992
409.18,-0.10965
409.2,-0.10937
409.22,-0.10909
409.23,-0.10881
409.25,-0.10853
409.27,-0.10825
409.28,-0.10797
409.3,-0.10768
409.32,-0.1074
409.33,-0.10712
409.35,-0.10683
409.37,-0.10654
409.38,-0.10626
409.4,-0.10597
409.42,-0.10568
409.43,-0.10539
409.45,-0.1051
409.47,-0.10481
409.48,-0.10452
409.5,-0.10422
409.52,-0.10393
409.53,-0.10363
409.55,-0.10334
409.57,-0.10304
409.58,-0.10274
409.6,-0.10245
409.62,-0.10215
409.63,-0.10185
409.65,-0.10155
409.67,-0.10124
409.68,-0.10094
409.7,-0.10064
409.72,-0.10033
409.74,-0.10003
409.75,-0.099722
409.77,-0.099415
409.79,-0.099108
409.8,-0.098799
409.82,-0.09849
409.84,-0.09818
409.85,-0.097869
409.87,-0.097557
409.89,-0.097245
409.9,-0.096931
409.92,-0.096617
409.94,-0.096302
409.95,-0.095986
409.97,-0.095669
409.99,-0.095352
410,-0.095034
410.02,-0.094714
410.04,-0.094394
410.05,-0.094074
410.07,-0.093752
410.09,-0.09343
410.1,-0.093106
410.12,-0.092782
410.14,-0.092457
410.16,-0.092132
410.17,-0.091805
410.19,-0.091478
410.21,-0.09115
410.22,-0.090821
410.24,-0.090491
410.26,-0.090161
410.27,-0.08983
410.29,-0.089498
410.31,-0.089165
410.32,-0.088831
410.34,-0.088497
410.36,-0.088161
410.37,-0.087825
410.39,-0.087489
410.41,-0.087151
410.42,-0.086813
410.44,-0.086473
410.46,-0.086134
410.48,-0.085793
410.49,-0.085451
410.51,-0.085109
410.53,-0.084766
410.54,-0.084422
410.56,-0.084078
410.58,-0.083732
410.59,-0.083386
410.61,-0.083039
410.63,-0.082692
410.64,-0.082343
410.66,-0.081994
410.68,-0.081644
410.69,-0.081293
410.71,-0.080942
410.73,-0.08059
410.75,-0.080237
410.76,-0.079883
410.78,-0.079528
410.8,-0.079173
410.81,-0.078817
410.83,-0.078461
410.85,-0.078103
410.86,-0.077745
410.88,-0.077386
410.9,-0.077026
410.91,-0.076666
410.93,-0.076305
410.95,-0.075943
410.96,-0.07558
410.98,-0.075217
411,-0.074853
411.02,-0.074488
411.03,-0.074123
411.05,-0.073756
411.07,-0.073389
411.08,-0.073022
411.1,-0.072653
411.12,-0.072284
411.13,-0.071915
411.15,-0.071544
411.17,-0.071173
411.18,-0.070801
411.2,-0.070428
411.22,-0.070055
411.23,-0.069681
411.25,-0.069306
411.27,-0.068931
411.29,-0.068555
411.3,-0.068178
411.32,-0.0678
411.34,-0.067422
411.35,-0.067043
411.37,-0.066664
411.39,-0.066283
411.4,-0.065902
411.42,-0.065521
411.44,-0.065139
411.45,-0.064756
411.47,-0.064372
411.49,-0.063988
411.51,-0.063603
411.52,-0.063217
411.54,-0.062831
411.56,-0.062444
411.57,-0.062056
411.59,-0.061668
411.61,-0.061279
411.62,-0.060889
411.64,-0.060499
411.66,-0.060108
411.68,-0.059717
411.69,-0.059324
411.71,-0.058932
411.73,-0.058538
411.74,-0.058144
411.76,-0.057749
411.78,-0.057354
411.79,-0.056958
411.81,-0.056561
411.83,-0.056164
411.84,-0.055766
411.86,-0.055368
411.88,-0.054968
411.9,-0.054569
411.91,-0.054168
411.93,-0.053767
411.95,-0.053366
411.96,-0.052964
411.98,-0.052561
412,-0.052157
412.01,-0.051753
412.03,-0.051349
412.05,-0.050943
412.07,-0.050538
412.08,-0.050131
412.1,-0.049724
412.12,-0.049317
412.13,-0.048908
412.15,-0.0485
412.17,-0.04809
412.18,-0.04768
412.2,-0.04727
412.22,-0.046859
412.24,-0.046447
412.25,-0.046035
412.27,-0.045622
412.29,-0.045209
412.3,-0.044795
412.32,-0.04438
412.34,-0.043965
412.35,-0.04355
412.37,-0.043134
412.39,-0.042717
412.41,-0.0423
412.42,-0.041882
412.44,-0.041463
412.46,-0.041045
412.47,-0.040625
412.49,-0.040205
412.51,-0.039785
412.52,-0.039364
412.54,-0.038942
412.56,-0.03852
412.58,-0.038097
412.59,-0.037674
412.61,-0.037251
412.63,-0.036827
412.64,-0.036402
412.66,-0.035977
412.68,-0.035551
412.69,-0.035125
412.71,-0.034698
412.73,-0.034271
412.75,-0.033843
412.76,-0.033415
412.78,-0.032986
412.8,-0.032557
412.81,-0.032128
412.83,-0.031697
412.85,-0.031267
412.86,-0.030836
412.88,-0.030404
412.9,-0.029972
412.92,-0.029539
412.93,-0.029106
412.95,-0.028673
412.97,-0.028239
412.98,-0.027805
413,-0.02737
413.02,-0.026935
413.04,-0.026499
413.05,-0.026063
413.07,-0.025626
413.09,-0.025189
413.1,-0.024751
413.12,-0.024313
413.14,-0.023875
413.15,-0.023436
413.17,-0.022997
413.19,-0.022557
413.21,-0.022117
413.22,-0.021676
413.24,-0.021235
413.26,-0.020794
413.27,-0.020352
413.29,-0.01991
413.31,-0.019467
413.33,-0.019024
413.34,-0.018581
413.36,-0.018137
413.38,-0.017692
413.39,-0.017248
413.41,-0.016803
413.43,-0.016357
413.45,-0.015911
413.46,-0.015465
413.48,-0.015019
413.5,-0.014572
413.51,-0.014124
413.53,-0.013677
413.55,-0.013228
413.56,-0.01278
413.58,-0.012331
413.6,-0.011882
413.62,-0.011432
413.63,-0.010983
413.65,-0.010532
413.67,-0.010082
413.68,-0.0096307
413.7,-0.0091794
413.72,-0.0087277
413.74,-0.0082758
413.75,-0.0078234
413.77,-0.0073708
413.79,-0.0069178
413.8,-0.0064645
413.82,-0.0060108
413.84,-0.0055569
413.86,-0.0051026
413.87,-0.004648
413.89,-0.0041931
413.91,-0.0037379
413.92,-0.0032824
413.94,-0.0028265
413.96,-0.0023704
413.98,-0.001914
413.99,-0.0014572
414.01,-0.0010002
414.03,-0.0005429
414.04,-8.5304e-05
414.06,0.00037258
414.08,0.00083074
414.1,0.0012892
414.11,0.0017479
414.13,0.0022069
414.15,0.0026661
414.16,0.0031256
414.18,0.0035854
414.2,0.0040455
414.22,0.0045058
414.23,0.0049663
414.25,0.0054271
414.27,0.0058882
414.28,0.0063495
414.3,0.006811
414.32,0.0072728
414.34,0.0077348
414.35,0.0081971
414.37,0.0086595
414.39,0.0091223
414.4,0.0095852
414.42,0.010048
414.44,0.010512
414.46,0.010975
414.47,0.011439
414.49,0.011903
414.51,0.012367
414.52,0.012832
414.54,0.013296
414.56,0.013761
414.58,0.014226
414.59,0.014691
414.61,0.015157
414.63,0.015622
414.65,0.016088
414.66,0.016554
414.68,0.01702
414.7,0.017486
414.71,0.017953
414.73,0.018419
414.75,0.018886
414.77,0.019353
414.78,0.01982
414.8,0.020287
414.82,0.020755
414.83,0.021222
414.85,0.02169
414.87,0.022158
414.89,0.022626
414.9,0.023094
414.92,0.023562
414.94,0.024031
414.95,0.024499
414.97,0.024968
414.99,0.025436
415.01,0.025905
415.02,0.026374
415.04,0.026843
415.06,0.027312
415.08,0.027782
415.09,0.028251
415.11,0.028721
415.13,0.02919
415.14,0.02966
415.16,0.03013
415.18,0.030599
415.2,0.031069
415.21,0.031539
415.23,0.03201
415.25,0.03248
415.27,0.03295
415.28,0.03342
415.3,0.033891
415.32,0.034361
415.33,0.034832
415.35,0.035302
415.37,0.035773
415.39,0.036243
415.4,0.036714
415.42,0.037185
415.44,0.037655
415.45,0.038126
415.47,0.038597
415.49,0.039068
415.51,0.039539
415.52,0.04001
415.54,0.040481
415.56,0.040952
415.58,0.041423
415.59,0.041894
415.61,0.042365
415.63,0.042836
415.64,0.043307
415.66,0.043778
415.68,0.044249
415.7,0.04472
415.71,0.045191
415.73,0.045662
415.75,0.046133
415.77,0.046604
415.78,0.047074
415.8,0.047545
415.82,0.048016
415.83,0.048487
415.85,0.048958
415.87,0.049429
415.89,0.049899
415.9,0.05037
415.92,0.050841
415.94,0.051311
415.96,0.051782
415.97,0.052252
415.99,0.052723
416.01,0.053193
416.03,0.053663
416.04,0.054133
416.06,0.054604
416.08,0.055074
416.09,0.055544
416.11,0.056014
416.13,0.056483
416.15,0.056953
416.16,0.057423
416.18,0.057892
416.2,0.058362
416.22,0.058831
416.23,0.0593
416.25,0.05977
416.27,0.060239
416.29,0.060708
416.3,0.061176
416.32,0.061645
416.34,0.062114
416.35,0.062582
416.37,0.063051
416.39,0.063519
416.41,0.063987
416.42,0.064455
416.44,0.064923
416.46,0.06539
416.48,0.065858
416.49,0.066325
416.51,0.066792
416.53,0.06726
416.55,0.067726
416.56,0.068193
416.58,0.06866
416.6,0.069126
416.61,0.069593
416.63,0.070059
416.65,0.070525
416.67,0.07099
416.68,0.071456
416.7,0.071921
416.72,0.072386
416.74,0.072851
416.75,0.073316
416.77,0.073781
416.79,0.074245
416.81,0.07471
416.82,0.075174
416.84,0.075637
416.86,0.076101
416.88,0.076564
416.89,0.077028
416.91,0.077491
416.93,0.077953
416.94,0.078416
416.96,0.078878
416.98,0.07934
417,0.079802
417.01,0.080264
417.03,0.080725
417.05,0.081186
417.07,0.081647
417.08,0.082108
417.1,0.082568
417.12,0.083028
417.14,0.083488
417.15,0.083948
417.17,0.084407
417.19,0.084866
417.21,0.085325
417.22,0.085784
417.24,0.086242
417.26,0.0867
417.28,0.087158
417.29,0.087615
417.31,0.088073
417.33,0.08853
417.34,0.088986
417.36,0.089443
417.38,0.089899
417.4,0.090354
417.41,0.09081
417.43,0.091265
417.45,0.09172
417.47,0.092174
417.48,0.092629
417.5,0.093083
417.52,0.093536
417.54,0.09399
417.55,0.094443
417.57,0.094895
417.59,0.095348
417.61,0.0958
417.62,0.096251
417.64,0.096703
417.66,0.097154
417.68,0.097604
417.69,0.098055
417.71,0.098505
417.73,0.098954
417.75,0.099404
417.76,0.099853
417.78,0.1003
417.8,0.10075
417.82,0.1012
417.83,0.10164
417.85,0.10209
417.87,0.10254
417.89,0.10299
417.9,0.10343
417.92,0.10388
417.94,0.10432
417.96,0.10477
417.97,0.10521
417.99,0.10566
418.01,0.1061
418.03,0.10654
418.04,0.10699
418.06,0.10743
418.08,0.10787
418.1,0.10831
418.11,0.10875
418.13,0.1092
418.15,0.10964
418.17,0.11008
418.18,0.11052
418.2,0.11096
418.22,0.11139
418.24,0.11183
418.25,0.11227
418.27,0.11271
418.29,0.11315
418.31,0.11358
418.32,0.11402
418.34,0.11446
418.36,0.11489
418.38,0.11533
418.39,0.11576
418.41,0.1162
418.43,0.11663
418.45,0.11706
418.46,0.1175
418.48,0.11793
418.5,0.11836
418.52,0.11879
418.53,0.11922
418.55,0.11965
418.57,0.12009
418.59,0.12052
418.6,0.12094
418.62,0.12137
418.64,0.1218
418.66,0.12223
418.67,0.12266
418.69,0.12308
418.71,0.12351
418.73,0.12394
418.74,0.12436
418.76,0.12479
418.78,0.12521
418.8,0.12564
418.81,0.12606
418.83,0.12648
418.85,0.12691
418.87,0.12733
418.88,0.12775
418.9,0.12817
418.92,0.12859
418.94,0.12901
418.95,0.12943
418.97,0.12985
418.99,0.13027
419.01,0.13069
419.02,0.13111
419.04,0.13153
419.06,0.13194
419.08,0.13236
419.09,0.13277
419.11,0.13319
419.13,0.1336
419.15,0.13402
419.16,0.13443
419.18,0.13485
419.2,0.13526
419.22,0.13567
419.23,0.13608
419.25,0.13649
419.27,0.1369
419.29,0.13731
419.3,0.13772
419.32,0.13813
419.34,0.13854
419.36,0.13895
419.38,0.13936
419.39,0.13976
419.41,0.14017
419.43,0.14058
419.45,0.14098
419.46,0.14139
419.48,0.14179
419.5,0.14219
419.52,0.1426
419.53,0.143
419.55,0.1434
419.57,0.1438
419.59,0.1442
419.6,0.1446
419.62,0.145
419.64,0.1454
419.66,0.1458
419.67,0.1462
419.69,0.1466
419.71,0.147
419.73,0.14739
419.74,0.14779
419.76,0.14818
419.78,0.14858
419.8,0.14897
419.82,0.14937
419.83,0.14976
419.85,0.15015
419.87,0.15054
419.89,0.15094
419.9,0.15133
419.92,0.15172
419.94,0.15211
419.96,0.1525
419.97,0.15288
419.99,0.15327
420.01,0.15366
420.03,0.15405
420.04,0.15443
420.06,0.15482
420.08,0.1552
420.1,0.15559
420.12,0.15597
420.13,0.15636
420.15,0.15674
420.17,0.15712
420.19,0.1575
420.2,0.15788
420.22,0.15827
420.24,0.15865
420.26,0.15902
420.27,0.1594
420.29,0.15978
420.31,0.16016
420.33,0.16054
420.34,0.16091
420.36,0.16129
420.38,0.16166
420.4,0.16204
420.42,0.16241
420.43,0.16279
420.45,0.16316
420.47,0.16353
420.49,0.16391
420.5,0.16428
420.52,0.16465
420.54,0.16502
420.56,0.16539
420.57,0.16576
420.59,0.16612
420.61,0.16649
420.63,0.16686
420.65,0.16723
420.66,0.16759
420.68,0.16796
420.7,0.16832
420.72,0.16869
420.73,0.16905
420.75,0.16941
420.77,0.16978
420.79,0.17014
420.8,0.1705
420.82,0.17086
420.84,0.17122
420.86,0.17158
420.88,0.17194
420.89,0.1723
420.91,0.17266
420.93,0.17301
420.95,0.17337
420.96,0.17373
420.98,0.17408
421,0.17444
421.02,0.17479
421.03,0.17515
421.05,0.1755
421.07,0.17585
421.09,0.17621
421.11,0.17656
421.12,0.17691
421.14,0.17726
421.16,0.17761
421.18,0.17796
421.19,0.17831
421.21,0.17866
421.23,0.179
421.25,0.17935
421.27,0.1797
421.28,0.18004
421.3,0.18039
421.32,0.18073
421.34,0.18108
421.35,0.18142
421.37,0.18176
421.39,0.18211
421.41,0.18245
421.43,0.18279
421.44,0.18313
421.46,0.18347
421.48,0.18381
421.5,0.18415
421.51,0.18449
421.53,0.18483
421.55,0.18517
421.57,0.1855
421.59,0.18584
421.6,0.18617
421.62,0.18651
421.64,0.18685
421.66,0.18718
421.67,0.18751
421.69,0.18785
421.71,0.18818
421.73,0.18851
421.75,0.18884
421.76,0.18917
421.78,0.18951
421.8,0.18984
421.82,0.19017
421.83,0.19049
421.85,0.19082
421.87,0.19115
421.89,0.19148
421.91,0.19181
421.92,0.19213
421.94,0.19246
421.96,0.19278
421.98,0.19311
421.99,0.19343
422.01,0.19376
422.03,0.19408
422.05,0.1944
422.07,0.19473
422.08,0.19505
422.1,0.19537
422.12,0.19569
422.14,0.19601
422.15,0.19633
422.17,0.19665
422.19,0.19697
422.21,0.19729
422.23,0.19761
422.24,0.19792
422.26,0.19824
422.28,0.19856
422.3,0.19887
422.32,0.19919
422.33,0.1995
422.35,0.19982
422.37,0.20013
422.39,0.20045
422.4,0.20076
422.42,0.20107
422.44,0.20138
422.46,0.2017
422.48,0.20201
422.49,0.20232
422.51,0.20263
422.53,0.20294
422.55,0.20325
422.56,0.20356
422.58,0.20387
422.6,0.20418
422.62,0.20449
422.64,0.20479
422.65,0.2051
422.67,0.20541
422.69,0.20571
422.71,0.20602
422.73,0.20633
422.74,0.20663
422.76,0.20694
422.78,0.20724
422.8,0.20754
422.82,0.20785
422.83,0.20815
422.85,0.20845
422.87,0.20876
422.89,0.20906
422.9,0.20936
422.92,0.20966
422.94,0.20996
422.96,0.21026
422.98,0.21056
422.99,0.21086
423.01,0.21116
423.03,0.21146
423.05,0.21176
423.07,0.21206
423.08,0.21236
423.1,0.21266
423.12,0.21295
423.14,0.21325
423.16,0.21355
423.17,0.21384
423.19,0.21414
423.21,0.21444
423.23,0.21473
423.24,0.21503
423.26,0.21532
423.28,0.21562
423.3,0.21591
423.32,0.21621
423.33,0.2165
423.35,0.21679
423.37,0.21709
423.39,0.21738
423.41,0.21767
423.42,0.21797
423.44,0.21826
423.46,0.21855
423.48,0.21884
423.5,0.21913
423.51,0.21942
423.53,0.21972
423.55,0.22001
423.57,0.2203
423.59,0.22059
423.6,0.22088
423.62,0.22117
423.64,0.22146
423.66,0.22175
423.67,0.22204
423.69,0.22232
423.71,0.22261
423.73,0.2229
423.75,0.22319
423.76,0.22348
423.78,0.22377
423.8,0.22406
423.82,0.22434
423.84,0.22463
423.85,0.22492
423.87,0.22521
423.89,0.22549
423.91,0.22578
423.93,0.22607
423.94,0.22635
423.96,0.22664
423.98,0.22693
424,0.22721
424.02,0.2275
424.03,0.22778
424.05,0.22807
424.07,0.22836
424.09,0.22864
424.11,0.22893
424.12,0.22921
424.14,0.2295
424.16,0.22979
424.18,0.23007
424.2,0.23036
424.21,0.23064
424.23,0.23093
424.25,0.23121
424.27,0.2315
424.29,0.23178
424.3,0.23207
424.32,0.23235
424.34,0.23264
424.36,0.23292
424.38,0.23321
424.39,0.23349
424.41,0.23378
424.43,0.23406
424.45,0.23435
424.47,0.23463
424.48,0.23492
424.5,0.2352
424.52,0.23549
424.54,0.23577
424.56,0.23606
424.57,0.23634
424.59,0.23663
424.61,0.23691
424.63,0.2372
424.65,0.23749
424.66,0.23777
424.68,0.23806
424.7,0.23834
424.72,0.23863
424.74,0.23891
424.75,0.2392
424.77,0.23949
424.79,0.23977
424.81,0.24006
424.83,0.24035
424.84,0.24063
424.86,0.24092
424.88,0.24121
424.9,0.24149
424.92,0.24178
424.94,0.24207
424.95,0.24236
424.97,0.24264
424.99,0.24293
425.01,0.24322
425.03,0.24351
425.04,0.2438
425.06,0.24409
425.08,0.24437
425.1,0.24466
425.12,0.24495
425.13,0.24524
425.15,0.24553
425.17,0.24582
425.19,0.24611
425.21,0.2464
425.22,0.24669
425.24,0.24699
425.26,0.24728
425.28,0.24757
425.3,0.24786
425.31,0.24815
425.33,0.24845
425.35,0.24874
425.37,0.24903
425.39,0.24933
425.41,0.24962
425.42,0.24991
425.44,0.25021
425.46,0.2505
425.48,0.2508
425.5,0.25109
425.51,0.25139
425.53,0.25169
425.55,0.25198
425.57,0.25228
425.59,0.25258
425.6,0.25288
425.62,0.25317
425.64,0.25347
425.66,0.25377
425.68,0.25407
425.69,0.25437
425.71,0.25467
425.73,0.25497
425.75,0.25527
425.77,0.25558
425.79,0.25588
425.8,0.25618
425.82,0.25648
425.84,0.25679
425.86,0.25709
425.88,0.2574
425.89,0.2577
425.91,0.25801
425.93,0.25831
425.95,0.25862
425.97,0.25893
425.99,0.25924
426,0.25954
426.02,0.25985
426.04,0.26016
426.06,0.26047
426.08,0.26078
426.09,0.2611
426.11,0.26141
426.13,0.26172
426.15,0.26203
426.17,0.26235
426.18,0.26266
426.2,0.26297
426.22,0.26329
426.24,0.26361
426.26,0.26392
426.28,0.26424
426.29,0.26456
426.31,0.26488
426.33,0.2652
426.35,0.26552
426.37,0.26584
426.38,0.26616
426.4,0.26648
426.42,0.2668
426.44,0.26713
426.46,0.26745
426.48,0.26778
426.49,0.2681
426.51,0.26843
426.53,0.26876
426.55,0.26908
426.57,0.26941
426.58,0.26974
426.6,0.27007
426.62,0.2704
426.64,0.27073
426.66,0.27107
426.68,0.2714
426.69,0.27173
426.71,0.27207
426.73,0.2724
426.75,0.27274
426.77,0.27308
426.79,0.27342
426.8,0.27376
426.82,0.2741
426.84,0.27444
426.86,0.27478
426.88,0.27512
426.89,0.27546
426.91,0.27581
426.93,0.27615
426.95,0.2765
426.97,0.27685
426.99,0.2772
427,0.27754
427.02,0.27789
427.04,0.27824
427.06,0.2786
427.08,0.27895
427.09,0.2793
427.11,0.27966
427.13,0.28001
427.15,0.28037
427.17,0.28073
427.19,0.28108
427.2,0.28144
427.22,0.2818
427.24,0.28217
427.26,0.28253
427.28,0.28289
427.3,0.28326
427.31,0.28362
427.33,0.28399
427.35,0.28436
427.37,0.28473
427.39,0.28509
427.41,0.28547
427.42,0.28584
427.44,0.28621
427.46,0.28658
427.48,0.28696
427.5,0.28734
427.51,0.28771
427.53,0.28809
427.55,0.28847
427.57,0.28885
427.59,0.28923
427.61,0.28962
427.62,0.29
427.64,0.29039
427.66,0.29077
427.68,0.29116
427.7,0.29155
427.72,0.29194
427.73,0.29233
427.75,0.29272
427.77,0.29312
427.79,0.29351
427.81,0.29391
427.83,0.29431
427.84,0.2947
427.86,0.2951
427.88,0.2955
427.9,0.29591
427.92,0.29631
427.94,0.29671
427.95,0.29712
427.97,0.29753
427.99,0.29794
428.01,0.29835
428.03,0.29876
428.05,0.29917
428.06,0.29958
428.08,0.3
428.1,0.30041
428.12,0.30083
428.14,0.30125
428.16,0.30167
428.17,0.30209
428.19,0.30252
428.21,0.30294
428.23,0.30337
428.25,0.30379
428.27,0.30422
428.28,0.30465
428.3,0.30508
428.32,0.30552
428.34,0.30595
428.36,0.30638
428.38,0.30682
428.39,0.30726
428.41,0.3077
428.43,0.30814
428.45,0.30858
428.47,0.30903
428.49,0.30947
428.5,0.30992
428.52,0.31037
428.54,0.31082
428.56,0.31127
428.58,0.31172
428.6,0.31217
428.61,0.31263
428.63,0.31309
428.65,0.31354
428.67,0.314
428.69,0.31447
428.71,0.31493
428.72,0.31539
428.74,0.31586
428.76,0.31633
428.78,0.3168
428.8,0.31727
428.82,0.31774
428.83,0.31821
428.85,0.31869
428.87,0.31916
428.89,0.31964
428.91,0.32012
428.93,0.3206
428.95,0.32109
428.96,0.32157
428.98,0.32206
429,0.32255
429.02,0.32304
429.04,0.32353
429.06,0.32402
429.07,0.32451
429.09,0.32501
429.11,0.32551
429.13,0.32601
429.15,0.32651
429.17,0.32701
429.18,0.32751
429.2,0.32802
429.22,0.32853
429.24,0.32903
429.26,0.32955
429.28,0.33006
429.3,0.33057
429.31,0.33109
429.33,0.3316
429.35,0.33212
429.37,0.33264
429.39,0.33317
429.41,0.33369
429.42,0.33422
429.44,0.33474
429.46,0.33527
429.48,0.3358
429.5,0.33634
429.52,0.33687
429.53,0.33741
429.55,0.33794
429.57,0.33848
429.59,0.33902
429.61,0.33957
429.63,0.34011
429.65,0.34066
429.66,0.34121
429.68,0.34176
429.7,0.34231
429.72,0.34286
429.74,0.34342
429.76,0.34397
429.77,0.34453
429.79,0.34509
429.81,0.34566
429.83,0.34622
429.85,0.34679
429.87,0.34735
429.89,0.34792
429.9,0.3485
429.92,0.34907
429.94,0.34964
429.96,0.35022
429.98,0.3508
430,0.35138
430.02,0.35196
430.03,0.35255
430.05,0.35313
430.07,0.35372
430.09,0.35431
430.11,0.3549
430.13,0.3555
430.14,0.35609
430.16,0.35669
430.18,0.35729
430.2,0.35789
430.22,0.35849
430.24,0.35909
430.26,0.3597
430.27,0.36031
430.29,0.36092
430.31,0.36153
430.33,0.36215
430.35,0.36276
430.37,0.36338
430.39,0.364
430.4,0.36462
430.42,0.36524
430.44,0.36587
430.46,0.3665
430.48,0.36712
430.5,0.36776
430.51,0.36839
430.53,0.36902
430.55,0.36966
430.57,0.3703
430.59,0.37094
430.61,0.37158
430.63,0.37223
430.64,0.37287
430.66,0.37352
430.68,0.37417
430.7,0.37482
430.72,0.37548
430.74,0.37613
430.76,0.37679
430.77,0.37745
430.79,0.37811
430.81,0.37878
430.83,0.37944
430.85,0.38011
430.87,0.38078
430.89,0.38145
430.9,0.38212
430.92,0.3828
430.94,0.38348
430.96,0.38416
430.98,0.38484
431,0.38552
431.02,0.38621
431.03,0.38689
431.05,0.38758
431.07,0.38828
431.09,0.38897
431.11,0.38966
431.13,0.39036
431.15,0.39106
431.16,0.39176
431.18,0.39246
431.2,0.39317
431.22,0.39388
431.24,0.39459
431.26,0.3953
431.28,0.39601
431.29,0.39672
431.31,0.39744
431.33,0.39816
431.35,0.39888
431.37,0.39961
431.39,0.40033
431.41,0.40106
431.42,0.40179
431.44,0.40252
431.46,0.40325
431.48,0.40399
431.5,0.40472
431.52,0.40546
431.54,0.4062
431.56,0.40695
431.57,0.40769
431.59,0.40844
431.61,0.40919
431.63,0.40994
431.65,0.41069
431.67,0.41145
431.69,0.4122
431.7,0.41296
431.72,0.41372
431.74,0.41449
431.76,0.41525
431.78,0.41602
431.8,0.41679
431.82,0.41756
431.83,0.41833
431.85,0.41911
431.87,0.41988
431.89,0.42066
431.91,0.42144
431.93,0.42223
431.95,0.42301
431.97,0.4238
431.98,0.42459
432,0.42538
432.02,0.42617
432.04,0.42697
432.06,0.42777
432.08,0.42856
432.1,0.42937
432.11,0.43017
432.13,0.43097
432.15,0.43178
432.17,0.43259
432.19,0.4334
432.21,0.43422
432.23,0.43503
432.25,0.43585
432.26,0.43667
432.28,0.43749
432.3,0.43831
432.32,0.43914
432.34,0.43996
432.36,0.44079
432.38,0.44162
432.4,0.44246
432.41,0.44329
432.43,0.44413
432.45,0.44497
432.47,0.44581
432.49,0.44665
432.51,0.4475
432.53,0.44835
432.54,0.4492
432.56,0.45005
432.58,0.4509
432.6,0.45175
432.62,0.45261
432.64,0.45347
432.66,0.45433
432.68,0.45519
432.69,0.45606
432.71,0.45693
432.73,0.4578
432.75,0.45867
432.77,0.45954
432.79,0.46041
432.81,0.46129
432.83,0.46217
432.84,0.46305
432.86,0.46393
432.88,0.46482
432.9,0.4657
432.92,0.46659
432.94,0.46748
432.96,0.46838
432.98,0.46927
432.99,0.47017
433.01,0.47106
433.03,0.47196
433.05,0.47287
433.07,0.47377
433.09,0.47468
433.11,0.47558
433.13,0.47649
433.14,0.47741
433.16,0.47832
433.18,0.47923
433.2,0.48015
433.22,0.48107
433.24,0.48199
433.26,0.48292
433.28,0.48384
433.29,0.48477
433.31,0.4857
433.33,0.48663
433.35,0.48756
433.37,0.48849
433.39,0.48943
433.41,0.49037
433.43,0.49131
433.44,0.49225
433.46,0.49319
433.48,0.49414
433.5,0.49509
433.52,0.49604
433.54,0.49699
433.56,0.49794
433.58,0.4989
433.59,0.49985
433.61,0.50081
433.63,0.50177
433.65,0.50274
433.67,0.5037
433.69,0.50467
433.71,0.50563
433.73,0.5066
433.75,0.50757
433.76,0.50855
433.78,0.50952
433.8,0.5105
433.82,0.51148
433.84,0.51246
433.86,0.51344
433.88,0.51442
433.9,0.51541
433.91,0.5164
433.93,0.51739
433.95,0.51838
433.97,0.51937
433.99,0.52037
434.01,0.52136
434.03,0.52236
434.05,0.52336
434.07,0.52436
434.08,0.52536
434.1,0.52637
434.12,0.52738
434.14,0.52838
434.16,0.52939
434.18,0.53041
434.2,0.53142
434.22,0.53243
434.24,0.53345
434.25,0.53447
434.27,0.53549
434.29,0.53651
434.31,0.53754
434.33,0.53856
434.35,0.53959
434.37,0.54062
434.39,0.54165
434.4,0.54268
434.42,0.54371
434.44,0.54475
434.46,0.54578
434.48,0.54682
434.5,0.54786
434.52,0.5489
434.54,0.54995
434.56,0.55099
434.57,0.55204
434.59,0.55308
434.61,0.55413
434.63,0.55518
434.65,0.55624
434.67,0.55729
434.69,0.55835
434.71,0.5594
434.73,0.56046
434.74,0.56152
434.76,0.56258
434.78,0.56365
434.8,0.56471
434.82,0.56578
434.84,0.56684
434.86,0.56791
434.88,0.56898
434.9,0.57005
434.91,0.57113
434.93,0.5722
434.95,0.57328
434.97,0.57436
434.99,0.57544
435.01,0.57652
435.03,0.5776
435.05,0.57868
435.07,0.57977
435.09,0.58085
435.1,0.58194
435.12,0.58303
435.14,0.58412
435.16,0.58521
435.18,0.5863
435.2,0.5874
435.22,0.58849
435.24,0.58959
435.26,0.59069
435.27,0.59178
435.29,0.59289
435.31,0.59399
435.33,0.59509
435.35,0.59619
435.37,0.5973
435.39,0.59841
435.41,0.59951
435.43,0.60062
435.45,0.60173
435.46,0.60285
435.48,0.60396
435.5,0.60507
435.52,0.60619
435.54,0.6073
435.56,0.60842
435.58,0.60954
435.6,0.61066
435.62,0.61178
435.63,0.6129
435.65,0.61403
435.67,0.61515
435.69,0.61628
435.71,0.6174
435.73,0.61853
435.75,0.61966
435.77,0.62079
435.79,0.62192
435.81,0.62305
435.82,0.62418
435.84,0.62531
435.86,0.62645
435.88,0.62758
435.9,0.62872
435.92,0.62986
435.94,0.631
435.96,0.63214
435.98,0.63328
436,0.63442
436.01,0.63556
436.03,0.6367
436.05,0.63785
436.07,0.63899
436.09,0.64013
436.11,0.64128
436.13,0.64243
436.15,0.64358
436.17,0.64472
436.19,0.64587
436.21,0.64702
436.22,0.64817
436.24,0.64933
436.26,0.65048
436.28,0.65163
436.3,0.65279
436.32,0.65394
436.34,0.6551
436.36,0.65625
436.38,0.65741
436.4,0.65856
436.41,0.65972
436.43,0.66088
436.45,0.66204
436.47,0.6632
436.49,0.66436
436.51,0.66552
436.53,0.66668
436.55,0.66784
436.57,0.669
436.59,0.67017
436.6,0.67133
436.62,0.67249
436.64,0.67366
436.66,0.67482
436.68,0.67599
436.7,0.67715
436.72,0.67832
436.74,0.67949
436.76,0.68065
436.78,0.68182
436.8,0.68299
436.81,0.68415
436.83,0.68532
436.85,0.68649
436.87,0.68766
436.89,0.68883
436.91,0.69
436.93,0.69117
436.95,0.69234
436.97,0.69351
436.99,0.69468
437.01,0.69585
437.02,0.69702
437.04,0.69819
437.06,0.69936
437.08,0.70053
437.1,0.7017
437.12,0.70287
437.14,0.70404
437.16,0.70521
437.18,0.70638
437.2,0.70755
437.22,0.70872
437.23,0.7099
437.25,0.71107
437.27,0.71224
437.29,0.71341
437.31,0.71458
437.33,0.71575
437.35,0.71692
437.37,0.71809
437.39,0.71926
437.41,0.72043
437.43,0.7216
437.45,0.72277
437.46,0.72394
437.48,0.72511
437.5,0.72628
437.52,0.72745
437.54,0.72861
437.56,0.72978
437.58,0.73095
437.6,0.73212
437.62,0.73328
437.64,0.73445
437.66,0.73562
437.68,0.73678
437.69,0.73795
437.71,0.73911
437.73,0.74028
437.75,0.74144
437.77,0.7426
437.79,0.74377
437.81,0.74493
437.83,0.74609
437.85,0.74725
437.87,0.74841
437.89,0.74957
437.91,0.75073
437.92,0.75189
437.94,0.75305
437.96,0.7542
437.98,0.75536
438,0.75652
438.02,0.75767
438.04,0.75882
438.06,0.75998
438.08,0.76113
438.1,0.76228
438.12,0.76343
438.14,0.76458
438.15,0.76573
438.17,0.76688
438.19,0.76802
438.21,0.76917
438.23,0.77032
438.25,0.77146
438.27,0.7726
438.29,0.77374
438.31,0.77488
438.33,0.77602
438.35,0.77716
438.37,0.7783
438.38,0.77944
438.4,0.78057
438.42,0.7817
438.44,0.78284
438.46,0.78397
438.48,0.7851
438.5,0.78623
438.52,0.78735
438.54,0.78848
438.56,0.78961
438.58,0.79073
438.6,0.79185
438.62,0.79297
438.63,0.79409
438.65,0.79521
438.67,0.79632
438.69,0.79744
438.71,0.79855
438.73,0.79966
438.75,0.80077
438.77,0.80188
438.79,0.80299
438.81,0.80409
438.83,0.8052
438.85,0.8063
438.87,0.8074
438.89,0.8085
438.9,0.80959
438.92,0.81069
438.94,0.81178
438.96,0.81287
438.98,0.81396
439,0.81505
439.02,0.81613
439.04,0.81722
439.06,0.8183
439.08,0.81938
439.1,0.82045
439.12,0.82153
439.14,0.8226
439.16,0.82367
439.17,0.82474
439.19,0.82581
439.21,0.82688
439.23,0.82794
439.25,0.829
439.27,0.83006
439.29,0.83111
439.31,0.83217
439.33,0.83322
439.35,0.83427
439.37,0.83532
439.39,0.83636
439.41,0.8374
439.43,0.83844
439.44,0.83948
439.46,0.84052
439.48,0.84155
439.5,0.84258
439.52,0.84361
439.54,0.84463
439.56,0.84566
439.58,0.84668
439.6,0.84769
439.62,0.84871
439.64,0.84972
439.66,0.85073
439.68,0.85174
439.7,0.85274
439.72,0.85374
439.73,0.85474
439.75,0.85573
439.77,0.85673
439.79,0.85772
439.81,0.8587
439.83,0.85969
439.85,0.86067
439.87,0.86165
439.89,0.86262
439.91,0.8636
439.93,0.86456
439.95,0.86553
439.97,0.86649
439.99,0.86745
440.01,0.86841
440.02,0.86936
440.04,0.87032
440.06,0.87126
440.08,0.87221
440.1,0.87315
440.12,0.87409
440.14,0.87502
440.16,0.87595
440.18,0.87688
440.2,0.8778
440.22,0.87872
440.24,0.87964
440.26,0.88055
440.28,0.88147
440.3,0.88237
440.32,0.88328
440.33,0.88418
440.35,0.88507
440.37,0.88597
440.39,0.88685
440.41,0.88774
440.43,0.88862
440.45,0.8895
440.47,0.89037
440.49,0.89125
440.51,0.89211
440.53,0.89298
440.55,0.89384
440.57,0.89469
440.59,0.89554
440.61,0.89639
440.63,0.89723
440.65,0.89807
440.66,0.89891
440.68,0.89974
440.7,0.90057
440.72,0.90139
440.74,0.90221
440.76,0.90303
440.78,0.90384
440.8,0.90465
440.82,0.90545
440.84,0.90625
440.86,0.90705
440.88,0.90784
440.9,0.90863
440.92,0.90941
440.94,0.91019
440.96,0.91096
440.98,0.91173
440.99,0.91249
441.01,0.91326
441.03,0.91401
441.05,0.91476
441.07,0.91551
441.09,0.91625
441.11,0.91699
441.13,0.91773
441.15,0.91846
441.17,0.91918
441.19,0.9199
441.21,0.92062
441.23,0.92133
441.25,0.92203
441.27,0.92273
441.29,0.92343
441.31,0.92412
441.33,0.92481
441.35,0.92549
441.36,0.92617
441.38,0.92684
441.4,0.92751
441.42,0.92818
441.44,0.92883
441.46,0.92949
441.48,0.93014
441.5,0.93078
441.52,0.93142
441.54,0.93205
441.56,0.93268
441.58,0.9333
441.6,0.93392
441.62,0.93454
441.64,0.93514
441.66,0.93575
441.68,0.93635
441.7,0.93694
441.72,0.93753
441.74,0.93811
441.75,0.93868
441.77,0.93926
441.79,0.93982
441.81,0.94038
441.83,0.94094
441.85,0.94149
441.87,0.94204
441.89,0.94258
441.91,0.94311
441.93,0.94364
441.95,0.94416
441.97,0.94468
441.99,0.94519
442.01,0.9457
442.03,0.9462
442.05,0.9467
442.07,0.94719
442.09,0.94768
442.11,0.94815
442.13,0.94863
442.15,0.9491
442.16,0.94956
442.18,0.95002
442.2,0.95047
442.22,0.95091
442.24,0.95135
442.26,0.95179
442.28,0.95221
442.3,0.95264
442.32,0.95305
442.34,0.95346
442.36,0.95387
442.38,0.95427
442.4,0.95466
442.42,0.95505
442.44,0.95543
442.46,0.9558
442.48,0.95617
442.5,0.95654
442.52,0.9569
442.54,0.95725
442.56,0.95759
442.58,0.95793
442.6,0.95827
442.61,0.95859
442.63,0.95891
442.65,0.95923
442.67,0.95954
442.69,0.95984
442.71,0.96014
442.73,0.96043
442.75,0.96071
442.77,0.96099
442.79,0.96126
442.81,0.96153
442.83,0.96179
442.85,0.96204
442.87,0.96229
442.89,0.96253
442.91,0.96277
442.93,0.96299
442.95,0.96322
442.97,0.96343
442.99,0.96364
443.01,0.96384
443.03,0.96404
443.05,0.96423
443.07,0.96442
443.09,0.96459
443.11,0.96476
443.12,0.96493
443.14,0.96509
443.16,0.96524
443.18,0.96538
443.2,0.96552
443.22,0.96565
443.24,0.96578
443.26,0.9659
443.28,0.96601
443.3,0.96612
443.32,0.96622
443.34,0.96631
443.36,0.9664
443.38,0.96648
443.4,0.96655
443.42,0.96662
443.44,0.96668
443.46,0.96673
443.48,0.96678
443.5,0.96682
443.52,0.96685
443.54,0.96688
443.56,0.9669
443.58,0.96691
443.6,0.96692
443.62,0.96692
443.64,0.96691
443.66,0.9669
443.68,0.96688
443.7,0.96685
443.71,0.96682
443.73,0.96678
443.75,0.96673
443.77,0.96667
443.79,0.96661
443.81,0.96655
443.83,0.96647
443.85,0.96639
443.87,0.9663
443.89,0.96621
443.91,0.96611
443.93,0.966
443.95,0.96588
443.97,0.96576
443.99,0.96563
444.01,0.9655
444.03,0.96535
444.05,0.9652
444.07,0.96505
444.09,0.96489
444.11,0.96472
444.13,0.96454
444.15,0.96435
444.17,0.96416
444.19,0.96397
444.21,0.96376
444.23,0.96355
444.25,0.96333
444.27,0.96311
444.29,0.96288
444.31,0.96264
444.33,0.96239
444.35,0.96214
444.37,0.96188
444.39,0.96161
444.4,0.96134
444.42,0.96106
444.44,0.96077
444.46,0.96048
444.48,0.96018
444.5,0.95987
444.52,0.95955
444.54,0.95923
444.56,0.9589
444.58,0.95857
444.6,0.95822
444.62,0.95787
444.64,0.95752
444.66,0.95715
444.68,0.95678
444.7,0.9564
444.72,0.95602
444.74,0.95563
444.76,0.95523
444.78,0.95483
444.8,0.95441
444.82,0.95399
444.84,0.95357
444.86,0.95314
444.88,0.9527
444.9,0.95225
444.92,0.9518
444.94,0.95133
444.96,0.95087
444.98,0.95039
445,0.94991
445.02,0.94942
445.04,0.94893
445.06,0.94843
445.08,0.94792
445.1,0.9474
445.12,0.94688
445.14,0.94635
445.16,0.94581
445.18,0.94527
445.2,0.94472
445.22,0.94416
445.24,0.9436
445.26,0.94303
445.28,0.94245
445.3,0.94187
445.32,0.94128
445.34,0.94068
445.35,0.94007
445.37,0.93946
445.39,0.93884
445.41,0.93822
445.43,0.93759
445.45,0.93695
445.47,0.9363
445.49,0.93565
445.51,0.93499
445.53,0.93432
445.55,0.93365
445.57,0.93297
445.59,0.93229
445.61,0.93159
445.63,0.93089
445.65,0.93019
445.67,0.92947
445.69,0.92875
445.71,0.92803
445.73,0.92729
445.75,0.92655
445.77,0.92581
445.79,0.92505
445.81,0.9243
445.83,0.92353
445.85,0.92276
445.87,0.92198
445.89,0.92119
445.91,0.9204
445.93,0.9196
445.95,0.91879
445.97,0.91798
445.99,0.91716
446.01,0.91634
446.03,0.9155
446.05,0.91466
446.07,0.91382
446.09,0.91297
446.11,0.91211
446.13,0.91125
446.15,0.91037
446.17,0.9095
446.19,0.90861
446.21,0.90772
446.23,0.90683
446.25,0.90592
446.27,0.90501
446.29,0.9041
446.31,0.90318
446.33,0.90225
446.35,0.90131
446.37,0.90037
446.39,0.89942
446.41,0.89847
446.43,0.89751
446.45,0.89654
446.47,0.89557
446.49,0.89459
446.51,0.89361
446.53,0.89262
446.55,0.89162
446.57,0.89062
446.59,0.88961
446.61,0.88859
446.63,0.88757
446.65,0.88654
446.67,0.88551
446.69,0.88447
446.71,0.88342
446.73,0.88237
446.75,0.88131
446.77,0.88025
446.79,0.87918
446.81,0.8781
446.83,0.87702
446.85,0.87593
446.87,0.87484
446.89,0.87374
446.91,0.87263
446.93,0.87152
446.95,0.8704
446.97,0.86928
446.99,0.86815
447.01,0.86702
447.03,0.86588
447.05,0.86473
447.07,0.86358
447.09,0.86242
447.11,0.86126
447.13,0.86009
447.15,0.85891
447.17,0.85773
447.19,0.85654
447.21,0.85535
447.23,0.85416
447.25,0.85295
447.27,0.85174
447.29,0.85053
447.31,0.84931
447.33,0.84808
447.35,0.84685
447.37,0.84562
447.39,0.84438
447.41,0.84313
447.43,0.84188
447.45,0.84062
447.47,0.83936
447.49,0.83809
447.51,0.83681
447.53,0.83553
447.55,0.83425
447.57,0.83296
447.59,0.83167
447.61,0.83037
447.63,0.82906
447.65,0.82775
447.67,0.82643
447.69,0.82511
447.71,0.82379
447.73,0.82246
447.75,0.82112
447.77,0.81978
447.79,0.81843
447.81,0.81708
447.83,0.81573
447.85,0.81437
447.87,0.813
447.89,0.81163
447.91,0.81025
447.93,0.80887
447.95,0.80749
447.97,0.8061
447.99,0.8047
448.01,0.8033
448.03,0.8019
448.05,0.80049
448.07,0.79907
448.09,0.79765
448.11,0.79623
448.13,0.7948
448.15,0.79337
448.17,0.79193
448.19,0.79049
448.21,0.78904
448.23,0.78759
448.25,0.78614
448.27,0.78468
448.29,0.78321
448.31,0.78174
448.33,0.78027
448.35,0.77879
448.37,0.77731
448.39,0.77582
448.41,0.77433
448.43,0.77284
448.45,0.77134
448.47,0.76983
448.49,0.76832
448.51,0.76681
448.53,0.7653
448.55,0.76377
448.57,0.76225
448.59,0.76072
448.61,0.75919
448.63,0.75765
448.65,0.75611
448.67,0.75456
448.69,0.75302
448.71,0.75146
448.73,0.74991
448.75,0.74834
448.77,0.74678
448.79,0.74521
448.81,0.74364
448.83,0.74206
448.85,0.74048
448.87,0.7389
448.89,0.73731
448.91,0.73572
448.93,0.73412
448.95,0.73252
448.97,0.73092
448.99,0.72931
449.01,0.7277
449.03,0.72609
449.05,0.72447
449.07,0.72285
449.1,0.72123
449.12,0.7196
449.14,0.71797
449.16,0.71634
449.18,0.7147
449.2,0.71306
449.22,0.71141
449.24,0.70977
449.26,0.70811
449.28,0.70646
449.3,0.7048
449.32,0.70314
449.34,0.70148
449.36,0.69981
449.38,0.69814
449.4,0.69646
449.42,0.69479
449.44,0.69311
449.46,0.69142
449.48,0.68974
449.5,0.68805
449.52,0.68636
449.54,0.68466
449.56,0.68296
449.58,0.68126
449.6,0.67956
449.62,0.67785
449.64,0.67614
449.66,0.67443
449.68,0.67272
449.7,0.671
449.72,0.66928
449.74,0.66755
449.76,0.66583
449.78,0.6641
449.8,0.66237
449.82,0.66063
449.84,0.6589
449.86,0.65716
449.88,0.65542
449.9,0.65367
449.92,0.65192
449.94,0.65018
449.96,0.64842
449.98,0.64667
450,0.64491
450.02,0.64315
450.05,0.64139
450.07,0.63963
450.09,0.63786
450.11,0.63609
450.13,0.63432
450.15,0.63255
450.17,0.63078
450.19,0.629
450.21,0.62722
450.23,0.62544
450.25,0.62366
450.27,0.62187
450.29,0.62008
450.31,0.61829
450.33,0.6165
450.35,0.61471
450.37,0.61291
450.39,0.61111
450.41,0.60931
450.43,0.60751
450.45,0.60571
450.47,0.6039
450.49,0.6021
450.51,0.60029
450.53,0.59848
450.55,0.59667
450.57,0.59485
450.59,0.59304
450.61,0.59122
450.63,0.5894
450.65,0.58758
450.67,0.58576
450.69,0.58393
450.71,0.58211
450.73,0.58028
450.76,0.57845
450.78,0.57662
450.8,0.57479
450.82,0.57296
450.84,0.57113
450.86,0.56929
450.88,0.56745
450.9,0.56561
450.92,0.56377
450.94,0.56193
450.96,0.56009
450.98,0.55825
451,0.5564
451.02,0.55456
451.04,0.55271
451.06,0.55086
451.08,0.54901
451.1,0.54716
451.12,0.54531
451.14,0.54346
451.16,0.5416
451.18,0.53975
451.2,0.53789
451.22,0.53604
451.24,0.53418
451.26,0.53232
451.28,0.53046
451.3,0.5286
451.32,0.52674
451.35,0.52488
451.37,0.52301
451.39,0.52115
451.41,0.51929
451.43,0.51742
451.45,0.51556
451.47,0.51369
451.49,0.51182
451.51,0.50995
451.53,0.50808
451.55,0.50622
451.57,0.50435
451.59,0.50247
451.61,0.5006
451.63,0.49873
451.65,0.49686
451.67,0.49499
451.69,0.49311
451.71,0.49124
451.73,0.48937
451.75,0.48749
451.77,0.48562
451.79,0.48374
451.81,0.48187
451.83,0.47999
451.85,0.47811
451.88,0.47624
451.9,0.47436
451.92,0.47248
451.94,0.47061
451.96,0.46873
451.98,0.46685
452,0.46498
452.02,0.4631
452.04,0.46122
452.06,0.45934
452.08,0.45746
452.1,0.45558
452.12,0.45371
452.14,0.45183
452.16,0.44995
452.18,0.44807
452.2,0.44619
452.22,0.44432
452.24,0.44244
452.26,0.44056
452.28,0.43868
452.3,0.4368
452.32,0.43493
452.35,0.43305
452.37,0.43117
452.39,0.4293
452.41,0.42742
452.43,0.42554
452.45,0.42367
452.47,0.42179
452.49,0.41991
452.51,0.41804
452.53,0.41616
452.55,0.41429
452.57,0.41242
452.59,0.41054
452.61,0.40867
452.63,0.4068
452.65,0.40492
452.67,0.40305
452.69,0.40118
452.71,0.39931
452.73,0.39744
452.76,0.39557
452.78,0.3937
452.8,0.39183
452.82,0.38996
452.84,0.3881
452.86,0.38623
452.88,0.38436
452.9,0.3825
452.92,0.38063
452.94,0.37877
452.96,0.3769
452.98,0.37504
453,0.37318
453.02,0.37132
453.04,0.36946
453.06,0.3676
453.08,0.36574
453.1,0.36388
453.12,0.36203
453.14,0.36017
453.17,0.35831
453.19,0.35646
453.21,0.35461
453.23,0.35275
453.25,0.3509
453.27,0.34905
453.29,0.3472
453.31,0.34536
453.33,0.34351
453.35,0.34166
453.37,0.33982
453.39,0.33797
453.41,0.33613
453.43,0.33429
453.45,0.33245
453.47,0.33061
453.49,0.32877
453.51,0.32693
453.54,0.32509
453.56,0.32326
453.58,0.32142
453.6,0.31959
453.62,0.31776
453.64,0.31593
453.66,0.3141
453.68,0.31227
453.7,0.31045
453.72,0.30862
453.74,0.3068
453.76,0.30498
453.78,0.30316
453.8,0.30134
453.82,0.29952
453.84,0.2977
453.86,0.29589
453.89,0.29407
453.91,0.29226
453.93,0.29045
453.95,0.28864
453.97,0.28683
453.99,0.28502
454.01,0.28322
454.03,0.28142
454.05,0.27961
454.07,0.27781
454.09,0.27602
454.11,0.27422
454.13,0.27242
454.15,0.27063
454.17,0.26884
454.19,0.26705
454.22,0.26526
454.24,0.26347
454.26,0.26168
454.28,0.2599
454.3,0.25812
454.32,0.25634
454.34,0.25456
454.36,0.25278
454.38,0.251
454.4,0.24923
454.42,0.24746
454.44,0.24569
454.46,0.24392
454.48,0.24215
454.5,0.24039
454.52,0.23862
454.55,0.23686
454.57,0.2351
454.59,0.23335
454.61,0.23159
454.63,0.22984
454.65,0.22809
454.67,0.22634
454.69,0.22459
454.71,0.22284
454.73,0.2211
454.75,0.21936
454.77,0.21761
454.79,0.21588
454.81,0.21414
454.83,0.21241
454.86,0.21067
454.88,0.20894
454.9,0.20722
454.92,0.20549
454.94,0.20377
454.96,0.20204
454.98,0.20032
455,0.19861
455.02,0.19689
455.04,0.19518
455.06,0.19346
455.08,0.19175
455.1,0.19005
455.12,0.18834
455.15,0.18664
455.17,0.18494
455.19,0.18324
455.21,0.18154
455.23,0.17985
455.25,0.17816
455.27,0.17647
455.29,0.17478
455.31,0.17309
455.33,0.17141
455.35,0.16973
455.37,0.16805
455.39,0.16637
455.41,0.1647
455.44,0.16303
455.46,0.16136
455.48,0.15969
455.5,0.15802
455.52,0.15636
455.54,0.1547
455.56,0.15304
455.58,0.15139
455.6,0.14973
455.62,0.14808
455.64,0.14643
455.66,0.14478
455.68,0.14314
455.71,0.1415
455.73,0.13986
455.75,0.13822
455.77,0.13659
455.79,0.13496
455.81,0.13333
455.83,0.1317
455.85,0.13007
455.87,0.12845
455.89,0.12683
455.91,0.12521
455.93,0.1236
455.95,0.12198
455.98,0.12037
456,0.11877
456.02,0.11716
456.04,0.11556
456.06,0.11396
456.08,0.11236
456.1,0.11076
456.12,0.10917
456.14,0.10758
456.16,0.10599
456.18,0.10441
456.2,0.10282
456.23,0.10124
456.25,0.099666
456.27,0.098091
456.29,0.096518
456.31,0.094948
456.33,0.09338
456.35,0.091816
456.37,0.090253
456.39,0.088693
456.41,0.087136
456.43,0.085582
456.45,0.08403
456.48,0.08248
456.5,0.080933
456.52,0.079389
456.54,0.077848
456.56,0.076309
456.58,0.074772
456.6,0.073239
456.62,0.071708
456.64,0.070179
456.66,0.068653
456.68,0.06713
456.7,0.06561
456.73,0.064092
456.75,0.062577
456.77,0.061064
456.79,0.059555
456.81,0.058047
456.83,0.056543
456.85,0.055041
456.87,0.053542
456.89,0.052046
456.91,0.050552
456.93,0.049061
456.95,0.047573
456.98,0.046087
457,0.044604
457.02,0.043124
457.04,0.041647
457.06,0.040172
457.08,0.0387
457.1,0.037231
457.12,0.035764
457.14,0.0343
457.16,0.032839
457.18,0.031381
457.21,0.029925
457.23,0.028472
457.25,0.027022
457.27,0.025574
457.29,0.02413
457.31,0.022688
457.33,0.021249
457.35,0.019812
457.37,0.018379
457.39,0.016948
457.41,0.01552
457.44,0.014094
457.46,0.012672
457.48,0.011252
457.5,0.0098348
457.52,0.0084205
457.54,0.007009
457.56,0.0056003
457.58,0.0041944
457.6,0.0027912
457.62,0.0013908
457.64,-6.8262e-06
457.67,-0.0014017
457.69,-0.0027937
457.71,-0.0041829
457.73,-0.0055694
457.75,-0.0069531
457.77,-0.008334
457.79,-0.0097121
457.81,-0.011087
457.83,-0.01246
457.85,-0.01383
457.88,-0.015196
457.9,-0.016561
457.92,-0.017922
457.94,-0.01928
457.96,-0.020636
457.98,-0.021989
458,-0.023339
458.02,-0.024687
458.04,-0.026031
458.06,-0.027373
458.09,-0.028712
458.11,-0.030048
458.13,-0.031381
458.15,-0.032712
458.17,-0.034039
458.19,-0.035364
458.21,-0.036686
458.23,-0.038006
458.25,-0.039322
458.27,-0.040636
458.3,-0.041947
458.32,-0.043255
458.34,-0.04456
458.36,-0.045862
458.38,-0.047162
458.4,-0.048459
458.42,-0.049753
458.44,-0.051044
458.46,-0.052333
458.48,-0.053618
458.51,-0.054901
458.53,-0.056181
458.55,-0.057458
458.57,-0.058733
458.59,-0.060005
458.61,-0.061273
458.63,-0.062539
458.65,-0.063803
458.67,-0.065063
458.69,-0.066321
458.72,-0.067576
458.74,-0.068828
458.76,-0.070077
458.78,-0.071324
458.8,-0.072567
458.82,-0.073808
458.84,-0.075047
458.86,-0.076282
458.88,-0.077514
458.91,-0.078744
458.93,-0.079971
458.95,-0.081196
458.97,-0.082417
458.99,-0.083636
459.01,-0.084852
459.03,-0.086065
459.05,-0.087275
459.07,-0.088483
459.09,-0.089688
459.12,-0.09089
459.14,-0.092089
459.16,-0.093286
459.18,-0.09448
459.2,-0.095671
459.22,-0.096859
459.24,-0.098045
459.26,-0.099227
459.28,-0.10041
459.31,-0.10158
459.33,-0.10276
459.35,-0.10393
459.37,-0.1051
459.39,-0.10627
459.41,-0.10743
459.43,-0.10859
459.45,-0.10975
459.47,-0.1109
459.5,-0.11206
459.52,-0.11321
459.54,-0.11435
459.56,-0.1155
459.58,-0.11664
459.6,-0.11778
459.62,-0.11892
459.64,-0.12005
459.66,-0.12118
459.69,-0.12231
459.71,-0.12344
459.73,-0.12456
459.75,-0.12568
459.77,-0.1268
459.79,-0.12791
459.81,-0.12902
459.83,-0.13013
459.85,-0.13124
459.88,-0.13234
459.9,-0.13345
459.92,-0.13454
459.94,-0.13564
459.96,-0.13673
459.98,-0.13783
460,-0.13891
460.02,-0.14
460.05,-0.14108
460.07,-0.14216
460.09,-0.14324
460.11,-0.14431
460.13,-0.14539
460.15,-0.14646
460.17,-0.14752
460.19,-0.14859
460.21,-0.14965
460.24,-0.15071
460.26,-0.15177
460.28,-0.15282
460.3,-0.15387
460.32,-0.15492
460.34,-0.15597
460.36,-0.15701
460.38,-0.15805
460.41,-0.15909
460.43,-0.16013
460.45,-0.16116
460.47,-0.16219
460.49,-0.16322
460.51,-0.16424
460.53,-0.16527
460.55,-0.16629
460.57,-0.16731
460.6,-0.16832
460.62,-0.16933
460.64,-0.17035
460.66,-0.17135
460.68,-0.17236
460.7,-0.17336
460.72,-0.17436
460.74,-0.17536
460.77,-0.17635
460.79,-0.17735
460.81,-0.17834
460.83,-0.17933
460.85,-0.18031
460.87,-0.18129
460.89,-0.18227
460.91,-0.18325
460.94,-0.18423
460.96,-0.1852
460.98,-0.18617
461,-0.18714
461.02,-0.1881
461.04,-0.18907
461.06,-0.19003
461.08,-0.19098
461.11,-0.19194
461.13,-0.19289
461.15,-0.19384
461.17,-0.19479
461.19,-0.19574
461.21,-0.19668
461.23,-0.19762
461.25,-0.19856
461.28,-0.1995
461.3,-0.20043
461.32,-0.20136
461.34,-0.20229
461.36,-0.20322
461.38,-0.20414
461.4,-0.20507
461.42,-0.20599
461.45,-0.2069
461.47,-0.20782
461.49,-0.20873
461.51,-0.20964
461.53,-0.21055
461.55,-0.21145
461.57,-0.21236
461.6,-0.21326
461.62,-0.21416
461.64,-0.21505
461.66,-0.21595
461.68,-0.21684
461.7,-0.21773
461.72,-0.21861
461.74,-0.2195
461.77,-0.22038
461.79,-0.22126
461.81,-0.22214
461.83,-0.22301
461.85,-0.22389
461.87,-0.22476
461.89,-0.22563
461.92,-0.22649
461.94,-0.22736
461.96,-0.22822
461.98,-0.22908
462,-0.22994
462.02,-0.23079
462.04,-0.23164
462.06,-0.23249
462.09,-0.23334
462.11,-0.23419
462.13,-0.23503
462.15,-0.23588
462.17,-0.23672
462.19,-0.23755
462.21,-0.23839
462.24,-0.23922
462.26,-0.24005
462.28,-0.24088
462.3,-0.24171
462.32,-0.24253
462.34,-0.24335
462.36,-0.24417
462.38,-0.24499
462.41,-0.24581
462.43,-0.24662
462.45,-0.24743
462.47,-0.24824
462.49,-0.24905
462.51,-0.24986
462.53,-0.25066
462.56,-0.25146
462.58,-0.25226
462.6,-0.25306
462.62,-0.25385
462.64,-0.25464
462.66,-0.25543
462.68,-0.25622
462.71,-0.25701
462.73,-0.25779
462.75,-0.25857
462.77,-0.25935
462.79,-0.26013
462.81,-0.26091
462.83,-0.26168
462.86,-0.26246
462.88,-0.26323
462.9,-0.26399
462.92,-0.26476
462.94,-0.26552
462.96,-0.26628
462.98,-0.26704
463.01,-0.2678
463.03,-0.26856
463.05,-0.26931
463.07,-0.27006
463.09,-0.27081
463.11,-0.27156
463.13,-0.27231
463.16,-0.27305
463.18,-0.27379
463.2,-0.27453
463.22,-0.27527
463.24,-0.27601
463.26,-0.27674
463.28,-0.27748
463.31,-0.27821
463.33,-0.27894
463.35,-0.27966
463.37,-0.28039
463.39,-0.28111
463.41,-0.28183
463.43,-0.28255
463.46,-0.28327
463.48,-0.28398
463.5,-0.28469
463.52,-0.28541
463.54,-0.28612
463.56,-0.28682
463.59,-0.28753
463.61,-0.28823
463.63,-0.28894
463.65,-0.28964
463.67,-0.29033
463.69,-0.29103
463.71,-0.29173
463.74,-0.29242
463.76,-0.29311
463.78,-0.2938
463.8,-0.29449
463.82,-0.29517
463.84,-0.29586
463.86,-0.29654
463.89,-0.29722
463.91,-0.2979
463.93,-0.29857
463.95,-0.29925
463.97,-0.29992
463.99,-0.30059
464.02,-0.30126
464.04,-0.30193
464.06,-0.3026
464.08,-0.30326
464.1,-0.30392
464.12,-0.30458
464.14,-0.30524
464.17,-0.3059
464.19,-0.30655
464.21,-0.30721
464.23,-0.30786
464.25,-0.30851
464.27,-0.30916
464.3,-0.30981
464.32,-0.31045
464.34,-0.31109
464.36,-0.31174
464.38,-0.31238
464.4,-0.31302
464.43,-0.31365
464.45,-0.31429
464.47,-0.31492
464.49,-0.31555
464.51,-0.31618
464.53,-0.31681
464.55,-0.31744
464.58,-0.31806
464.6,-0.31869
464.62,-0.31931
464.64,-0.31993
464.66,-0.32055
464.68,-0.32116
464.71,-0.32178
464.73,-0.32239
464.75,-0.323
464.77,-0.32361
464.79,-0.32422
464.81,-0.32483
464.84,-0.32544
464.86,-0.32604
464.88,-0.32664
464.9,-0.32724
464.92,-0.32784
464.94,-0.32844
464.96,-0.32904
464.99,-0.32963
465.01,-0.33022
465.03,-0.33082
465.05,-0.3314
465.07,-0.33199
465.09,-0.33258
465.12,-0.33316
465.14,-0.33375
465.16,-0.33433
465.18,-0.33491
465.2,-0.33549
465.22,-0.33607
465.25,-0.33664
465.27,-0.33722
465.29,-0.33779
465.31,-0.33836
465.33,-0.33893
465.35,-0.3395
465.38,-0.34007
465.4,-0.34063
465.42,-0.3412
465.44,-0.34176
465.46,-0.34232
465.48,-0.34288
465.51,-0.34344
465.53,-0.34399
465.55,-0.34455
465.57,-0.3451
465.59,-0.34565
465.61,-0.3462
465.64,-0.34675
465.66,-0.3473
465.68,-0.34785
465.7,-0.34839
465.72,-0.34893
465.74,-0.34948
465.77,-0.35002
465.79,-0.35056
465.81,-0.35109
465.83,-0.35163
465.85,-0.35216
465.87,-0.3527
465.9,-0.35323
465.92,-0.35376
465.94,-0.35429
465.96,-0.35481
465.98,-0.35534
466,-0.35587
466.03,-0.35639
466.05,-0.35691
466.07,-0.35743
466.09,-0.35795
466.11,-0.35847
466.14,-0.35898
466.16,-0.3595
466.18,-0.36001
466.2,-0.36053
466.22,-0.36104
466.24,-0.36155
466.27,-0.36205
466.29,-0.36256
466.31,-0.36307
466.33,-0.36357
466.35,-0.36407
466.37,-0.36457
466.4,-0.36507
466.42,-0.36557
466.44,-0.36607
466.46,-0.36657
466.48,-0.36706
466.5,-0.36755
466.53,-0.36805
466.55,-0.36854
466.57,-0.36902
466.59,-0.36951
466.61,-0.37
466.64,-0.37048
466.66,-0.37097
466.68,-0.37145
466.7,-0.37193
466.72,-0.37241
466.74,-0.37289
466.77,-0.37337
466.79,-0.37384
466.81,-0.37432
466.83,-0.37479
466.85,-0.37527
466.88,-0.37574
466.9,-0.37621
466.92,-0.37667
466.94,-0.37714
466.96,-0.37761
466.98,-0.37807
467.01,-0.37853
467.03,-0.379
467.05,-0.37946
467.07,-0.37992
467.09,-0.38037
467.12,-0.38083
467.14,-0.38129
467.16,-0.38174
467.18,-0.38219
467.2,-0.38265
467.22,-0.3831
467.25,-0.38355
467.27,-0.38399
467.29,-0.38444
467.31,-0.38489
467.33,-0.38533
467.36,-0.38577
467.38,-0.38622
467.4,-0.38666
467.42,-0.3871
467.44,-0.38753
467.46,-0.38797
467.49,-0.38841
467.51,-0.38884
467.53,-0.38927
467.55,-0.38971
467.57,-0.39014
467.6,-0.39057
467.62,-0.39099
467.64,-0.39142
467.66,-0.39185
467.68,-0.39227
467.7,-0.39269
467.73,-0.39312
467.75,-0.39354
467.77,-0.39396
467.79,-0.39438
467.81,-0.39479
467.84,-0.39521
467.86,-0.39562
467.88,-0.39604
467.9,-0.39645
467.92,-0.39686
467.95,-0.39727
467.97,-0.39768
467.99,-0.39809
468.01,-0.3985
468.03,-0.3989
468.06,-0.3993
468.08,-0.39971
468.1,-0.40011
468.12,-0.40051
468.14,-0.40091
468.16,-0.40131
468.19,-0.40171
468.21,-0.4021
468.23,-0.4025
468.25,-0.40289
468.27,-0.40328
468.3,-0.40367
468.32,-0.40406
468.34,-0.40445
468.36,-0.40484
468.38,-0.40523
468.41,-0.40561
468.43,-0.406
468.45,-0.40638
468.47,-0.40676
468.49,-0.40714
468.52,-0.40752
468.54,-0.4079
468.56,-0.40828
468.58,-0.40865
468.6,-0.40903
468.63,-0.4094
468.65,-0.40977
468.67,-0.41015
468.69,-0.41052
468.71,-0.41089
468.74,-0.41125
468.76,-0.41162
468.78,-0.41199
468.8,-0.41235
468.82,-0.41271
468.85,-0.41308
468.87,-0.41344
468.89,-0.4138
468.91,-0.41416
468.93,-0.41451
468.96,-0.41487
468.98,-0.41523
469,-0.41558
469.02,-0.41593
469.04,-0.41629
469.07,-0.41664
469.09,-0.41699
469.11,-0.41733
469.13,-0.41768
469.15,-0.41803
469.18,-0.41837
469.2,-0.41872
469.22,-0.41906
469.24,-0.4194
469.26,-0.41974
469.29,-0.42008
469.31,-0.42042
469.33,-0.42076
469.35,-0.42109
469.37,-0.42143
469.4,-0.42176
469.42,-0.4221
469.44,-0.42243
469.46,-0.42276
469.48,-0.42309
469.51,-0.42342
469.53,-0.42374
469.55,-0.42407
469.57,-0.42439
469.59,-0.42472
469.62,-0.42504
469.64,-0.42536
469.66,-0.42568
469.68,-0.426
469.7,-0.42632
469.73,-0.42664
469.75,-0.42695
469.77,-0.42727
469.79,-0.42758
469.81,-0.4279
469.84,-0.42821
469.86,-0.42852
469.88,-0.42883
469.9,-0.42914
469.92,-0.42944
469.95,-0.42975
469.97,-0.43005
469.99,-0.43036
470.01,-0.43066
470.04,-0.43096
470.06,-0.43126
470.08,-0.43156
470.1,-0.43186
470.12,-0.43216
470.15,-0.43245
470.17,-0.43275
470.19,-0.43304
470.21,-0.43333
470.23,-0.43362
470.26,-0.43392
470.28,-0.4342
470.3,-0.43449
470.32,-0.43478
470.34,-0.43507
470.37,-0.43535
470.39,-0.43563
470.41,-0.43592
470.43,-0.4362
470.46,-0.43648
470.48,-0.43676
470.5,-0.43704
470.52,-0.43731
470.54,-0.43759
470.57,-0.43786
470.59,-0.43814
470.61,-0.43841
470.63,-0.43868
470.65,-0.43895
470.68,-0.43922
470.7,-0.43949
470.72,-0.43976
470.74,-0.44002
470.77,-0.44029
470.79,-0.44055
470.81,-0.44082
470.83,-0.44108
470.85,-0.44134
470.88,-0.4416
470.9,-0.44186
470.92,-0.44211
470.94,-0.44237
470.97,-0.44262
470.99,-0.44288
471.01,-0.44313
471.03,-0.44338
471.05,-0.44363
471.08,-0.44388
471.1,-0.44413
471.12,-0.44438
471.14,-0.44462
471.16,-0.44487
471.19,-0.44511
471.21,-0.44536
471.23,-0.4456
471.25,-0.44584
471.28,-0.44608
471.3,-0.44632
471.32,-0.44655
471.34,-0.44679
471.36,-0.44702
471.39,-0.44726
471.41,-0.44749
471.43,-0.44772
471.45,-0.44795
471.48,-0.44818
471.5,-0.44841
471.52,-0.44864
471.54,-0.44886
471.56,-0.44909
471.59,-0.44931
471.61,-0.44954
471.63,-0.44976
471.65,-0.44998
471.68,-0.4502
471.7,-0.45042
471.72,-0.45063
471.74,-0.45085
471.76,-0.45107
471.79,-0.45128
471.81,-0.45149
471.83,-0.4517
471.85,-0.45191
471.88,-0.45212
471.9,-0.45233
471.92,-0.45254
471.94,-0.45275
471.97,-0.45295
471.99,-0.45316
472.01,-0.45336
472.03,-0.45356
472.05,-0.45376
472.08,-0.45396
472.1,-0.45416
472.12,-0.45436
472.14,-0.45455
472.17,-0.45475
472.19,-0.45494
472.21,-0.45513
472.23,-0.45533
472.26,-0.45552
472.28,-0.45571
472.3,-0.45589
472.32,-0.45608
472.34,-0.45627
472.37,-0.45645
472.39,-0.45664
472.41,-0.45682
472.43,-0.457
472.46,-0.45718
472.48,-0.45736
472.5,-0.45754
472.52,-0.45772
472.55,-0.45789
472.57,-0.45807
472.59,-0.45824
472.61,-0.45841
472.63,-0.45859
472.66,-0.45876
472.68,-0.45893
472.7,-0.45909
472.72,-0.45926
472.75,-0.45943
472.77,-0.45959
472.79,-0.45976
472.81,-0.45992
472.84,-0.46008
472.86,-0.46024
472.88,-0.4604
472.9,-0.46056
472.93,-0.46071
472.95,-0.46087
472.97,-0.46103
472.99,-0.46118
473.01,-0.46133
473.04,-0.46148
473.06,-0.46163
473.08,-0.46178
473.1,-0.46193
473.13,-0.46208
473.15,-0.46222
473.17,-0.46237
473.19,-0.46251
473.22,-0.46265
473.24,-0.4628
473.26,-0.46294
473.28,-0.46307
473.31,-0.46321
473.33,-0.46335
473.35,-0.46348
473.37,-0.46362
473.4,-0.46375
473.42,-0.46388
473.44,-0.46402
473.46,-0.46415
473.48,-0.46428
473.51,-0.4644
473.53,-0.46453
473.55,-0.46465
473.57,-0.46478
473.6,-0.4649
473.62,-0.46502
473.64,-0.46515
473.66,-0.46527
473.69,-0.46538
473.71,-0.4655
473.73,-0.46562
473.75,-0.46573
473.78,-0.46585
473.8,-0.46596
473.82,-0.46607
473.84,-0.46618
473.87,-0.46629
473.89,-0.4664
473.91,-0.46651
473.93,-0.46662
473.96,-0.46672
473.98,-0.46682
474,-0.46693
474.02,-0.46703
474.05,-0.46713
474.07,-0.46723
474.09,-0.46733
474.11,-0.46742
474.14,-0.46752
474.16,-0.46762
474.18,-0.46771
474.2,-0.4678
474.23,-0.46789
474.25,-0.46798
474.27,-0.46807
474.29,-0.46816
474.32,-0.46825
474.34,-0.46833
474.36,-0.46842
474.38,-0.4685
474.41,-0.46858
474.43,-0.46867
474.45,-0.46875
474.47,-0.46883
474.5,-0.4689
474.52,-0.46898
474.54,-0.46906
474.56,-0.46913
474.59,-0.4692
474.61,-0.46928
474.63,-0.46935
474.65,-0.46942
474.68,-0.46948
474.7,-0.46955
474.72,-0.46962
474.74,-0.46968
474.77,-0.46975
474.79,-0.46981
474.81,-0.46987
474.83,-0.46993
474.86,-0.46999
474.88,-0.47005
474.9,-0.47011
474.92,-0.47017
474.95,-0.47022
474.97,-0.47028
474.99,-0.47033
475.01,-0.47038
475.04,-0.47043
475.06,-0.47048
475.08,-0.47053
475.1,-0.47058
475.13,-0.47062
475.15,-0.47067
475.17,-0.47071
475.19,-0.47075
475.22,-0.47079
475.24,-0.47083
475.26,-0.47087
475.29,-0.47091
475.31,-0.47095
475.33,-0.47098
475.35,-0.47102
475.38,-0.47105
475.4,-0.47108
475.42,-0.47112
475.44,-0.47115
475.47,-0.47117
475.49,-0.4712
475.51,-0.47123
475.53,-0.47125
475.56,-0.47128
475.58,-0.4713
475.6,-0.47132
475.62,-0.47134
475.65,-0.47136
475.67,-0.47138
475.69,-0.4714
475.71,-0.47142
475.74,-0.47143
475.76,-0.47145
475.78,-0.47146
475.81,-0.47147
475.83,-0.47148
475.85,-0.47149
475.87,-0.4715
475.9,-0.47151
475.92,-0.47151
475.94,-0.47152
475.96,-0.47152
475.99,-0.47153
476.01,-0.47153
476.03,-0.47153
476.05,-0.47153
476.08,-0.47153
476.1,-0.47152
476.12,-0.47152
476.15,-0.47151
476.17,-0.47151
476.19,-0.4715
476.21,-0.47149
476.24,-0.47148
476.26,-0.47147
476.28,-0.47146
476.3,-0.47145
476.33,-0.47143
476.35,-0.47142
476.37,-0.4714
476.39,-0.47138
476.42,-0.47136
476.44,-0.47134
476.46,-0.47132
476.49,-0.4713
476.51,-0.47128
476.53,-0.47125
476.55,-0.47123
476.58,-0.4712
476.6,-0.47117
476.62,-0.47114
476.64,-0.47111
476.67,-0.47108
476.69,-0.47105
476.71,-0.47102
476.74,-0.47098
476.76,-0.47095
476.78,-0.47091
476.8,-0.47087
476.83,-0.47083
476.85,-0.47079
476.87,-0.47075
476.89,-0.47071
476.92,-0.47066
476.94,-0.47062
476.96,-0.47057
476.99,-0.47053
477.01,-0.47048
477.03,-0.47043
477.05,-0.47038
477.08,-0.47033
477.1,-0.47028
477.12,-0.47022
477.14,-0.47017
477.17,-0.47011
477.19,-0.47006
477.21,-0.47
477.24,-0.46994
477.26,-0.46988
477.28,-0.46982
477.3,-0.46975
477.33,-0.46969
477.35,-0.46963
477.37,-0.46956
477.4,-0.46949
477.42,-0.46942
477.44,-0.46936
477.46,-0.46929
477.49,-0.46921
477.51,-0.46914
477.53,-0.46907
477.55,-0.46899
477.58,-0.46892
477.6,-0.46884
477.62,-0.46876
477.65,-0.46868
477.67,-0.4686
477.69,-0.46852
477.71,-0.46844
477.74,-0.46836
477.76,-0.46827
477.78,-0.46818
477.81,-0.4681
477.83,-0.46801
477.85,-0.46792
477.87,-0.46783
477.9,-0.46774
477.92,-0.46765
477.94,-0.46755
477.97,-0.46746
477.99,-0.46736
478.01,-0.46727
478.03,-0.46717
478.06,-0.46707
478.08,-0.46697
478.1,-0.46687
478.13,-0.46677
478.15,-0.46666
478.17,-0.46656
478.19,-0.46645
478.22,-0.46635
478.24,-0.46624
478.26,-0.46613
478.29,-0.46602
478.31,-0.46591
478.33,-0.4658
478.35,-0.46569
478.38,-0.46557
478.4,-0.46546
478.42,-0.46534
478.45,-0.46522
478.47,-0.4651
478.49,-0.46498
478.51,-0.46486
478.54,-0.46474
478.56,-0.46462
478.58,-0.4645
478.61,-0.46437
478.63,-0.46424
478.65,-0.46412
478.68,-0.46399
478.7,-0.46386
478.72,-0.46373
478.74,-0.4636
478.77,-0.46347
478.79,-0.46333
478.81,-0.4632
478.84,-0.46306
478.86,-0.46293
478.88,-0.46279
478.9,-0.46265
478.93,-0.46251
478.95,-0.46237
478.97,-0.46223
479,-0.46209
479.02,-0.46194
479.04,-0.4618
479.06,-0.46165
479.09,-0.4615
479.11,-0.46136
479.13,-0.46121
479.16,-0.46106
479.18,-0.4609
479.2,-0.46075
479.23,-0.4606
479.25,-0.46044
479.27,-0.46029
479.29,-0.46013
479.32,-0.45997
479.34,-0.45982
479.36,-0.45966
479.39,-0.4595
479.41,-0.45933
479.43,-0.45917
479.46,-0.45901
479.48,-0.45884
479.5,-0.45868
479.52,-0.45851
479.55,-0.45834
479.57,-0.45817
479.59,-0.458
479.62,-0.45783
479.64,-0.45766
479.66,-0.45749
479.69,-0.45731
479.71,-0.45714
479.73,-0.45696
479.75,-0.45679
479.78,-0.45661
479.8,-0.45643
479.82,-0.45625
479.85,-0.45607
479.87,-0.45589
479.89,-0.4557
479.92,-0.45552
479.94,-0.45533
479.96,-0.45515
479.98,-0.45496
480.01,-0.45477
480.03,-0.45458
480.05,-0.45439
480.08,-0.4542
480.1,-0.45401
480.12,-0.45382
480.15,-0.45362
480.17,-0.45343
480.19,-0.45323
480.22,-0.45303
480.24,-0.45284
480.26,-0.45264
480.28,-0.45244
480.31,-0.45224
480.33,-0.45203
480.35,-0.45183
480.38,-0.45163
480.4,-0.45142
480.42,-0.45122
480.45,-0.45101
480.47,-0.4508
480.49,-0.45059
480.52,-0.45038
480.54,-0.45017
480.56,-0.44996
480.58,-0.44975
480.61,-0.44953
480.63,-0.44932
480.65,-0.4491
480.68,-0.44889
480.7,-0.44867
480.72,-0.44845
480.75,-0.44823
480.77,-0.44801
480.79,-0.44779
480.82,-0.44757
480.84,-0.44734
480.86,-0.44712
480.88,-0.44689
480.91,-0.44667
480.93,-0.44644
480.95,-0.44621
480.98,-0.44598
481,-0.44575
481.02,-0.44552
481.05,-0.44529
481.07,-0.44506
481.09,-0.44483
481.12,-0.44459
481.14,-0.44436
481.16,-0.44412
481.19,-0.44388
481.21,-0.44364
481.23,-0.4434
481.26,-0.44316
481.28,-0.44292
481.3,-0.44268
481.32,-0.44244
481.35,-0.44219
481.37,-0.44195
481.39,-0.4417
481.42,-0.44146
481.44,-0.44121
481.46,-0.44096
481.49,-0.44071
481.51,-0.44046
481.53,-0.44021
481.56,-0.43996
481.58,-0.43971
481.6,-0.43945
481.63,-0.4392
481.65,-0.43894
481.67,-0.43869
481.7,-0.43843
481.72,-0.43817
481.74,-0.43791
481.77,-0.43765
481.79,-0.43739
481.81,-0.43713
481.83,-0.43687
481.86,-0.4366
481.88,-0.43634
481.9,-0.43607
481.93,-0.43581
481.95,-0.43554
481.97,-0.43527
482,-0.435
482.02,-0.43474
482.04,-0.43447
482.07,-0.43419
482.09,-0.43392
482.11,-0.43365
482.14,-0.43337
482.16,-0.4331
482.18,-0.43282
482.21,-0.43255
482.23,-0.43227
482.25,-0.43199
482.28,-0.43171
482.3,-0.43143
482.32,-0.43115
482.35,-0.43087
482.37,-0.43059
482.39,-0.43031
482.42,-0.43002
482.44,-0.42974
482.46,-0.42945
482.49,-0.42917
482.51,-0.42888
482.53,-0.42859
482.56,-0.4283
482.58,-0.42801
482.6,-0.42772
482.63,-0.42743
482.65,-0.42714
482.67,-0.42685
482.7,-0.42655
482.72,-0.42626
482.74,-0.42596
482.77,-0.42567
482.79,-0.42537
482.81,-0.42507
482.84,-0.42477
482.86,-0.42447
482.88,-0.42417
482.91,-0.42387
482.93,-0.42357
482.95,-0.42327
482.98,-0.42296
483,-0.42266
483.02,-0.42236
483.05,-0.42205
483.07,-0.42174
483.09,-0.42144
483.12,-0.42113
483.14,-0.42082
483.16,-0.42051
483.19,-0.4202
483.21,-0.41989
483.23,-0.41958
483.26,-0.41926
483.28,-0.41895
483.3,-0.41864
483.33,-0.41832
483.35,-0.41801
483.37,-0.41769
483.4,-0.41737
483.42,-0.41705
483.44,-0.41674
483.47,-0.41642
483.49,-0.4161
483.51,-0.41578
483.54,-0.41545
483.56,-0.41513
483.58,-0.41481
483.61,-0.41449
483.63,-0.41416
483.65,-0.41384
483.68,-0.41351
483.7,-0.41318
483.72,-0.41286
483.75,-0.41253
483.77,-0.4122
483.79,-0.41187
483.82,-0.41154
483.84,-0.41121
483.86,-0.41088
483.89,-0.41054
483.91,-0.41021
483.93,-0.40988
483.96,-0.40954
483.98,-0.40921
484,-0.40887
484.03,-0.40854
484.05,-0.4082
484.07,-0.40786
484.1,-0.40752
484.12,-0.40718
484.14,-0.40684
484.17,-0.4065
484.19,-0.40616
484.21,-0.40582
484.24,-0.40548
484.26,-0.40513
484.28,-0.40479
484.31,-0.40444
484.33,-0.4041
484.36,-0.40375
484.38,-0.40341
484.4,-0.40306
484.43,-0.40271
484.45,-0.40236
484.47,-0.40201
484.5,-0.40166
484.52,-0.40131
484.54,-0.40096
484.57,-0.40061
484.59,-0.40026
484.61,-0.3999
484.64,-0.39955
484.66,-0.3992
484.68,-0.39884
484.71,-0.39849
484.73,-0.39813
484.75,-0.39777
484.78,-0.39741
484.8,-0.39706
484.82,-0.3967
484.85,-0.39634
484.87,-0.39598
484.9,-0.39562
484.92,-0.39526
484.94,-0.39489
484.97,-0.39453
484.99,-0.39417
485.01,-0.39381
485.04,-0.39344
485.06,-0.39308
485.08,-0.39271
485.11,-0.39235
485.13,-0.39198
485.15,-0.39161
485.18,-0.39124
485.2,-0.39088
485.22,-0.39051
485.25,-0.39014
485.27,-0.38977
485.3,-0.3894
485.32,-0.38903
485.34,-0.38865
485.37,-0.38828
485.39,-0.38791
485.41,-0.38754
485.44,-0.38716
485.46,-0.38679
485.48,-0.38641
485.51,-0.38604
485.53,-0.38566
485.55,-0.38528
485.58,-0.38491
485.6,-0.38453
485.63,-0.38415
485.65,-0.38377
485.67,-0.38339
485.7,-0.38301
485.72,-0.38263
485.74,-0.38225
485.77,-0.38187
485.79,-0.38149
485.81,-0.3811
485.84,-0.38072
485.86,-0.38034
485.89,-0.37995
485.91,-0.37957
485.93,-0.37918
485.96,-0.3788
485.98,-0.37841
486,-0.37803
486.03,-0.37764
486.05,-0.37725
486.07,-0.37686
486.1,-0.37647
486.12,-0.37609
486.14,-0.3757
486.17,-0.37531
486.19,-0.37491
486.22,-0.37452
486.24,-0.37413
486.26,-0.37374
486.29,-0.37335
486.31,-0.37295
486.33,-0.37256
486.36,-0.37217
486.38,-0.37177
486.4,-0.37138
486.43,-0.37098
486.45,-0.37059
486.48,-0.37019
486.5,-0.36979
486.52,-0.3694
486.55,-0.369
486.57,-0.3686
486.59,-0.3682
486.62,-0.3678
486.64,-0.36741
486.67,-0.36701
486.69,-0.36661
486.71,-0.36621
486.74,-0.3658
486.76,-0.3654
486.78,-0.365
486.81,-0.3646
486.83,-0.3642
486.85,-0.36379
486.88,-0.36339
486.9,-0.36299
486.93,-0.36258
486.95,-0.36218
486.97,-0.36177
487,-0.36137
487.02,-0.36096
487.04,-0.36055
487.07,-0.36015
487.09,-0.35974
487.12,-0.35933
487.14,-0.35892
487.16,-0.35852
487.19,-0.35811
487.21,-0.3577
487.23,-0.35729
487.26,-0.35688
487.28,-0.35647
487.31,-0.35606
487.33,-0.35565
487.35,-0.35524
487.38,-0.35482
487.4,-0.35441
487.42,-0.354
487.45,-0.35359
487.47,-0.35317
487.5,-0.35276
487.52,-0.35235
487.54,-0.35193
487.57,-0.35152
487.59,-0.3511
487.61,-0.35069
487.64,-0.35027
487.66,-0.34986
487.69,-0.34944
487.71,-0.34902
487.73,-0.34861
487.76,-0.34819
487.78,-0.34777
487.8,-0.34735
487.83,-0.34694
487.85,-0.34652
487.88,-0.3461
487.9,-0.34568
487.92,-0.34526
487.95,-0.34484
487.97,-0.34442
488,-0.344
488.02,-0.34358
488.04,-0.34316
488.07,-0.34274
488.09,-0.34232
488.11,-0.34189
488.14,-0.34147
488.16,-0.34105
488.19,-0.34063
488.21,-0.3402
488.23,-0.33978
488.26,-0.33936
488.28,-0.33893
488.31,-0.33851
488.33,-0.33809
488.35,-0.33766
488.38,-0.33724
488.4,-0.33681
488.42,-0.33639
488.45,-0.33596
488.47,-0.33553
488.5,-0.33511
488.52,-0.33468
488.54,-0.33426
488.57,-0.33383
488.59,-0.3334
488.62,-0.33297
488.64,-0.33255
488.66,-0.33212
488.69,-0.33169
488.71,-0.33126
488.73,-0.33083
488.76,-0.33041
488.78,-0.32998
488.81,-0.32955
488.83,-0.32912
488.85,-0.32869
488.88,-0.32826
488.9,-0.32783
488.93,-0.3274
488.95,-0.32697
488.97,-0.32654
489,-0.32611
489.02,-0.32567
489.05,-0.32524
489.07,-0.32481
489.09,-0.32438
489.12,-0.32395
489.14,-0.32352
489.16,-0.32308
489.19,-0.32265
489.21,-0.32222
489.24,-0.32179
489.26,-0.32135
489.28,-0.32092
489.31,-0.32049
489.33,-0.32005
489.36,-0.31962
489.38,-0.31919
489.4,-0.31875
489.43,-0.31832
489.45,-0.31788
489.48,-0.31745
489.5,-0.31701
489.52,-0.31658
489.55,-0.31614
489.57,-0.31571
489.6,-0.31527
489.62,-0.31484
489.64,-0.3144
489.67,-0.31397
489.69,-0.31353
489.72,-0.31309
489.74,-0.31266
489.76,-0.31222
489.79,-0.31179
489.81,-0.31135
489.84,-0.31091
489.86,-0.31048
489.88,-0.31004
489.91,-0.3096
489.93,-0.30917
489.96,-0.30873
489.98,-0.30829
490,-0.30785
490.03,-0.30742
490.05,-0.30698
490.08,-0.30654
490.1,-0.3061
490.12,-0.30566
490.15,-0.30523
490.17,-0.30479
490.2,-0.30435
490.22,-0.30391
490.24,-0.30347
490.27,-0.30304
490.29,-0.3026
490.32,-0.30216
490.34,-0.30172
490.36,-0.30128
490.39,-0.30084
490.41,-0.3004
490.44,-0.29996
490.46,-0.29952
490.48,-0.29909
490.51,-0.29865
490.53,-0.29821
490.56,-0.29777
490.58,-0.29733
490.6,-0.29689
490.63,-0.29645
490.65,-0.29601
490.68,-0.29557
490.7,-0.29513
490.73,-0.29469
490.75,-0.29425
490.77,-0.29381
490.8,-0.29337
490.82,-0.29293
490.85,-0.29249
490.87,-0.29205
490.89,-0.29161
490.92,-0.29117
490.94,-0.29073
490.97,-0.29029
490.99,-0.28985
491.01,-0.28941
491.04,-0.28897
491.06,-0.28853
491.09,-0.28809
491.11,-0.28765
491.14,-0.28721
491.16,-0.28677
491.18,-0.28633
491.21,-0.28589
491.23,-0.28545
491.26,-0.28501
491.28,-0.28457
491.3,-0.28413
491.33,-0.28369
491.35,-0.28325
491.38,-0.28281
491.4,-0.28237
491.42,-0.28193
491.45,-0.28149
491.47,-0.28105
491.5,-0.28061
491.52,-0.28017
491.55,-0.27973
491.57,-0.27929
491.59,-0.27885
491.62,-0.27841
491.64,-0.27797
491.67,-0.27753
491.69,-0.27709
491.71,-0.27665
491.74,-0.27621
491.76,-0.27577
491.79,-0.27533
491.81,-0.27489
491.84,-0.27445
491.86,-0.27402
491.88,-0.27358
491.91,-0.27314
491.93,-0.2727
491.96,-0.27226
491.98,-0.27182
492,-0.27138
492.03,-0.27094
492.05,-0.2705
492.08,-0.27006
492.1,-0.26963
492.13,-0.26919
492.15,-0.26875
492.17,-0.26831
492.2,-0.26787
492.22,-0.26743
492.25,-0.26699
492.27,-0.26656
492.3,-0.26612
492.32,-0.26568
492.34,-0.26524
492.37,-0.2648
492.39,-0.26437
492.42,-0.26393
492.44,-0.26349
492.47,-0.26305
492.49,-0.26262
492.51,-0.26218
492.54,-0.26174
492.56,-0.26131
492.59,-0.26087
492.61,-0.26043
492.64,-0.26
492.66,-0.25956
492.68,-0.25912
492.71,-0.25869
492.73,-0.25825
492.76,-0.25781
492.78,-0.25738
492.81,-0.25694
492.83,-0.25651
492.85,-0.25607
492.88,-0.25564
492.9,-0.2552
492.93,-0.25477
492.95,-0.25433
492.98,-0.2539
493,-0.25346
493.02,-0.25303
493.05,-0.25259
493.07,-0.25216
493.1,-0.25172
493.12,-0.25129
493.15,-0.25086
493.17,-0.25042
493.19,-0.24999
493.22,-0.24956
493.24,-0.24912
493.27,-0.24869
493.29,-0.24826
493.32,-0.24783
493.34,-0.24739
493.36,-0.24696
493.39,-0.24653
493.41,-0.2461
493.44,-0.24566
493.46,-0.24523
493.49,-0.2448
493.51,-0.24437
493.53,-0.24394
493.56,-0.24351
493.58,-0.24308
493.61,-0.24265
493.63,-0.24222
493.66,-0.24179
493.68,-0.24136
493.71,-0.24093
493.73,-0.2405
493.75,-0.24007
493.78,-0.23964
493.8,-0.23921
493.83,-0.23878
493.85,-0.23835
493.88,-0.23792
493.9,-0.2375
493.92,-0.23707
493.95,-0.23664
493.97,-0.23621
494,-0.23579
494.02,-0.23536
494.05,-0.23493
494.07,-0.23451
494.1,-0.23408
494.12,-0.23365
494.14,-0.23323
494.17,-0.2328
494.19,-0.23238
494.22,-0.23195
494.24,-0.23153
494.27,-0.2311
494.29,-0.23068
494.32,-0.23025
494.34,-0.22983
494.36,-0.2294
494.39,-0.22898
494.41,-0.22856
494.44,-0.22813
494.46,-0.22771
494.49,-0.22729
494.51,-0.22687
494.54,-0.22644
494.56,-0.22602
494.58,-0.2256
494.61,-0.22518
494.63,-0.22476
494.66,-0.22434
494.68,-0.22392
494.71,-0.2235
494.73,-0.22308
494.76,-0.22266
494.78,-0.22224
494.8,-0.22182
494.83,-0.2214
494.85,-0.22098
494.88,-0.22056
494.9,-0.22014
494.93,-0.21972
494.95,-0.21931
494.98,-0.21889
495,-0.21847
495.02,-0.21806
495.05,-0.21764
495.07,-0.21722
495.1,-0.21681
495.12,-0.21639
495.15,-0.21598
495.17,-0.21556
495.2,-0.21515
495.22,-0.21473
495.25,-0.21432
495.27,-0.2139
495.29,-0.21349
495.32,-0.21308
495.34,-0.21266
495.37,-0.21225
495.39,-0.21184
495.42,-0.21143
495.44,-0.21101
495.47,-0.2106
495.49,-0.21019
495.52,-0.20978
495.54,-0.20937
495.56,-0.20896
495.59,-0.20855
495.61,-0.20814
495.64,-0.20773
495.66,-0.20732
495.69,-0.20691
495.71,-0.2065
495.74,-0.20609
495.76,-0.20569
495.79,-0.20528
495.81,-0.20487
495.83,-0.20447
495.86,-0.20406
495.88,-0.20365
495.91,-0.20325
495.93,-0.20284
495.96,-0.20244
495.98,-0.20203
496.01,-0.20163
496.03,-0.20122
496.06,-0.20082
496.08,-0.20041
496.11,-0.20001
496.13,-0.19961
496.15,-0.19921
496.18,-0.1988
496.2,-0.1984
496.23,-0.198
496.25,-0.1976
496.28,-0.1972
496.3,-0.1968
496.33,-0.1964
496.35,-0.196
496.38,-0.1956
496.4,-0.1952
496.43,-0.1948
496.45,-0.1944
496.48,-0.194
496.5,-0.19361
496.52,-0.19321
496.55,-0.19281
496.57,-0.19242
496.6,-0.19202
496.62,-0.19162
496.65,-0.19123
496.67,-0.19083
496.7,-0.19044
496.72,-0.19004
496.75,-0.18965
496.77,-0.18926
496.8,-0.18886
496.82,-0.18847
496.85,-0.18808
496.87,-0.18769
496.89,-0.18729
496.92,-0.1869
496.94,-0.18651
496.97,-0.18612
496.99,-0.18573
497.02,-0.18534
497.04,-0.18495
497.07,-0.18456
497.09,-0.18417
497.12,-0.18378
497.14,-0.1834
497.17,-0.18301
497.19,-0.18262
497.22,-0.18223
497.24,-0.18185
497.27,-0.18146
497.29,-0.18108
497.31,-0.18069
497.34,-0.18031
497.36,-0.17992
497.39,-0.17954
497.41,-0.17915
497.44,-0.17877
497.46,-0.17839
497.49,-0.17801
497.51,-0.17762
497.54,-0.17724
497.56,-0.17686
497.59,-0.17648
497.61,-0.1761
497.64,-0.17572
497.66,-0.17534
497.69,-0.17496
497.71,-0.17458
497.74,-0.1742
497.76,-0.17382
497.78,-0.17345
497.81,-0.17307
497.83,-0.17269
497.86,-0.17232
497.88,-0.17194
497.91,-0.17156
497.93,-0.17119
497.96,-0.17081
497.98,-0.17044
498.01,-0.17007
498.03,-0.16969
498.06,-0.16932
498.08,-0.16895
498.11,-0.16858
498.13,-0.1682
498.16,-0.16783
498.18,-0.16746
498.21,-0.16709
498.23,-0.16672
498.26,-0.16635
498.28,-0.16598
498.31,-0.16561
498.33,-0.16524
498.36,-0.16488
498.38,-0.16451
498.41,-0.16414
498.43,-0.16377
498.45,-0.16341
498.48,-0.16304
498.5,-0.16268
498.53,-0.16231
498.55,-0.16195
498.58,-0.16158
498.6,-0.16122
498.63,-0.16086
498.65,-0.16049
498.68,-0.16013
498.7,-0.15977
498.73,-0.15941
498.75,-0.15905
498.78,-0.15869
498.8,-0.15833
498.83,-0.15797
498.85,-0.15761
498.88,-0.15725
498.9,-0.15689
498.93,-0.15653
498.95,-0.15618
498.98,-0.15582
499,-0.15546
499.03,-0.15511
499.05,-0.15475
499.08,-0.15439
499.1,-0.15404
499.13,-0.15369
499.15,-0.15333
499.18,-0.15298
499.2,-0.15263
499.23,-0.15227
499.25,-0.15192
499.28,-0.15157
499.3,-0.15122
499.33,-0.15087
499.35,-0.15052
499.38,-0.15017
499.4,-0.14982
499.43,-0.14947
499.45,-0.14912
499.48,-0.14877
499.5,-0.14843
499.53,-0.14808
499.55,-0.14773
499.58,-0.14739
499.6,-0.14704
499.63,-0.1467
499.65,-0.14635
499.68,-0.14601
499.7,-0.14566
499.73,-0.14532
499.75,-0.14498
499.78,-0.14463
499.8,-0.14429
499.83,-0.14395
499.85,-0.14361
499.88,-0.14327
499.9,-0.14293
499.93,-0.14259
499.95,-0.14225
499.98,-0.14191
500,-0.14157
