400,-0.10883
400.02,-0.10896
400.03,-0.10909
400.05,-0.10922
400.06,-0.10934
400.08,-0.10947
400.1,-0.1096
400.11,-0.10972
400.13,-0.10985
400.14,-0.10997
400.16,-0.1101
400.18,-0.11022
400.19,-0.11035
400.21,-0.11047
400.22,-0.1106
400.24,-0.11072
400.26,-0.11085
400.27,-0.11097
400.29,-0.1111
400.3,-0.11122
400.32,-0.11134
400.34,-0.11147
400.35,-0.11159
400.37,-0.11171
400.38,-0.11183
400.4,-0.11196
400.42,-0.11208
400.43,-0.1122
400.45,-0.11232
400.46,-0.11244
400.48,-0.11257
400.5,-0.11269
400.51,-0.11281
400.53,-0.11293
400.54,-0.11305
400.56,-0.11317
400.58,-0.11329
400.59,-0.11341
400.61,-0.11353
400.62,-0.11365
400.64,-0.11377
400.66,-0.11389
400.67,-0.114
400.69,-0.11412
400.71,-0.11424
400.72,-0.11436
400.74,-0.11448
400.75,-0.11459
400.77,-0.11471
400.79,-0.11483
400.8,-0.11495
400.82,-0.11506
400.83,-0.11518
400.85,-0.11529
400.87,-0.11541
400.88,-0.11553
400.9,-0.11564
400.91,-0.11576
400.93,-0.11587
400.95,-0.11599
400.96,-0.1161
400.98,-0.11621
400.99,-0.11633
401.01,-0.11644
401.03,-0.11655
401.04,-0.11667
401.06,-0.11678
401.07,-0.11689
401.09,-0.11701
401.11,-0.11712
401.12,-0.11723
401.14,-0.11734
401.16,-0.11745
401.17,-0.11756
401.19,-0.11767
401.2,-0.11778
401.22,-0.11789
401.24,-0.118
401.25,-0.11811
401.27,-0.11822
401.28,-0.11833
401.3,-0.11844
401.32,-0.11855
401.33,-0.11866
401.35,-0.11876
401.36,-0.11887
401.38,-0.11898
401.4,-0.11909
401.41,-0.11919
401.43,-0.1193
401.45,-0.11941
401.46,-0.11951
401.48,-0.11962
401.49,-0.11972
401.51,-0.11983
401.53,-0.11993
401.54,-0.12004
401.56,-0.12014
401.57,-0.12024
401.59,-0.12035
401.61,-0.12045
401.62,-0.12055
401.64,-0.12066
401.65,-0.12076
401.67,-0.12086
401.69,-0.12096
401.7,-0.12106
401.72,-0.12116
401.74,-0.12127
401.75,-0.12137
401.77,-0.12147
401.78,-0.12157
401.8,-0.12167
401.82,-0.12176
401.83,-0.12186
401.85,-0.12196
401.86,-0.12206
401.88,-0.12216
401.9,-0.12226
401.91,-0.12235
401.93,-0.12245
401.95,-0.12255
401.96,-0.12264
401.98,-0.12274
401.99,-0.12283
402.01,-0.12293
402.03,-0.12302
402.04,-0.12312
402.06,-0.12321
402.07,-0.12331
402.09,-0.1234
402.11,-0.12349
402.12,-0.12359
402.14,-0.12368
402.16,-0.12377
402.17,-0.12386
402.19,-0.12395
402.2,-0.12405
402.22,-0.12414
402.24,-0.12423
402.25,-0.12432
402.27,-0.12441
402.28,-0.1245
402.3,-0.12459
402.32,-0.12467
402.33,-0.12476
402.35,-0.12485
402.37,-0.12494
402.38,-0.12503
402.4,-0.12511
402.41,-0.1252
402.43,-0.12529
402.45,-0.12537
402.46,-0.12546
402.48,-0.12554
402.5,-0.12563
402.51,-0.12571
402.53,-0.1258
402.54,-0.12588
402.56,-0.12596
402.58,-0.12605
402.59,-0.12613
402.61,-0.12621
402.63,-0.12629
402.64,-0.12637
402.66,-0.12645
402.67,-0.12653
402.69,-0.12661
402.71,-0.12669
402.72,-0.12677
402.74,-0.12685
402.75,-0.12693
402.77,-0.12701
402.79,-0.12709
402.8,-0.12717
402.82,-0.12724
402.84,-0.12732
402.85,-0.1274
402.87,-0.12747
402.88,-0.12755
402.9,-0.12762
402.92,-0.1277
402.93,-0.12777
402.95,-0.12785
402.97,-0.12792
402.98,-0.12799
403,-0.12807
403.01,-0.12814
403.03,-0.12821
403.05,-0.12828
403.06,-0.12835
403.08,-0.12842
403.1,-0.12849
403.11,-0.12856
403.13,-0.12863
403.14,-0.1287
403.16,-0.12877
403.18,-0.12884
403.19,-0.12891
403.21,-0.12898
403.23,-0.12904
403.24,-0.12911
403.26,-0.12918
403.27,-0.12924
403.29,-0.12931
403.31,-0.12937
403.32,-0.12944
403.34,-0.1295
403.36,-0.12956
403.37,-0.12963
403.39,-0.12969
403.4,-0.12975
403.42,-0.12982
403.44,-0.12988
403.45,-0.12994
403.47,-0.13
403.49,-0.13006
403.5,-0.13012
403.52,-0.13018
403.53,-0.13024
403.55,-0.1303
403.57,-0.13035
403.58,-0.13041
403.6,-0.13047
403.62,-0.13053
403.63,-0.13058
403.65,-0.13064
403.67,-0.13069
403.68,-0.13075
403.7,-0.1308
403.71,-0.13086
403.73,-0.13091
403.75,-0.13096
403.76,-0.13102
403.78,-0.13107
403.8,-0.13112
403.81,-0.13117
403.83,-0.13122
403.84,-0.13127
403.86,-0.13132
403.88,-0.13137
403.89,-0.13142
403.91,-0.13147
403.93,-0.13152
403.94,-0.13157
403.96,-0.13161
403.98,-0.13166
403.99,-0.13171
404.01,-0.13175
404.02,-0.1318
404.04,-0.13184
404.06,-0.13189
404.07,-0.13193
404.09,-0.13197
404.11,-0.13202
404.12,-0.13206
404.14,-0.1321
404.15,-0.13214
404.17,-0.13218
404.19,-0.13222
404.2,-0.13226
404.22,-0.1323
404.24,-0.13234
404.25,-0.13238
404.27,-0.13242
404.29,-0.13246
404.3,-0.1325
404.32,-0.13253
404.33,-0.13257
404.35,-0.1326
404.37,-0.13264
404.38,-0.13267
404.4,-0.13271
404.42,-0.13274
404.43,-0.13278
404.45,-0.13281
404.47,-0.13284
404.48,-0.13287
404.5,-0.1329
404.51,-0.13293
404.53,-0.13296
404.55,-0.13299
404.56,-0.13302
404.58,-0.13305
404.6,-0.13308
404.61,-0.13311
404.63,-0.13314
404.65,-0.13316
404.66,-0.13319
404.68,-0.13322
404.69,-0.13324
404.71,-0.13327
404.73,-0.13329
404.74,-0.13331
404.76,-0.13334
404.78,-0.13336
404.79,-0.13338
404.81,-0.1334
404.83,-0.13343
404.84,-0.13345
404.86,-0.13347
404.87,-0.13349
404.89,-0.1335
404.91,-0.13352
404.92,-0.13354
404.94,-0.13356
404.96,-0.13358
404.97,-0.13359
404.99,-0.13361
405.01,-0.13362
405.02,-0.13364
405.04,-0.13365
405.06,-0.13367
405.07,-0.13368
405.09,-0.13369
405.1,-0.13371
405.12,-0.13372
405.14,-0.13373
405.15,-0.13374
405.17,-0.13375
405.19,-0.13376
405.2,-0.13377
405.22,-0.13378
405.24,-0.13379
405.25,-0.13379
405.27,-0.1338
405.28,-0.13381
405.3,-0.13381
405.32,-0.13382
405.33,-0.13382
405.35,-0.13383
405.37,-0.13383
405.38,-0.13384
405.4,-0.13384
405.42,-0.13384
405.43,-0.13384
405.45,-0.13384
405.47,-0.13384
405.48,-0.13384
405.5,-0.13384
405.52,-0.13384
405.53,-0.13384
405.55,-0.13384
405.56,-0.13384
405.58,-0.13383
405.6,-0.13383
405.61,-0.13383
405.63,-0.13382
405.65,-0.13382
405.66,-0.13381
405.68,-0.1338
405.7,-0.1338
405.71,-0.13379
405.73,-0.13378
405.75,-0.13377
405.76,-0.13376
405.78,-0.13375
405.79,-0.13374
405.81,-0.13373
405.83,-0.13372
405.84,-0.13371
405.86,-0.1337
405.88,-0.13368
405.89,-0.13367
405.91,-0.13365
405.93,-0.13364
405.94,-0.13362
405.96,-0.13361
405.98,-0.13359
405.99,-0.13357
406.01,-0.13356
406.03,-0.13354
406.04,-0.13352
406.06,-0.1335
406.07,-0.13348
406.09,-0.13346
406.11,-0.13344
406.12,-0.13342
406.14,-0.13339
406.16,-0.13337
406.17,-0.13335
406.19,-0.13332
406.21,-0.1333
406.22,-0.13328
406.24,-0.13325
406.26,-0.13322
406.27,-0.1332
406.29,-0.13317
406.31,-0.13314
406.32,-0.13311
406.34,-0.13308
406.36,-0.13305
406.37,-0.13302
406.39,-0.13299
406.4,-0.13296
406.42,-0.13293
406.44,-0.1329
406.45,-0.13286
406.47,-0.13283
406.49,-0.1328
406.5,-0.13276
406.52,-0.13273
406.54,-0.13269
406.55,-0.13265
406.57,-0.13262
406.59,-0.13258
406.6,-0.13254
406.62,-0.1325
406.64,-0.13246
406.65,-0.13242
406.67,-0.13238
406.69,-0.13234
406.7,-0.1323
406.72,-0.13226
406.74,-0.13221
406.75,-0.13217
406.77,-0.13213
406.79,-0.13208
406.8,-0.13204
406.82,-0.13199
406.83,-0.13194
406.85,-0.1319
406.87,-0.13185
406.88,-0.1318
406.9,-0.13175
406.92,-0.1317
406.93,-0.13165
406.95,-0.1316
406.97,-0.13155
406.98,-0.1315
407,-0.13145
407.02,-0.13139
407.03,-0.13134
407.05,-0.13129
407.07,-0.13123
407.08,-0.13118
407.1,-0.13112
407.12,-0.13106
407.13,-0.13101
407.15,-0.13095
407.17,-0.13089
407.18,-0.13083
407.2,-0.13077
407.22,-0.13071
407.23,-0.13065
407.25,-0.13059
407.27,-0.13053
407.28,-0.13047
407.3,-0.1304
407.32,-0.13034
407.33,-0.13028
407.35,-0.13021
407.37,-0.13015
407.38,-0.13008
407.4,-0.13001
407.41,-0.12995
407.43,-0.12988
407.45,-0.12981
407.46,-0.12974
407.48,-0.12967
407.5,-0.1296
407.51,-0.12953
407.53,-0.12946
407.55,-0.12939
407.56,-0.12931
407.58,-0.12924
407.6,-0.12917
407.61,-0.12909
407.63,-0.12902
407.65,-0.12894
407.66,-0.12887
407.68,-0.12879
407.7,-0.12871
407.71,-0.12864
407.73,-0.12856
407.75,-0.12848
407.76,-0.1284
407.78,-0.12832
407.8,-0.12824
407.81,-0.12816
407.83,-0.12807
407.85,-0.12799
407.86,-0.12791
407.88,-0.12782
407.9,-0.12774
407.91,-0.12765
407.93,-0.12757
407.95,-0.12748
407.96,-0.1274
407.98,-0.12731
408,-0.12722
408.01,-0.12713
408.03,-0.12704
408.05,-0.12695
408.06,-0.12686
408.08,-0.12677
408.1,-0.12668
408.11,-0.12659
408.13,-0.12649
408.15,-0.1264
408.16,-0.12631
408.18,-0.12621
408.2,-0.12612
408.21,-0.12602
408.23,-0.12593
408.25,-0.12583
408.26,-0.12573
408.28,-0.12563
408.3,-0.12553
408.31,-0.12544
408.33,-0.12534
408.35,-0.12523
408.36,-0.12513
408.38,-0.12503
408.4,-0.12493
408.41,-0.12483
408.43,-0.12472
408.45,-0.12462
408.46,-0.12451
408.48,-0.12441
408.5,-0.1243
408.51,-0.1242
408.53,-0.12409
408.55,-0.12398
408.56,-0.12387
408.58,-0.12377
408.6,-0.12366
408.61,-0.12355
408.63,-0.12344
408.65,-0.12332
408.66,-0.12321
408.68,-0.1231
408.7,-0.12299
408.71,-0.12287
408.73,-0.12276
408.75,-0.12264
408.76,-0.12253
408.78,-0.12241
408.8,-0.1223
408.81,-0.12218
408.83,-0.12206
408.85,-0.12194
408.86,-0.12182
408.88,-0.12171
408.9,-0.12159
408.91,-0.12146
408.93,-0.12134
408.95,-0.12122
408.96,-0.1211
408.98,-0.12098
409,-0.12085
409.01,-0.12073
409.03,-0.1206
409.05,-0.12048
409.06,-0.12035
409.08,-0.12023
409.1,-0.1201
409.12,-0.11997
409.13,-0.11984
409.15,-0.11971
409.17,-0.11959
409.18,-0.11946
409.2,-0.11932
409.22,-0.11919
409.23,-0.11906
409.25,-0.11893
409.27,-0.1188
409.28,-0.11866
409.3,-0.11853
409.32,-0.1184
409.33,-0.11826
409.35,-0.11812
409.37,-0.11799
409.38,-0.11785
409.4,-0.11771
409.42,-0.11758
409.43,-0.11744
409.45,-0.1173
409.47,-0.11716
409.48,-0.11702
409.5,-0.11688
409.52,-0.11674
409.53,-0.11659
409.55,-0.11645
409.57,-0.11631
409.58,-0.11616
409.6,-0.11602
409.62,-0.11587
409.63,-0.11573
409.65,-0.11558
409.67,-0.11544
409.68,-0.11529
409.7,-0.11514
409.72,-0.11499
409.74,-0.11485
409.75,-0.1147
409.77,-0.11455
409.79,-0.1144
409.8,-0.11424
409.82,-0.11409
409.84,-0.11394
409.85,-0.11379
409.87,-0.11363
409.89,-0.11348
409.9,-0.11333
409.92,-0.11317
409.94,-0.11302
409.95,-0.11286
409.97,-0.1127
409.99,-0.11255
410,-0.11239
410.02,-0.11223
410.04,-0.11207
410.05,-0.11191
410.07,-0.11175
410.09,-0.11159
410.1,-0.11143
410.12,-0.11127
410.14,-0.11111
410.16,-0.11094
410.17,-0.11078
410.19,-0.11062
410.21,-0.11045
410.22,-0.11029
410.24,-0.11012
410.26,-0.10996
410.27,-0.10979
410.29,-0.10962
410.31,-0.10946
410.32,-0.10929
410.34,-0.10912
410.36,-0.10895
410.37,-0.10878
410.39,-0.10861
410.41,-0.10844
410.42,-0.10827
410.44,-0.1081
410.46,-0.10792
410.48,-0.10775
410.49,-0.10758
410.51,-0.1074
410.53,-0.10723
410.54,-0.10705
410.56,-0.10688
410.58,-0.1067
410.59,-0.10653
410.61,-0.10635
410.63,-0.10617
410.64,-0.10599
410.66,-0.10581
410.68,-0.10563
410.69,-0.10545
410.71,-0.10527
410.73,-0.10509
410.75,-0.10491
410.76,-0.10473
410.78,-0.10455
410.8,-0.10437
410.81,-0.10418
410.83,-0.104
410.85,-0.10381
410.86,-0.10363
410.88,-0.10344
410.9,-0.10326
410.91,-0.10307
410.93,-0.10288
410.95,-0.1027
410.96,-0.10251
410.98,-0.10232
411,-0.10213
411.02,-0.10194
411.03,-0.10175
411.05,-0.10156
411.07,-0.10137
411.08,-0.10118
411.1,-0.10099
411.12,-0.1008
411.13,-0.1006
411.15,-0.10041
411.17,-0.10022
411.18,-0.10002
411.2,-0.099827
411.22,-0.099631
411.23,-0.099435
411.25,-0.099239
411.27,-0.099042
411.29,-0.098845
411.3,-0.098647
411.32,-0.098449
411.34,-0.098251
411.35,-0.098051
411.37,-0.097852
411.39,-0.097652
411.4,-0.097451
411.42,-0.09725
411.44,-0.097048
411.45,-0.096846
411.47,-0.096644
411.49,-0.096441
411.51,-0.096237
411.52,-0.096033
411.54,-0.095829
411.56,-0.095624
411.57,-0.095419
411.59,-0.095213
411.61,-0.095007
411.62,-0.0948
411.64,-0.094593
411.66,-0.094386
411.68,-0.094178
411.69,-0.093969
411.71,-0.09376
411.73,-0.093551
411.74,-0.093341
411.76,-0.09313
411.78,-0.09292
411.79,-0.092708
411.81,-0.092497
411.83,-0.092285
411.84,-0.092072
411.86,-0.091859
411.88,-0.091646
411.9,-0.091432
411.91,-0.091218
411.93,-0.091003
411.95,-0.090788
411.96,-0.090572
411.98,-0.090356
412,-0.090139
412.01,-0.089923
412.03,-0.089705
412.05,-0.089487
412.07,-0.089269
412.08,-0.089051
412.1,-0.088832
412.12,-0.088612
412.13,-0.088392
412.15,-0.088172
412.17,-0.087951
412.18,-0.08773
412.2,-0.087508
412.22,-0.087286
412.24,-0.087064
412.25,-0.086841
412.27,-0.086618
412.29,-0.086394
412.3,-0.08617
412.32,-0.085946
412.34,-0.085721
412.35,-0.085496
412.37,-0.08527
412.39,-0.085044
412.41,-0.084818
412.42,-0.084591
412.44,-0.084363
412.46,-0.084136
412.47,-0.083908
412.49,-0.083679
412.51,-0.083451
412.52,-0.083221
412.54,-0.082992
412.56,-0.082762
412.58,-0.082531
412.59,-0.082301
412.61,-0.082069
412.63,-0.081838
412.64,-0.081606
412.66,-0.081374
412.68,-0.081141
412.69,-0.080908
412.71,-0.080675
412.73,-0.080441
412.75,-0.080207
412.76,-0.079972
412.78,-0.079737
412.8,-0.079502
412.81,-0.079267
412.83,-0.079031
412.85,-0.078794
412.86,-0.078558
412.88,-0.078321
412.9,-0.078083
412.92,-0.077845
412.93,-0.077607
412.95,-0.077369
412.97,-0.07713
412.98,-0.076891
413,-0.076651
413.02,-0.076411
413.04,-0.076171
413.05,-0.075931
413.07,-0.07569
413.09,-0.075449
413.1,-0.075207
413.12,-0.074965
413.14,-0.074723
413.15,-0.07448
413.17,-0.074237
413.19,-0.073994
413.21,-0.073751
413.22,-0.073507
413.24,-0.073263
413.26,-0.073018
413.27,-0.072773
413.29,-0.072528
413.31,-0.072283
413.33,-0.072037
413.34,-0.071791
413.36,-0.071544
413.38,-0.071297
413.39,-0.07105
413.41,-0.070803
413.43,-0.070555
413.45,-0.070307
413.46,-0.070059
413.48,-0.06981
413.5,-0.069562
413.51,-0.069312
413.53,-0.069063
413.55,-0.068813
413.56,-0.068563
413.58,-0.068313
413.6,-0.068062
413.62,-0.067811
413.63,-0.06756
413.65,-0.067308
413.67,-0.067056
413.68,-0.066804
413.7,-0.066552
413.72,-0.066299
413.74,-0.066046
413.75,-0.065793
413.77,-0.06554
413.79,-0.065286
413.8,-0.065032
413.82,-0.064778
413.84,-0.064523
413.86,-0.064268
413.87,-0.064013
413.89,-0.063758
413.91,-0.063502
413.92,-0.063246
413.94,-0.06299
413.96,-0.062734
413.98,-0.062477
413.99,-0.06222
414.01,-0.061963
414.03,-0.061706
414.04,-0.061448
414.06,-0.06119
414.08,-0.060932
414.1,-0.060674
414.11,-0.060415
414.13,-0.060157
414.15,-0.059898
414.16,-0.059638
414.18,-0.059379
414.2,-0.059119
414.22,-0.058859
414.23,-0.058599
414.25,-0.058338
414.27,-0.058078
414.28,-0.057817
414.3,-0.057556
414.32,-0.057294
414.34,-0.057033
414.35,-0.056771
414.37,-0.056509
414.39,-0.056247
414.4,-0.055985
414.42,-0.055722
414.44,-0.055459
414.46,-0.055196
414.47,-0.054933
414.49,-0.05467
414.51,-0.054406
414.52,-0.054142
414.54,-0.053878
414.56,-0.053614
414.58,-0.05335
414.59,-0.053085
414.61,-0.05282
414.63,-0.052555
414.65,-0.05229
414.66,-0.052025
414.68,-0.051759
414.7,-0.051494
414.71,-0.051228
414.73,-0.050962
414.75,-0.050696
414.77,-0.050429
414.78,-0.050163
414.8,-0.049896
414.82,-0.049629
414.83,-0.049362
414.85,-0.049095
414.87,-0.048828
414.89,-0.04856
414.9,-0.048292
414.92,-0.048025
414.94,-0.047757
414.95,-0.047488
414.97,-0.04722
414.99,-0.046952
415.01,-0.046683
415.02,-0.046414
415.04,-0.046146
415.06,-0.045877
415.08,-0.045608
415.09,-0.045338
415.11,-0.045069
415.13,-0.044799
415.14,-0.04453
415.16,-0.04426
415.18,-0.04399
415.2,-0.04372
415.21,-0.04345
415.23,-0.043179
415.25,-0.042909
415.27,-0.042638
415.28,-0.042368
415.3,-0.042097
415.32,-0.041826
415.33,-0.041555
415.35,-0.041284
415.37,-0.041013
415.39,-0.040742
415.4,-0.04047
415.42,-0.040199
415.44,-0.039927
415.45,-0.039655
415.47,-0.039383
415.49,-0.039112
415.51,-0.03884
415.52,-0.038567
415.54,-0.038295
415.56,-0.038023
415.58,-0.037751
415.59,-0.037478
415.61,-0.037206
415.63,-0.036933
415.64,-0.036661
415.66,-0.036388
415.68,-0.036115
415.7,-0.035842
415.71,-0.035569
415.73,-0.035296
415.75,-0.035023
415.77,-0.03475
415.78,-0.034477
415.8,-0.034203
415.82,-0.03393
415.83,-0.033657
415.85,-0.033383
415.87,-0.03311
415.89,-0.032836
415.9,-0.032563
415.92,-0.032289
415.94,-0.032015
415.96,-0.031741
415.97,-0.031468
415.99,-0.031194
416.01,-0.03092
416.03,-0.030646
416.04,-0.030372
416.06,-0.030098
416.08,-0.029824
416.09,-0.02955
416.11,-0.029276
416.13,-0.029002
416.15,-0.028728
416.16,-0.028454
416.18,-0.02818
416.2,-0.027905
416.22,-0.027631
416.23,-0.027357
416.25,-0.027083
416.27,-0.026809
416.29,-0.026534
416.3,-0.02626
416.32,-0.025986
416.34,-0.025712
416.35,-0.025437
416.37,-0.025163
416.39,-0.024889
416.41,-0.024615
416.42,-0.02434
416.44,-0.024066
416.46,-0.023792
416.48,-0.023518
416.49,-0.023244
416.51,-0.022969
416.53,-0.022695
416.55,-0.022421
416.56,-0.022147
416.58,-0.021873
416.6,-0.021599
416.61,-0.021325
416.63,-0.021051
416.65,-0.020777
416.67,-0.020503
416.68,-0.020229
416.7,-0.019955
416.72,-0.019681
416.74,-0.019407
416.75,-0.019133
416.77,-0.01886
416.79,-0.018586
416.81,-0.018312
416.82,-0.018039
416.84,-0.017765
416.86,-0.017491
416.88,-0.017218
416.89,-0.016945
416.91,-0.016671
416.93,-0.016398
416.94,-0.016125
416.96,-0.015852
416.98,-0.015578
417,-0.015305
417.01,-0.015032
417.03,-0.014759
417.05,-0.014487
417.07,-0.014214
417.08,-0.013941
417.1,-0.013668
417.12,-0.013396
417.14,-0.013123
417.15,-0.012851
417.17,-0.012579
417.19,-0.012306
417.21,-0.012034
417.22,-0.011762
417.24,-0.01149
417.26,-0.011218
417.28,-0.010946
417.29,-0.010675
417.31,-0.010403
417.33,-0.010132
417.34,-0.0098602
417.36,-0.0095889
417.38,-0.0093177
417.4,-0.0090466
417.41,-0.0087755
417.43,-0.0085046
417.45,-0.0082338
417.47,-0.0079632
417.48,-0.0076926
417.5,-0.0074221
417.52,-0.0071518
417.54,-0.0068815
417.55,-0.0066114
417.57,-0.0063414
417.59,-0.0060716
417.61,-0.0058018
417.62,-0.0055322
417.64,-0.0052627
417.66,-0.0049933
417.68,-0.0047241
417.69,-0.004455
417.71,-0.004186
417.73,-0.0039171
417.75,-0.0036484
417.76,-0.0033798
417.78,-0.0031114
417.8,-0.0028431
417.82,-0.002575
417.83,-0.002307
417.85,-0.0020391
417.87,-0.0017714
417.89,-0.0015038
417.9,-0.0012364
417.92,-0.00096912
417.94,-0.000702
417.96,-0.00043504
417.97,-0.00016823
417.99,9.8415e-05
418.01,0.00036491
418.03,0.00063124
418.04,0.0008974
418.06,0.0011634
418.08,0.0014293
418.1,0.0016949
418.11,0.0019604
418.13,0.0022258
418.15,0.0024909
418.17,0.0027559
418.18,0.0030208
418.2,0.0032854
418.22,0.0035499
418.24,0.0038142
418.25,0.0040783
418.27,0.0043422
418.29,0.004606
418.31,0.0048695
418.32,0.0051329
418.34,0.0053961
418.36,0.0056591
418.38,0.0059219
418.39,0.0061846
418.41,0.006447
418.43,0.0067092
418.45,0.0069713
418.46,0.0072331
418.48,0.0074948
418.5,0.0077563
418.52,0.0080175
418.53,0.0082786
418.55,0.0085394
418.57,0.0088001
418.59,0.0090605
418.6,0.0093208
418.62,0.0095808
418.64,0.0098406
418.66,0.0101
418.67,0.01036
418.69,0.010619
418.71,0.010878
418.73,0.011137
418.74,0.011395
418.76,0.011653
418.78,0.011911
418.8,0.012169
418.81,0.012427
418.83,0.012684
418.85,0.012942
418.87,0.013199
418.88,0.013455
418.9,0.013712
418.92,0.013968
418.94,0.014224
418.95,0.01448
418.97,0.014736
418.99,0.014991
419.01,0.015246
419.02,0.015501
419.04,0.015756
419.06,0.01601
419.08,0.016265
419.09,0.016518
419.11,0.016772
419.13,0.017026
419.15,0.017279
419.16,0.017532
419.18,0.017785
419.2,0.018037
419.22,0.018289
419.23,0.018541
419.25,0.018793
419.27,0.019045
419.29,0.019296
419.3,0.019547
419.32,0.019797
419.34,0.020048
419.36,0.020298
419.38,0.020548
419.39,0.020798
419.41,0.021047
419.43,0.021297
419.45,0.021545
419.46,0.021794
419.48,0.022043
419.5,0.022291
419.52,0.022539
419.53,0.022786
419.55,0.023034
419.57,0.023281
419.59,0.023527
419.6,0.023774
419.62,0.02402
419.64,0.024266
419.66,0.024512
419.67,0.024757
419.69,0.025003
419.71,0.025248
419.73,0.025492
419.74,0.025737
419.76,0.025981
419.78,0.026225
419.8,0.026468
419.82,0.026711
419.83,0.026954
419.85,0.027197
419.87,0.027439
419.89,0.027682
419.9,0.027923
419.92,0.028165
419.94,0.028406
419.96,0.028647
419.97,0.028888
419.99,0.029129
420.01,0.029369
420.03,0.029609
420.04,0.029848
420.06,0.030088
420.08,0.030327
420.1,0.030565
420.12,0.030804
420.13,0.031042
420.15,0.03128
420.17,0.031517
420.19,0.031755
420.2,0.031992
420.22,0.032228
420.24,0.032465
420.26,0.032701
420.27,0.032937
420.29,0.033172
420.31,0.033408
420.33,0.033643
420.34,0.033877
420.36,0.034112
420.38,0.034346
420.4,0.034579
420.42,0.034813
420.43,0.035046
420.45,0.035279
420.47,0.035512
420.49,0.035744
420.5,0.035976
420.52,0.036208
420.54,0.036439
420.56,0.03667
420.57,0.036901
420.59,0.037131
420.61,0.037362
420.63,0.037592
420.65,0.037821
420.66,0.03805
420.68,0.038279
420.7,0.038508
420.72,0.038737
420.73,0.038965
420.75,0.039193
420.77,0.03942
420.79,0.039647
420.8,0.039874
420.82,0.040101
420.84,0.040327
420.86,0.040553
420.88,0.040779
420.89,0.041004
420.91,0.041229
420.93,0.041454
420.95,0.041679
420.96,0.041903
420.98,0.042127
421,0.042351
421.02,0.042574
421.03,0.042797
421.05,0.04302
421.07,0.043242
421.09,0.043464
421.11,0.043686
421.12,0.043908
421.14,0.044129
421.16,0.04435
421.18,0.04457
421.19,0.044791
421.21,0.045011
421.23,0.045231
421.25,0.04545
421.27,0.045669
421.28,0.045888
421.3,0.046107
421.32,0.046325
421.34,0.046543
421.35,0.04676
421.37,0.046978
421.39,0.047195
421.41,0.047412
421.43,0.047628
421.44,0.047844
421.46,0.04806
421.48,0.048276
421.5,0.048491
421.51,0.048706
421.53,0.048921
421.55,0.049136
421.57,0.04935
421.59,0.049564
421.6,0.049777
421.62,0.049991
421.64,0.050204
421.66,0.050416
421.67,0.050629
421.69,0.050841
421.71,0.051053
421.73,0.051265
421.75,0.051476
421.76,0.051687
421.78,0.051898
421.8,0.052108
421.82,0.052318
421.83,0.052528
421.85,0.052738
421.87,0.052947
421.89,0.053156
421.91,0.053365
421.92,0.053574
421.94,0.053782
421.96,0.05399
421.98,0.054198
421.99,0.054405
422.01,0.054613
422.03,0.054819
422.05,0.055026
422.07,0.055233
422.08,0.055439
422.1,0.055645
422.12,0.05585
422.14,0.056055
422.15,0.056261
422.17,0.056465
422.19,0.05667
422.21,0.056874
422.23,0.057078
422.24,0.057282
422.26,0.057486
422.28,0.057689
422.3,0.057892
422.32,0.058095
422.33,0.058297
422.35,0.0585
422.37,0.058702
422.39,0.058903
422.4,0.059105
422.42,0.059306
422.44,0.059507
422.46,0.059708
422.48,0.059909
422.49,0.060109
422.51,0.060309
422.53,0.060509
422.55,0.060709
422.56,0.060908
422.58,0.061108
422.6,0.061306
422.62,0.061505
422.64,0.061704
422.65,0.061902
422.67,0.0621
422.69,0.062298
422.71,0.062496
422.73,0.062693
422.74,0.06289
422.76,0.063087
422.78,0.063284
422.8,0.063481
422.82,0.063677
422.83,0.063873
422.85,0.064069
422.87,0.064265
422.89,0.064461
422.9,0.064656
422.92,0.064851
422.94,0.065046
422.96,0.065241
422.98,0.065436
422.99,0.06563
423.01,0.065824
423.03,0.066018
423.05,0.066212
423.07,0.066406
423.08,0.0666
423.1,0.066793
423.12,0.066986
423.14,0.067179
423.16,0.067372
423.17,0.067565
423.19,0.067757
423.21,0.067949
423.23,0.068142
423.24,0.068334
423.26,0.068526
423.28,0.068717
423.3,0.068909
423.32,0.0691
423.33,0.069292
423.35,0.069483
423.37,0.069674
423.39,0.069865
423.41,0.070055
423.42,0.070246
423.44,0.070436
423.46,0.070627
423.48,0.070817
423.5,0.071007
423.51,0.071197
423.53,0.071387
423.55,0.071576
423.57,0.071766
423.59,0.071956
423.6,0.072145
423.62,0.072334
423.64,0.072523
423.66,0.072713
423.67,0.072902
423.69,0.07309
423.71,0.073279
423.73,0.073468
423.75,0.073657
423.76,0.073845
423.78,0.074034
423.8,0.074222
423.82,0.07441
423.84,0.074599
423.85,0.074787
423.87,0.074975
423.89,0.075163
423.91,0.075351
423.93,0.075539
423.94,0.075727
423.96,0.075915
423.98,0.076102
424,0.07629
424.02,0.076478
424.03,0.076666
424.05,0.076853
424.07,0.077041
424.09,0.077228
424.11,0.077416
424.12,0.077604
424.14,0.077791
424.16,0.077979
424.18,0.078166
424.2,0.078354
424.21,0.078541
424.23,0.078729
424.25,0.078916
424.27,0.079104
424.29,0.079291
424.3,0.079479
424.32,0.079666
424.34,0.079854
424.36,0.080041
424.38,0.080229
424.39,0.080417
424.41,0.080604
424.43,0.080792
424.45,0.08098
424.47,0.081168
424.48,0.081356
424.5,0.081544
424.52,0.081732
424.54,0.08192
424.56,0.082108
424.57,0.082296
424.59,0.082484
424.61,0.082672
424.63,0.082861
424.65,0.083049
424.66,0.083238
424.68,0.083427
424.7,0.083615
424.72,0.083804
424.74,0.083993
424.75,0.084182
424.77,0.084372
424.79,0.084561
424.81,0.08475
424.83,0.08494
424.84,0.08513
424.86,0.08532
424.88,0.08551
424.9,0.0857
424.92,0.08589
424.94,0.08608
424.95,0.086271
424.97,0.086462
424.99,0.086653
425.01,0.086844
425.03,0.087035
425.04,0.087226
425.06,0.087418
425.08,0.08761
425.1,0.087802
425.12,0.087994
425.13,0.088186
425.15,0.088379
425.17,0.088572
425.19,0.088765
425.21,0.088958
425.22,0.089151
425.24,0.089345
425.26,0.089539
425.28,0.089733
425.3,0.089927
425.31,0.090122
425.33,0.090317
425.35,0.090512
425.37,0.090707
425.39,0.090903
425.41,0.091099
425.42,0.091295
425.44,0.091492
425.46,0.091688
425.48,0.091885
425.5,0.092083
425.51,0.09228
425.53,0.092478
425.55,0.092677
425.57,0.092875
425.59,0.093074
425.6,0.093273
425.62,0.093473
425.64,0.093673
425.66,0.093873
425.68,0.094074
425.69,0.094275
425.71,0.094476
425.73,0.094677
425.75,0.094879
425.77,0.095082
425.79,0.095285
425.8,0.095488
425.82,0.095691
425.84,0.095895
425.86,0.0961
425.88,0.096304
425.89,0.096509
425.91,0.096715
425.93,0.096921
425.95,0.097127
425.97,0.097334
425.99,0.097541
426,0.097749
426.02,0.097957
426.04,0.098166
426.06,0.098375
426.08,0.098584
426.09,0.098794
426.11,0.099005
426.13,0.099216
426.15,0.099427
426.17,0.099639
426.18,0.099852
426.2,0.10006
426.22,0.10028
426.24,0.10049
426.26,0.10071
426.28,0.10092
426.29,0.10114
426.31,0.10135
426.33,0.10157
426.35,0.10179
426.37,0.102
426.38,0.10222
426.4,0.10244
426.42,0.10266
426.44,0.10288
426.46,0.1031
426.48,0.10332
426.49,0.10355
426.51,0.10377
426.53,0.10399
426.55,0.10421
426.57,0.10444
426.58,0.10466
426.6,0.10489
426.62,0.10512
426.64,0.10534
426.66,0.10557
426.68,0.1058
426.69,0.10603
426.71,0.10626
426.73,0.10649
426.75,0.10672
426.77,0.10695
426.79,0.10718
426.8,0.10741
426.82,0.10765
426.84,0.10788
426.86,0.10812
426.88,0.10835
426.89,0.10859
426.91,0.10883
426.93,0.10906
426.95,0.1093
426.97,0.10954
426.99,0.10978
427,0.11002
427.02,0.11027
427.04,0.11051
427.06,0.11075
427.08,0.111
427.09,0.11124
427.11,0.11149
427.13,0.11173
427.15,0.11198
427.17,0.11223
427.19,0.11248
427.2,0.11273
427.22,0.11298
427.24,0.11323
427.26,0.11348
427.28,0.11374
427.3,0.11399
427.31,0.11425
427.33,0.1145
427.35,0.11476
427.37,0.11502
427.39,0.11528
427.41,0.11554
427.42,0.1158
427.44,0.11606
427.46,0.11632
427.48,0.11659
427.5,0.11685
427.51,0.11712
427.53,0.11738
427.55,0.11765
427.57,0.11792
427.59,0.11819
427.61,0.11846
427.62,0.11873
427.64,0.119
427.66,0.11928
427.68,0.11955
427.7,0.11983
427.72,0.1201
427.73,0.12038
427.75,0.12066
427.77,0.12094
427.79,0.12122
427.81,0.1215
427.83,0.12179
427.84,0.12207
427.86,0.12236
427.88,0.12264
427.9,0.12293
427.92,0.12322
427.94,0.12351
427.95,0.1238
427.97,0.12409
427.99,0.12438
428.01,0.12468
428.03,0.12497
428.05,0.12527
428.06,0.12557
428.08,0.12587
428.1,0.12617
428.12,0.12647
428.14,0.12677
428.16,0.12708
428.17,0.12738
428.19,0.12769
428.21,0.12799
428.23,0.1283
428.25,0.12861
428.27,0.12892
428.28,0.12924
428.3,0.12955
428.32,0.12987
428.34,0.13018
428.36,0.1305
428.38,0.13082
428.39,0.13114
428.41,0.13146
428.43,0.13178
428.45,0.13211
428.47,0.13243
428.49,0.13276
428.5,0.13309
428.52,0.13342
428.54,0.13375
428.56,0.13408
428.58,0.13442
428.6,0.13475
428.61,0.13509
428.63,0.13543
428.65,0.13577
428.67,0.13611
428.69,0.13645
428.71,0.13679
428.72,0.13714
428.74,0.13749
428.76,0.13783
428.78,0.13818
428.8,0.13854
428.82,0.13889
428.83,0.13924
428.85,0.1396
428.87,0.13995
428.89,0.14031
428.91,0.14067
428.93,0.14104
428.95,0.1414
428.96,0.14176
428.98,0.14213
429,0.1425
429.02,0.14287
429.04,0.14324
429.06,0.14361
429.07,0.14398
429.09,0.14436
429.11,0.14474
429.13,0.14512
429.15,0.1455
429.17,0.14588
429.18,0.14626
429.2,0.14665
429.22,0.14704
429.24,0.14743
429.26,0.14782
429.28,0.14821
429.3,0.1486
429.31,0.149
429.33,0.1494
429.35,0.14979
429.37,0.1502
429.39,0.1506
429.41,0.151
429.42,0.15141
429.44,0.15182
429.46,0.15223
429.48,0.15264
429.5,0.15305
429.52,0.15346
429.53,0.15388
429.55,0.1543
429.57,0.15472
429.59,0.15514
429.61,0.15556
429.63,0.15599
429.65,0.15642
429.66,0.15685
429.68,0.15728
429.7,0.15771
429.72,0.15815
429.74,0.15858
429.76,0.15902
429.77,0.15946
429.79,0.1599
429.81,0.16035
429.83,0.16079
429.85,0.16124
429.87,0.16169
429.89,0.16214
429.9,0.1626
429.92,0.16305
429.94,0.16351
429.96,0.16397
429.98,0.16443
430,0.16489
430.02,0.16536
430.03,0.16583
430.05,0.1663
430.07,0.16677
430.09,0.16724
430.11,0.16772
430.13,0.16819
430.14,0.16867
430.16,0.16916
430.18,0.16964
430.2,0.17012
430.22,0.17061
430.24,0.1711
430.26,0.17159
430.27,0.17209
430.29,0.17258
430.31,0.17308
430.33,0.17358
430.35,0.17408
430.37,0.17459
430.39,0.17509
430.4,0.1756
430.42,0.17611
430.44,0.17663
430.46,0.17714
430.48,0.17766
430.5,0.17818
430.51,0.1787
430.53,0.17922
430.55,0.17975
430.57,0.18028
430.59,0.18081
430.61,0.18134
430.63,0.18187
430.64,0.18241
430.66,0.18295
430.68,0.18349
430.7,0.18403
430.72,0.18458
430.74,0.18513
430.76,0.18568
430.77,0.18623
430.79,0.18679
430.81,0.18734
430.83,0.1879
430.85,0.18846
430.87,0.18903
430.89,0.18959
430.9,0.19016
430.92,0.19073
430.94,0.19131
430.96,0.19188
430.98,0.19246
431,0.19304
431.02,0.19362
431.03,0.19421
431.05,0.19479
431.07,0.19538
431.09,0.19598
431.11,0.19657
431.13,0.19717
431.15,0.19777
431.16,0.19837
431.18,0.19897
431.2,0.19958
431.22,0.20019
431.24,0.2008
431.26,0.20141
431.28,0.20203
431.29,0.20265
431.31,0.20327
431.33,0.20389
431.35,0.20452
431.37,0.20514
431.39,0.20577
431.41,0.20641
431.42,0.20704
431.44,0.20768
431.46,0.20832
431.48,0.20897
431.5,0.20961
431.52,0.21026
431.54,0.21091
431.56,0.21156
431.57,0.21222
431.59,0.21288
431.61,0.21354
431.63,0.2142
431.65,0.21487
431.67,0.21553
431.69,0.21621
431.7,0.21688
431.72,0.21755
431.74,0.21823
431.76,0.21891
431.78,0.2196
431.8,0.22028
431.82,0.22097
431.83,0.22167
431.85,0.22236
431.87,0.22306
431.89,0.22376
431.91,0.22446
431.93,0.22516
431.95,0.22587
431.97,0.22658
431.98,0.22729
432,0.22801
432.02,0.22872
432.04,0.22944
432.06,0.23017
432.08,0.23089
432.1,0.23162
432.11,0.23235
432.13,0.23308
432.15,0.23382
432.17,0.23456
432.19,0.2353
432.21,0.23605
432.23,0.23679
432.25,0.23754
432.26,0.23829
432.28,0.23905
432.3,0.23981
432.32,0.24057
432.34,0.24133
432.36,0.2421
432.38,0.24287
432.4,0.24364
432.41,0.24441
432.43,0.24519
432.45,0.24597
432.47,0.24675
432.49,0.24753
432.51,0.24832
432.53,0.24911
432.54,0.24991
432.56,0.2507
432.58,0.2515
432.6,0.2523
432.62,0.25311
432.64,0.25391
432.66,0.25472
432.68,0.25553
432.69,0.25635
432.71,0.25717
432.73,0.25799
432.75,0.25881
432.77,0.25964
432.79,0.26047
432.81,0.2613
432.83,0.26213
432.84,0.26297
432.86,0.26381
432.88,0.26466
432.9,0.2655
432.92,0.26635
432.94,0.2672
432.96,0.26806
432.98,0.26891
432.99,0.26977
433.01,0.27063
433.03,0.2715
433.05,0.27237
433.07,0.27324
433.09,0.27411
433.11,0.27499
433.13,0.27587
433.14,0.27675
433.16,0.27764
433.18,0.27852
433.2,0.27942
433.22,0.28031
433.24,0.28121
433.26,0.2821
433.28,0.28301
433.29,0.28391
433.31,0.28482
433.33,0.28573
433.35,0.28664
433.37,0.28756
433.39,0.28848
433.41,0.2894
433.43,0.29032
433.44,0.29125
433.46,0.29218
433.48,0.29312
433.5,0.29405
433.52,0.29499
433.54,0.29593
433.56,0.29688
433.58,0.29782
433.59,0.29877
433.61,0.29973
433.63,0.30068
433.65,0.30164
433.67,0.3026
433.69,0.30357
433.71,0.30453
433.73,0.3055
433.75,0.30648
433.76,0.30745
433.78,0.30843
433.8,0.30941
433.82,0.3104
433.84,0.31138
433.86,0.31237
433.88,0.31336
433.9,0.31436
433.91,0.31536
433.93,0.31636
433.95,0.31736
433.97,0.31837
433.99,0.31938
434.01,0.32039
434.03,0.3214
434.05,0.32242
434.07,0.32344
434.08,0.32447
434.1,0.32549
434.12,0.32652
434.14,0.32755
434.16,0.32859
434.18,0.32962
434.2,0.33066
434.22,0.33171
434.24,0.33275
434.25,0.3338
434.27,0.33485
434.29,0.33591
434.31,0.33696
434.33,0.33802
434.35,0.33908
434.37,0.34015
434.39,0.34122
434.4,0.34229
434.42,0.34336
434.44,0.34444
434.46,0.34552
434.48,0.3466
434.5,0.34768
434.52,0.34877
434.54,0.34986
434.56,0.35095
434.57,0.35204
434.59,0.35314
434.61,0.35424
434.63,0.35534
434.65,0.35645
434.67,0.35756
434.69,0.35867
434.71,0.35978
434.73,0.3609
434.74,0.36202
434.76,0.36314
434.78,0.36427
434.8,0.36539
434.82,0.36652
434.84,0.36766
434.86,0.36879
434.88,0.36993
434.9,0.37107
434.91,0.37221
434.93,0.37336
434.95,0.3745
434.97,0.37566
434.99,0.37681
435.01,0.37796
435.03,0.37912
435.05,0.38028
435.07,0.38145
435.09,0.38261
435.1,0.38378
435.12,0.38495
435.14,0.38613
435.16,0.3873
435.18,0.38848
435.2,0.38966
435.22,0.39085
435.24,0.39204
435.26,0.39322
435.27,0.39442
435.29,0.39561
435.31,0.39681
435.33,0.39801
435.35,0.39921
435.37,0.40041
435.39,0.40162
435.41,0.40283
435.43,0.40404
435.45,0.40525
435.46,0.40647
435.48,0.40768
435.5,0.40891
435.52,0.41013
435.54,0.41135
435.56,0.41258
435.58,0.41381
435.6,0.41505
435.62,0.41628
435.63,0.41752
435.65,0.41876
435.67,0.42
435.69,0.42124
435.71,0.42249
435.73,0.42374
435.75,0.42499
435.77,0.42624
435.79,0.4275
435.81,0.42876
435.82,0.43002
435.84,0.43128
435.86,0.43254
435.88,0.43381
435.9,0.43508
435.92,0.43635
435.94,0.43763
435.96,0.4389
435.98,0.44018
436,0.44146
436.01,0.44274
436.03,0.44402
436.05,0.44531
436.07,0.4466
436.09,0.44789
436.11,0.44918
436.13,0.45048
436.15,0.45177
436.17,0.45307
436.19,0.45437
436.21,0.45568
436.22,0.45698
436.24,0.45829
436.26,0.4596
436.28,0.46091
436.3,0.46222
436.32,0.46353
436.34,0.46485
436.36,0.46617
436.38,0.46749
436.4,0.46881
436.41,0.47014
436.43,0.47146
436.45,0.47279
436.47,0.47412
436.49,0.47545
436.51,0.47679
436.53,0.47812
436.55,0.47946
436.57,0.4808
436.59,0.48214
436.6,0.48348
436.62,0.48482
436.64,0.48617
436.66,0.48752
436.68,0.48887
436.7,0.49022
436.72,0.49157
436.74,0.49292
436.76,0.49428
436.78,0.49564
436.8,0.497
436.81,0.49836
436.83,0.49972
436.85,0.50108
436.87,0.50245
436.89,0.50382
436.91,0.50518
436.93,0.50655
436.95,0.50793
436.97,0.5093
436.99,0.51067
437.01,0.51205
437.02,0.51343
437.04,0.5148
437.06,0.51619
437.08,0.51757
437.1,0.51895
437.12,0.52033
437.14,0.52172
437.16,0.52311
437.18,0.52449
437.2,0.52588
437.22,0.52727
437.23,0.52867
437.25,0.53006
437.27,0.53145
437.29,0.53285
437.31,0.53425
437.33,0.53564
437.35,0.53704
437.37,0.53844
437.39,0.53985
437.41,0.54125
437.43,0.54265
437.45,0.54406
437.46,0.54546
437.48,0.54687
437.5,0.54828
437.52,0.54968
437.54,0.55109
437.56,0.55251
437.58,0.55392
437.6,0.55533
437.62,0.55674
437.64,0.55816
437.66,0.55957
437.68,0.56099
437.69,0.56241
437.71,0.56382
437.73,0.56524
437.75,0.56666
437.77,0.56808
437.79,0.5695
437.81,0.57092
437.83,0.57235
437.85,0.57377
437.87,0.57519
437.89,0.57662
437.91,0.57804
437.92,0.57947
437.94,0.58089
437.96,0.58232
437.98,0.58375
438,0.58518
438.02,0.5866
438.04,0.58803
438.06,0.58946
438.08,0.59089
438.1,0.59232
438.12,0.59375
438.14,0.59518
438.15,0.59661
438.17,0.59805
438.19,0.59948
438.21,0.60091
438.23,0.60234
438.25,0.60378
438.27,0.60521
438.29,0.60664
438.31,0.60808
438.33,0.60951
438.35,0.61094
438.37,0.61238
438.38,0.61381
438.4,0.61525
438.42,0.61668
438.44,0.61811
438.46,0.61955
438.48,0.62098
438.5,0.62242
438.52,0.62385
438.54,0.62529
438.56,0.62672
438.58,0.62816
438.6,0.62959
438.62,0.63102
438.63,0.63246
438.65,0.63389
438.67,0.63533
438.69,0.63676
438.71,0.63819
438.73,0.63963
438.75,0.64106
438.77,0.64249
438.79,0.64392
438.81,0.64536
438.83,0.64679
438.85,0.64822
438.87,0.64965
438.89,0.65108
438.9,0.65251
438.92,0.65394
438.94,0.65537
438.96,0.65679
438.98,0.65822
439,0.65965
439.02,0.66108
439.04,0.6625
439.06,0.66393
439.08,0.66535
439.1,0.66678
439.12,0.6682
439.14,0.66962
439.16,0.67104
439.17,0.67247
439.19,0.67389
439.21,0.67531
439.23,0.67672
439.25,0.67814
439.27,0.67956
439.29,0.68098
439.31,0.68239
439.33,0.68381
439.35,0.68522
439.37,0.68663
439.39,0.68804
439.41,0.68945
439.43,0.69086
439.44,0.69227
439.46,0.69368
439.48,0.69508
439.5,0.69649
439.52,0.69789
439.54,0.69929
439.56,0.70069
439.58,0.70209
439.6,0.70349
439.62,0.70489
439.64,0.70629
439.66,0.70768
439.68,0.70907
439.7,0.71047
439.72,0.71186
439.73,0.71325
439.75,0.71463
439.77,0.71602
439.79,0.71741
439.81,0.71879
439.83,0.72017
439.85,0.72155
439.87,0.72293
439.89,0.72431
439.91,0.72568
439.93,0.72705
439.95,0.72843
439.97,0.7298
439.99,0.73117
440.01,0.73253
440.02,0.7339
440.04,0.73526
440.06,0.73662
440.08,0.73798
440.1,0.73934
440.12,0.74069
440.14,0.74205
440.16,0.7434
440.18,0.74475
440.2,0.7461
440.22,0.74744
440.24,0.74879
440.26,0.75013
440.28,0.75147
440.3,0.75281
440.32,0.75414
440.33,0.75548
440.35,0.75681
440.37,0.75814
440.39,0.75946
440.41,0.76079
440.43,0.76211
440.45,0.76343
440.47,0.76475
440.49,0.76606
440.51,0.76737
440.53,0.76869
440.55,0.76999
440.57,0.7713
440.59,0.7726
440.61,0.7739
440.63,0.7752
440.65,0.7765
440.66,0.77779
440.68,0.77908
440.7,0.78037
440.72,0.78165
440.74,0.78294
440.76,0.78422
440.78,0.78549
440.8,0.78677
440.82,0.78804
440.84,0.78931
440.86,0.79058
440.88,0.79184
440.9,0.7931
440.92,0.79436
440.94,0.79561
440.96,0.79686
440.98,0.79811
440.99,0.79936
441.01,0.8006
441.03,0.80184
441.05,0.80308
441.07,0.80431
441.09,0.80554
441.11,0.80677
441.13,0.808
441.15,0.80922
441.17,0.81044
441.19,0.81165
441.21,0.81287
441.23,0.81407
441.25,0.81528
441.27,0.81648
441.29,0.81768
441.31,0.81888
441.33,0.82007
441.35,0.82126
441.36,0.82245
441.38,0.82363
441.4,0.82481
441.42,0.82598
441.44,0.82715
441.46,0.82832
441.48,0.82949
441.5,0.83065
441.52,0.83181
441.54,0.83296
441.56,0.83411
441.58,0.83526
441.6,0.8364
441.62,0.83754
441.64,0.83868
441.66,0.83981
441.68,0.84094
441.7,0.84207
441.72,0.84319
441.74,0.8443
441.75,0.84542
441.77,0.84653
441.79,0.84763
441.81,0.84873
441.83,0.84983
441.85,0.85093
441.87,0.85202
441.89,0.8531
441.91,0.85419
441.93,0.85526
441.95,0.85634
441.97,0.85741
441.99,0.85847
442.01,0.85954
442.03,0.86059
442.05,0.86165
442.07,0.8627
442.09,0.86374
442.11,0.86478
442.13,0.86582
442.15,0.86685
442.16,0.86788
442.18,0.86891
442.2,0.86993
442.22,0.87094
442.24,0.87195
442.26,0.87296
442.28,0.87396
442.3,0.87496
442.32,0.87595
442.34,0.87694
442.36,0.87793
442.38,0.87891
442.4,0.87989
442.42,0.88086
442.44,0.88182
442.46,0.88279
442.48,0.88374
442.5,0.8847
442.52,0.88564
442.54,0.88659
442.56,0.88753
442.58,0.88846
442.6,0.88939
442.61,0.89032
442.63,0.89124
442.65,0.89215
442.67,0.89306
442.69,0.89397
442.71,0.89487
442.73,0.89577
442.75,0.89666
442.77,0.89755
442.79,0.89843
442.81,0.89931
442.83,0.90018
442.85,0.90104
442.87,0.90191
442.89,0.90276
442.91,0.90362
442.93,0.90446
442.95,0.90531
442.97,0.90614
442.99,0.90698
443.01,0.9078
443.03,0.90862
443.05,0.90944
443.07,0.91025
443.09,0.91106
443.11,0.91186
443.12,0.91266
443.14,0.91345
443.16,0.91424
443.18,0.91502
443.2,0.91579
443.22,0.91656
443.24,0.91733
443.26,0.91809
443.28,0.91884
443.3,0.91959
443.32,0.92033
443.34,0.92107
443.36,0.92181
443.38,0.92253
443.4,0.92326
443.42,0.92397
443.44,0.92468
443.46,0.92539
443.48,0.92609
443.5,0.92679
443.52,0.92748
443.54,0.92816
443.56,0.92884
443.58,0.92951
443.6,0.93018
443.62,0.93084
443.64,0.9315
443.66,0.93215
443.68,0.93279
443.7,0.93343
443.71,0.93407
443.73,0.9347
443.75,0.93532
443.77,0.93593
443.79,0.93655
443.81,0.93715
443.83,0.93775
443.85,0.93835
443.87,0.93893
443.89,0.93952
443.91,0.94009
443.93,0.94067
443.95,0.94123
443.97,0.94179
443.99,0.94234
444.01,0.94289
444.03,0.94343
444.05,0.94397
444.07,0.9445
444.09,0.94503
444.11,0.94554
444.13,0.94606
444.15,0.94656
444.17,0.94706
444.19,0.94756
444.21,0.94805
444.23,0.94853
444.25,0.94901
444.27,0.94948
444.29,0.94994
444.31,0.9504
444.33,0.95086
444.35,0.9513
444.37,0.95174
444.39,0.95218
444.4,0.95261
444.42,0.95303
444.44,0.95345
444.46,0.95386
444.48,0.95426
444.5,0.95466
444.52,0.95505
444.54,0.95544
444.56,0.95582
444.58,0.95619
444.6,0.95656
444.62,0.95692
444.64,0.95728
444.66,0.95763
444.68,0.95797
444.7,0.95831
444.72,0.95864
444.74,0.95896
444.76,0.95928
444.78,0.95959
444.8,0.9599
444.82,0.9602
444.84,0.96049
444.86,0.96078
444.88,0.96106
444.9,0.96133
444.92,0.9616
444.94,0.96186
444.96,0.96212
444.98,0.96236
445,0.96261
445.02,0.96284
445.04,0.96307
445.06,0.9633
445.08,0.96351
445.1,0.96373
445.12,0.96393
445.14,0.96413
445.16,0.96432
445.18,0.96451
445.2,0.96468
445.22,0.96486
445.24,0.96502
445.26,0.96518
445.28,0.96534
445.3,0.96548
445.32,0.96562
445.34,0.96576
445.35,0.96589
445.37,0.96601
445.39,0.96612
445.41,0.96623
445.43,0.96633
445.45,0.96643
445.47,0.96652
445.49,0.9666
445.51,0.96667
445.53,0.96674
445.55,0.96681
445.57,0.96686
445.59,0.96691
445.61,0.96696
445.63,0.96699
445.65,0.96702
445.67,0.96705
445.69,0.96706
445.71,0.96707
445.73,0.96708
445.75,0.96708
445.77,0.96707
445.79,0.96705
445.81,0.96703
445.83,0.967
445.85,0.96697
445.87,0.96693
445.89,0.96688
445.91,0.96682
445.93,0.96676
445.95,0.96669
445.97,0.96662
445.99,0.96654
446.01,0.96645
446.03,0.96636
446.05,0.96626
446.07,0.96615
446.09,0.96604
446.11,0.96592
446.13,0.96579
446.15,0.96566
446.17,0.96552
446.19,0.96537
446.21,0.96522
446.23,0.96506
446.25,0.96489
446.27,0.96472
446.29,0.96454
446.31,0.96435
446.33,0.96416
446.35,0.96396
446.37,0.96375
446.39,0.96354
446.41,0.96332
446.43,0.9631
446.45,0.96287
446.47,0.96263
446.49,0.96238
446.51,0.96213
446.53,0.96187
446.55,0.96161
446.57,0.96133
446.59,0.96106
446.61,0.96077
446.63,0.96048
446.65,0.96018
446.67,0.95988
446.69,0.95957
446.71,0.95925
446.73,0.95893
446.75,0.9586
446.77,0.95826
446.79,0.95791
446.81,0.95756
446.83,0.95721
446.85,0.95684
446.87,0.95647
446.89,0.9561
446.91,0.95572
446.93,0.95533
446.95,0.95493
446.97,0.95453
446.99,0.95412
447.01,0.9537
447.03,0.95328
447.05,0.95285
447.07,0.95242
447.09,0.95198
447.11,0.95153
447.13,0.95107
447.15,0.95061
447.17,0.95014
447.19,0.94967
447.21,0.94919
447.23,0.9487
447.25,0.94821
447.27,0.94771
447.29,0.9472
447.31,0.94669
447.33,0.94617
447.35,0.94565
447.37,0.94511
447.39,0.94457
447.41,0.94403
447.43,0.94348
447.45,0.94292
447.47,0.94236
447.49,0.94179
447.51,0.94121
447.53,0.94063
447.55,0.94004
447.57,0.93944
447.59,0.93884
447.61,0.93823
447.63,0.93761
447.65,0.93699
447.67,0.93636
447.69,0.93573
447.71,0.93509
447.73,0.93444
447.75,0.93379
447.77,0.93313
447.79,0.93246
447.81,0.93179
447.83,0.93111
447.85,0.93043
447.87,0.92974
447.89,0.92904
447.91,0.92834
447.93,0.92763
447.95,0.92691
447.97,0.92619
447.99,0.92546
448.01,0.92473
448.03,0.92399
448.05,0.92324
448.07,0.92249
448.09,0.92173
448.11,0.92097
448.13,0.92019
448.15,0.91942
448.17,0.91863
448.19,0.91784
448.21,0.91705
448.23,0.91625
448.25,0.91544
448.27,0.91462
448.29,0.9138
448.31,0.91298
448.33,0.91215
448.35,0.91131
448.37,0.91046
448.39,0.90961
448.41,0.90876
448.43,0.90789
448.45,0.90703
448.47,0.90615
448.49,0.90527
448.51,0.90439
448.53,0.90349
448.55,0.9026
448.57,0.90169
448.59,0.90078
448.61,0.89987
448.63,0.89895
448.65,0.89802
448.67,0.89709
448.69,0.89615
448.71,0.8952
448.73,0.89425
448.75,0.8933
448.77,0.89233
448.79,0.89137
448.81,0.89039
448.83,0.88941
448.85,0.88843
448.87,0.88744
448.89,0.88644
448.91,0.88544
448.93,0.88443
448.95,0.88342
448.97,0.8824
448.99,0.88137
449.01,0.88034
449.03,0.87931
449.05,0.87827
449.07,0.87722
449.1,0.87617
449.12,0.87511
449.14,0.87404
449.16,0.87298
449.18,0.8719
449.2,0.87082
449.22,0.86973
449.24,0.86864
449.26,0.86755
449.28,0.86645
449.3,0.86534
449.32,0.86423
449.34,0.86311
449.36,0.86198
449.38,0.86085
449.4,0.85972
449.42,0.85858
449.44,0.85744
449.46,0.85629
449.48,0.85513
449.5,0.85397
449.52,0.8528
449.54,0.85163
449.56,0.85046
449.58,0.84928
449.6,0.84809
449.62,0.8469
449.64,0.8457
449.66,0.8445
449.68,0.84329
449.7,0.84208
449.72,0.84086
449.74,0.83964
449.76,0.83841
449.78,0.83718
449.8,0.83594
449.82,0.8347
449.84,0.83345
449.86,0.8322
449.88,0.83094
449.9,0.82968
449.92,0.82842
449.94,0.82714
449.96,0.82587
449.98,0.82459
450,0.8233
450.02,0.82201
450.05,0.82071
450.07,0.81941
450.09,0.81811
450.11,0.8168
450.13,0.81548
450.15,0.81416
450.17,0.81284
450.19,0.81151
450.21,0.81018
450.23,0.80884
450.25,0.8075
450.27,0.80615
450.29,0.8048
450.31,0.80344
450.33,0.80208
450.35,0.80072
450.37,0.79935
450.39,0.79797
450.41,0.79659
450.43,0.79521
450.45,0.79382
450.47,0.79243
450.49,0.79104
450.51,0.78964
450.53,0.78823
450.55,0.78682
450.57,0.78541
450.59,0.78399
450.61,0.78257
450.63,0.78114
450.65,0.77971
450.67,0.77828
450.69,0.77684
450.71,0.7754
450.73,0.77395
450.76,0.7725
450.78,0.77105
450.8,0.76959
450.82,0.76813
450.84,0.76666
450.86,0.76519
450.88,0.76371
450.9,0.76224
450.92,0.76075
450.94,0.75927
450.96,0.75778
450.98,0.75628
451,0.75479
451.02,0.75328
451.04,0.75178
451.06,0.75027
451.08,0.74876
451.1,0.74724
451.12,0.74572
451.14,0.7442
451.16,0.74267
451.18,0.74114
451.2,0.7396
451.22,0.73806
451.24,0.73652
451.26,0.73498
451.28,0.73343
451.3,0.73188
451.32,0.73032
451.35,0.72876
451.37,0.7272
451.39,0.72563
451.41,0.72406
451.43,0.72249
451.45,0.72091
451.47,0.71934
451.49,0.71775
451.51,0.71617
451.53,0.71458
451.55,0.71299
451.57,0.71139
451.59,0.70979
451.61,0.70819
451.63,0.70658
451.65,0.70498
451.67,0.70337
451.69,0.70175
451.71,0.70014
451.73,0.69852
451.75,0.69689
451.77,0.69527
451.79,0.69364
451.81,0.69201
451.83,0.69037
451.85,0.68873
451.88,0.68709
451.9,0.68545
451.92,0.68381
451.94,0.68216
451.96,0.68051
451.98,0.67885
452,0.6772
452.02,0.67554
452.04,0.67387
452.06,0.67221
452.08,0.67054
452.1,0.66887
452.12,0.6672
452.14,0.66553
452.16,0.66385
452.18,0.66217
452.2,0.66049
452.22,0.6588
452.24,0.65712
452.26,0.65543
452.28,0.65374
452.3,0.65204
452.32,0.65035
452.35,0.64865
452.37,0.64695
452.39,0.64525
452.41,0.64354
452.43,0.64183
452.45,0.64013
452.47,0.63841
452.49,0.6367
452.51,0.63499
452.53,0.63327
452.55,0.63155
452.57,0.62983
452.59,0.6281
452.61,0.62638
452.63,0.62465
452.65,0.62292
452.67,0.62119
452.69,0.61946
452.71,0.61773
452.73,0.61599
452.76,0.61425
452.78,0.61251
452.8,0.61077
452.82,0.60903
452.84,0.60728
452.86,0.60554
452.88,0.60379
452.9,0.60204
452.92,0.60029
452.94,0.59854
452.96,0.59678
452.98,0.59503
453,0.59327
453.02,0.59151
453.04,0.58975
453.06,0.58799
453.08,0.58623
453.1,0.58446
453.12,0.5827
453.14,0.58093
453.17,0.57916
453.19,0.5774
453.21,0.57563
453.23,0.57385
453.25,0.57208
453.27,0.57031
453.29,0.56853
453.31,0.56676
453.33,0.56498
453.35,0.5632
453.37,0.56142
453.39,0.55965
453.41,0.55786
453.43,0.55608
453.45,0.5543
453.47,0.55252
453.49,0.55073
453.51,0.54895
453.54,0.54716
453.56,0.54538
453.58,0.54359
453.6,0.5418
453.62,0.54001
453.64,0.53822
453.66,0.53643
453.68,0.53464
453.7,0.53285
453.72,0.53106
453.74,0.52927
453.76,0.52748
453.78,0.52568
453.8,0.52389
453.82,0.52209
453.84,0.5203
453.86,0.5185
453.89,0.51671
453.91,0.51491
453.93,0.51312
453.95,0.51132
453.97,0.50952
453.99,0.50773
454.01,0.50593
454.03,0.50413
454.05,0.50234
454.07,0.50054
454.09,0.49874
454.11,0.49694
454.13,0.49515
454.15,0.49335
454.17,0.49155
454.19,0.48975
454.22,0.48795
454.24,0.48616
454.26,0.48436
454.28,0.48256
454.3,0.48076
454.32,0.47897
454.34,0.47717
454.36,0.47537
454.38,0.47358
454.4,0.47178
454.42,0.46998
454.44,0.46819
454.46,0.46639
454.48,0.4646
454.5,0.4628
454.52,0.46101
454.55,0.45921
454.57,0.45742
454.59,0.45562
454.61,0.45383
454.63,0.45204
454.65,0.45025
454.67,0.44846
454.69,0.44666
454.71,0.44487
454.73,0.44309
454.75,0.4413
454.77,0.43951
454.79,0.43772
454.81,0.43593
454.83,0.43415
454.86,0.43236
454.88,0.43058
454.9,0.42879
454.92,0.42701
454.94,0.42523
454.96,0.42345
454.98,0.42167
455,0.41989
455.02,0.41811
455.04,0.41633
455.06,0.41455
455.08,0.41278
455.1,0.411
455.12,0.40923
455.15,0.40746
455.17,0.40569
455.19,0.40392
455.21,0.40215
455.23,0.40038
455.25,0.39861
455.27,0.39685
455.29,0.39508
455.31,0.39332
455.33,0.39156
455.35,0.38979
455.37,0.38804
455.39,0.38628
455.41,0.38452
455.44,0.38276
455.46,0.38101
455.48,0.37926
455.5,0.37751
455.52,0.37576
455.54,0.37401
455.56,0.37226
455.58,0.37052
455.6,0.36877
455.62,0.36703
455.64,0.36529
455.66,0.36355
455.68,0.36181
455.71,0.36008
455.73,0.35834
455.75,0.35661
455.77,0.35488
455.79,0.35315
455.81,0.35142
455.83,0.34969
455.85,0.34797
455.87,0.34625
455.89,0.34453
455.91,0.34281
455.93,0.34109
455.95,0.33938
455.98,0.33766
456,0.33595
456.02,0.33424
456.04,0.33253
456.06,0.33083
456.08,0.32912
456.1,0.32742
456.12,0.32572
456.14,0.32402
456.16,0.32233
456.18,0.32064
456.2,0.31894
456.23,0.31725
456.25,0.31557
456.27,0.31388
456.29,0.3122
456.31,0.31052
456.33,0.30884
456.35,0.30716
456.37,0.30549
456.39,0.30381
456.41,0.30214
456.43,0.30048
456.45,0.29881
456.48,0.29715
456.5,0.29549
456.52,0.29383
456.54,0.29217
456.56,0.29052
456.58,0.28887
456.6,0.28722
456.62,0.28557
456.64,0.28392
456.66,0.28228
456.68,0.28064
456.7,0.27901
456.73,0.27737
456.75,0.27574
456.77,0.27411
456.79,0.27248
456.81,0.27086
456.83,0.26923
456.85,0.26761
456.87,0.266
456.89,0.26438
456.91,0.26277
456.93,0.26116
456.95,0.25956
456.98,0.25795
457,0.25635
457.02,0.25475
457.04,0.25316
457.06,0.25156
457.08,0.24997
457.1,0.24838
457.12,0.2468
457.14,0.24522
457.16,0.24364
457.18,0.24206
457.21,0.24048
457.23,0.23891
457.25,0.23735
457.27,0.23578
457.29,0.23422
457.31,0.23266
457.33,0.2311
457.35,0.22954
457.37,0.22799
457.39,0.22644
457.41,0.2249
457.44,0.22336
457.46,0.22182
457.48,0.22028
457.5,0.21875
457.52,0.21722
457.54,0.21569
457.56,0.21416
457.58,0.21264
457.6,0.21112
457.62,0.2096
457.64,0.20809
457.67,0.20658
457.69,0.20508
457.71,0.20357
457.73,0.20207
457.75,0.20057
457.77,0.19908
457.79,0.19759
457.81,0.1961
457.83,0.19461
457.85,0.19313
457.88,0.19165
457.9,0.19018
457.92,0.1887
457.94,0.18723
457.96,0.18577
457.98,0.1843
458,0.18284
458.02,0.18139
458.04,0.17993
458.06,0.17848
458.09,0.17703
458.11,0.17559
458.13,0.17415
458.15,0.17271
458.17,0.17128
458.19,0.16985
458.21,0.16842
458.23,0.16699
458.25,0.16557
458.27,0.16416
458.3,0.16274
458.32,0.16133
458.34,0.15992
458.36,0.15852
458.38,0.15711
458.4,0.15572
458.42,0.15432
458.44,0.15293
458.46,0.15154
458.48,0.15016
458.51,0.14878
458.53,0.1474
458.55,0.14602
458.57,0.14465
458.59,0.14328
458.61,0.14192
458.63,0.14056
458.65,0.1392
458.67,0.13785
458.69,0.13649
458.72,0.13515
458.74,0.1338
458.76,0.13246
458.78,0.13112
458.8,0.12979
458.82,0.12846
458.84,0.12713
458.86,0.12581
458.88,0.12449
458.91,0.12317
458.93,0.12186
458.95,0.12055
458.97,0.11924
458.99,0.11794
459.01,0.11664
459.03,0.11535
459.05,0.11405
459.07,0.11276
459.09,0.11148
459.12,0.1102
459.14,0.10892
459.16,0.10764
459.18,0.10637
459.2,0.1051
459.22,0.10384
459.24,0.10258
459.26,0.10132
459.28,0.10007
459.31,0.098815
459.33,0.097568
459.35,0.096324
459.37,0.095084
459.39,0.093848
459.41,0.092615
459.43,0.091385
459.45,0.090159
459.47,0.088937
459.5,0.087718
459.52,0.086502
459.54,0.08529
459.56,0.084082
459.58,0.082877
459.6,0.081676
459.62,0.080478
459.64,0.079284
459.66,0.078093
459.69,0.076906
459.71,0.075722
459.73,0.074542
459.75,0.073365
459.77,0.072192
459.79,0.071023
459.81,0.069856
459.83,0.068694
459.85,0.067535
459.88,0.066379
459.9,0.065227
459.92,0.064079
459.94,0.062934
459.96,0.061793
459.98,0.060655
460,0.05952
460.02,0.05839
460.05,0.057262
460.07,0.056139
460.09,0.055018
460.11,0.053902
460.13,0.052788
460.15,0.051679
460.17,0.050572
460.19,0.04947
460.21,0.04837
460.24,0.047275
460.26,0.046183
460.28,0.045094
460.3,0.044009
460.32,0.042927
460.34,0.041849
460.36,0.040774
460.38,0.039703
460.41,0.038635
460.43,0.037571
460.45,0.03651
460.47,0.035453
460.49,0.034399
460.51,0.033349
460.53,0.032302
460.55,0.031259
460.57,0.030219
460.6,0.029183
460.62,0.02815
460.64,0.02712
460.66,0.026094
460.68,0.025072
460.7,0.024052
460.72,0.023037
460.74,0.022024
460.77,0.021016
460.79,0.02001
460.81,0.019008
460.83,0.01801
460.85,0.017015
460.87,0.016023
460.89,0.015035
460.91,0.01405
460.94,0.013068
460.96,0.01209
460.98,0.011116
461,0.010144
461.02,0.0091766
461.04,0.0082121
461.06,0.007251
461.08,0.0062933
461.11,0.0053389
461.13,0.0043879
461.15,0.0034403
461.17,0.002496
461.19,0.0015551
461.21,0.00061755
461.23,-0.00031668
461.25,-0.0012476
461.28,-0.0021751
461.3,-0.0030994
461.32,-0.0040203
461.34,-0.0049379
461.36,-0.0058522
461.38,-0.0067632
461.4,-0.0076709
461.42,-0.0085753
461.45,-0.0094764
461.47,-0.010374
461.49,-0.011269
461.51,-0.01216
461.53,-0.013048
461.55,-0.013933
461.57,-0.014814
461.6,-0.015692
461.62,-0.016567
461.64,-0.017439
461.66,-0.018308
461.68,-0.019173
461.7,-0.020035
461.72,-0.020894
461.74,-0.02175
461.77,-0.022602
461.79,-0.023452
461.81,-0.024298
461.83,-0.025141
461.85,-0.02598
461.87,-0.026817
461.89,-0.02765
461.92,-0.028481
461.94,-0.029308
461.96,-0.030132
461.98,-0.030952
462,-0.03177
462.02,-0.032585
462.04,-0.033396
462.06,-0.034205
462.09,-0.03501
462.11,-0.035812
462.13,-0.036611
462.15,-0.037407
462.17,-0.0382
462.19,-0.03899
462.21,-0.039777
462.24,-0.040561
462.26,-0.041341
462.28,-0.042119
462.3,-0.042894
462.32,-0.043665
462.34,-0.044434
462.36,-0.0452
462.38,-0.045962
462.41,-0.046722
462.43,-0.047478
462.45,-0.048232
462.47,-0.048983
462.49,-0.04973
462.51,-0.050475
462.53,-0.051217
462.56,-0.051956
462.58,-0.052692
462.6,-0.053425
462.62,-0.054155
462.64,-0.054882
462.66,-0.055607
462.68,-0.056328
462.71,-0.057046
462.73,-0.057762
462.75,-0.058475
462.77,-0.059185
462.79,-0.059892
462.81,-0.060596
462.83,-0.061297
462.86,-0.061996
462.88,-0.062692
462.9,-0.063385
462.92,-0.064075
462.94,-0.064762
462.96,-0.065446
462.98,-0.066128
463.01,-0.066807
463.03,-0.067483
463.05,-0.068157
463.07,-0.068827
463.09,-0.069495
463.11,-0.07016
463.13,-0.070823
463.16,-0.071483
463.18,-0.07214
463.2,-0.072794
463.22,-0.073446
463.24,-0.074095
463.26,-0.074741
463.28,-0.075385
463.31,-0.076025
463.33,-0.076664
463.35,-0.077299
463.37,-0.077932
463.39,-0.078563
463.41,-0.079191
463.43,-0.079816
463.46,-0.080438
463.48,-0.081058
463.5,-0.081676
463.52,-0.08229
463.54,-0.082903
463.56,-0.083512
463.59,-0.084119
463.61,-0.084724
463.63,-0.085326
463.65,-0.085925
463.67,-0.086522
463.69,-0.087117
463.71,-0.087709
463.74,-0.088298
463.76,-0.088885
463.78,-0.08947
463.8,-0.090052
463.82,-0.090631
463.84,-0.091209
463.86,-0.091783
463.89,-0.092355
463.91,-0.092925
463.93,-0.093493
463.95,-0.094058
463.97,-0.09462
463.99,-0.09518
464.02,-0.095738
464.04,-0.096294
464.06,-0.096847
464.08,-0.097397
464.1,-0.097946
464.12,-0.098492
464.14,-0.099035
464.17,-0.099577
464.19,-0.10012
464.21,-0.10065
464.23,-0.10119
464.25,-0.10172
464.27,-0.10225
464.3,-0.10278
464.32,-0.1033
464.34,-0.10382
464.36,-0.10435
464.38,-0.10486
464.4,-0.10538
464.43,-0.10589
464.45,-0.10641
464.47,-0.10692
464.49,-0.10742
464.51,-0.10793
464.53,-0.10843
464.55,-0.10893
464.58,-0.10943
464.6,-0.10993
464.62,-0.11042
464.64,-0.11091
464.66,-0.1114
464.68,-0.11189
464.71,-0.11238
464.73,-0.11286
464.75,-0.11334
464.77,-0.11382
464.79,-0.1143
464.81,-0.11478
464.84,-0.11525
464.86,-0.11572
464.88,-0.11619
464.9,-0.11666
464.92,-0.11712
464.94,-0.11759
464.96,-0.11805
464.99,-0.11851
465.01,-0.11896
465.03,-0.11942
465.05,-0.11987
465.07,-0.12032
465.09,-0.12077
465.12,-0.12122
465.14,-0.12166
465.16,-0.12211
465.18,-0.12255
465.2,-0.12299
465.22,-0.12342
465.25,-0.12386
465.27,-0.12429
465.29,-0.12473
465.31,-0.12516
465.33,-0.12558
465.35,-0.12601
465.38,-0.12643
465.4,-0.12686
465.42,-0.12728
465.44,-0.12769
465.46,-0.12811
465.48,-0.12853
465.51,-0.12894
465.53,-0.12935
465.55,-0.12976
465.57,-0.13017
465.59,-0.13057
465.61,-0.13098
465.64,-0.13138
465.66,-0.13178
465.68,-0.13218
465.7,-0.13258
465.72,-0.13297
465.74,-0.13336
465.77,-0.13376
465.79,-0.13415
465.81,-0.13454
465.83,-0.13492
465.85,-0.13531
465.87,-0.13569
465.9,-0.13607
465.92,-0.13645
465.94,-0.13683
465.96,-0.13721
465.98,-0.13758
466,-0.13795
466.03,-0.13832
466.05,-0.13869
466.07,-0.13906
466.09,-0.13943
466.11,-0.13979
466.14,-0.14016
466.16,-0.14052
466.18,-0.14088
466.2,-0.14124
466.22,-0.14159
466.24,-0.14195
466.27,-0.1423
466.29,-0.14266
466.31,-0.14301
466.33,-0.14336
466.35,-0.1437
466.37,-0.14405
466.4,-0.14439
466.42,-0.14474
466.44,-0.14508
466.46,-0.14542
466.48,-0.14576
466.5,-0.14609
466.53,-0.14643
466.55,-0.14676
466.57,-0.1471
466.59,-0.14743
466.61,-0.14776
466.64,-0.14808
466.66,-0.14841
466.68,-0.14874
466.7,-0.14906
466.72,-0.14938
466.74,-0.1497
466.77,-0.15002
466.79,-0.15034
466.81,-0.15066
466.83,-0.15097
466.85,-0.15129
466.88,-0.1516
466.9,-0.15191
466.92,-0.15222
466.94,-0.15253
466.96,-0.15283
466.98,-0.15314
467.01,-0.15344
467.03,-0.15375
467.05,-0.15405
467.07,-0.15435
467.09,-0.15465
467.12,-0.15494
467.14,-0.15524
467.16,-0.15553
467.18,-0.15583
467.2,-0.15612
467.22,-0.15641
467.25,-0.1567
467.27,-0.15699
467.29,-0.15728
467.31,-0.15756
467.33,-0.15785
467.36,-0.15813
467.38,-0.15841
467.4,-0.15869
467.42,-0.15897
467.44,-0.15925
467.46,-0.15953
467.49,-0.1598
467.51,-0.16008
467.53,-0.16035
467.55,-0.16062
467.57,-0.16089
467.6,-0.16116
467.62,-0.16143
467.64,-0.1617
467.66,-0.16197
467.68,-0.16223
467.7,-0.16249
467.73,-0.16276
467.75,-0.16302
467.77,-0.16328
467.79,-0.16354
467.81,-0.1638
467.84,-0.16405
467.86,-0.16431
467.88,-0.16456
467.9,-0.16482
467.92,-0.16507
467.95,-0.16532
467.97,-0.16557
467.99,-0.16582
468.01,-0.16607
468.03,-0.16631
468.06,-0.16656
468.08,-0.1668
468.1,-0.16705
468.12,-0.16729
468.14,-0.16753
468.16,-0.16777
468.19,-0.16801
468.21,-0.16825
468.23,-0.16848
468.25,-0.16872
468.27,-0.16895
468.3,-0.16919
468.32,-0.16942
468.34,-0.16965
468.36,-0.16988
468.38,-0.17011
468.41,-0.17034
468.43,-0.17057
468.45,-0.17079
468.47,-0.17102
468.49,-0.17124
468.52,-0.17147
468.54,-0.17169
468.56,-0.17191
468.58,-0.17213
468.6,-0.17235
468.63,-0.17257
468.65,-0.17279
468.67,-0.173
468.69,-0.17322
468.71,-0.17343
468.74,-0.17365
468.76,-0.17386
468.78,-0.17407
468.8,-0.17428
468.82,-0.17449
468.85,-0.1747
468.87,-0.17491
468.89,-0.17512
468.91,-0.17532
468.93,-0.17553
468.96,-0.17573
468.98,-0.17593
469,-0.17614
469.02,-0.17634
469.04,-0.17654
469.07,-0.17674
469.09,-0.17694
469.11,-0.17713
469.13,-0.17733
469.15,-0.17753
469.18,-0.17772
469.2,-0.17791
469.22,-0.17811
469.24,-0.1783
469.26,-0.17849
469.29,-0.17868
469.31,-0.17887
469.33,-0.17906
469.35,-0.17925
469.37,-0.17944
469.4,-0.17962
469.42,-0.17981
469.44,-0.17999
469.46,-0.18018
469.48,-0.18036
469.51,-0.18054
469.53,-0.18072
469.55,-0.1809
469.57,-0.18108
469.59,-0.18126
469.62,-0.18144
469.64,-0.18161
469.66,-0.18179
469.68,-0.18197
469.7,-0.18214
469.73,-0.18231
469.75,-0.18249
469.77,-0.18266
469.79,-0.18283
469.81,-0.183
469.84,-0.18317
469.86,-0.18334
469.88,-0.18351
469.9,-0.18367
469.92,-0.18384
469.95,-0.18401
469.97,-0.18417
469.99,-0.18433
470.01,-0.1845
470.04,-0.18466
470.06,-0.18482
470.08,-0.18498
470.1,-0.18514
470.12,-0.1853
470.15,-0.18546
470.17,-0.18562
470.19,-0.18577
470.21,-0.18593
470.23,-0.18609
470.26,-0.18624
470.28,-0.1864
470.3,-0.18655
470.32,-0.1867
470.34,-0.18685
470.37,-0.187
470.39,-0.18715
470.41,-0.1873
470.43,-0.18745
470.46,-0.1876
470.48,-0.18775
470.5,-0.18789
470.52,-0.18804
470.54,-0.18819
470.57,-0.18833
470.59,-0.18847
470.61,-0.18862
470.63,-0.18876
470.65,-0.1889
470.68,-0.18904
470.7,-0.18918
470.72,-0.18932
470.74,-0.18946
470.77,-0.1896
470.79,-0.18974
470.81,-0.18987
470.83,-0.19001
470.85,-0.19014
470.88,-0.19028
470.9,-0.19041
470.92,-0.19054
470.94,-0.19068
470.97,-0.19081
470.99,-0.19094
471.01,-0.19107
471.03,-0.1912
471.05,-0.19133
471.08,-0.19146
471.1,-0.19158
471.12,-0.19171
471.14,-0.19184
471.16,-0.19196
471.19,-0.19209
471.21,-0.19221
471.23,-0.19234
471.25,-0.19246
471.28,-0.19258
471.3,-0.1927
471.32,-0.19282
471.34,-0.19294
471.36,-0.19306
471.39,-0.19318
471.41,-0.1933
471.43,-0.19342
471.45,-0.19354
471.48,-0.19365
471.5,-0.19377
471.52,-0.19388
471.54,-0.194
471.56,-0.19411
471.59,-0.19422
471.61,-0.19434
471.63,-0.19445
471.65,-0.19456
471.68,-0.19467
471.7,-0.19478
471.72,-0.19489
471.74,-0.195
471.76,-0.19511
471.79,-0.19521
471.81,-0.19532
471.83,-0.19543
471.85,-0.19553
471.88,-0.19564
471.9,-0.19574
471.92,-0.19584
471.94,-0.19595
471.97,-0.19605
471.99,-0.19615
472.01,-0.19625
472.03,-0.19635
472.05,-0.19645
472.08,-0.19655
472.1,-0.19665
472.12,-0.19675
472.14,-0.19685
472.17,-0.19694
472.19,-0.19704
472.21,-0.19713
472.23,-0.19723
472.26,-0.19732
472.28,-0.19742
472.3,-0.19751
472.32,-0.1976
472.34,-0.1977
472.37,-0.19779
472.39,-0.19788
472.41,-0.19797
472.43,-0.19806
472.46,-0.19815
472.48,-0.19823
472.5,-0.19832
472.52,-0.19841
472.55,-0.1985
472.57,-0.19858
472.59,-0.19867
472.61,-0.19875
472.63,-0.19884
472.66,-0.19892
472.68,-0.199
472.7,-0.19909
472.72,-0.19917
472.75,-0.19925
472.77,-0.19933
472.79,-0.19941
472.81,-0.19949
472.84,-0.19957
472.86,-0.19965
472.88,-0.19972
472.9,-0.1998
472.93,-0.19988
472.95,-0.19995
472.97,-0.20003
472.99,-0.2001
473.01,-0.20018
473.04,-0.20025
473.06,-0.20032
473.08,-0.2004
473.1,-0.20047
473.13,-0.20054
473.15,-0.20061
473.17,-0.20068
473.19,-0.20075
473.22,-0.20082
473.24,-0.20089
473.26,-0.20096
473.28,-0.20102
473.31,-0.20109
473.33,-0.20116
473.35,-0.20122
473.37,-0.20129
473.4,-0.20135
473.42,-0.20142
473.44,-0.20148
473.46,-0.20154
473.48,-0.20161
473.51,-0.20167
473.53,-0.20173
473.55,-0.20179
473.57,-0.20185
473.6,-0.20191
473.62,-0.20197
473.64,-0.20203
473.66,-0.20208
473.69,-0.20214
473.71,-0.2022
473.73,-0.20225
473.75,-0.20231
473.78,-0.20237
473.8,-0.20242
473.82,-0.20247
473.84,-0.20253
473.87,-0.20258
473.89,-0.20263
473.91,-0.20268
473.93,-0.20274
473.96,-0.20279
473.98,-0.20284
474,-0.20289
474.02,-0.20293
474.05,-0.20298
474.07,-0.20303
474.09,-0.20308
474.11,-0.20313
474.14,-0.20317
474.16,-0.20322
474.18,-0.20326
474.2,-0.20331
474.23,-0.20335
474.25,-0.20339
474.27,-0.20344
474.29,-0.20348
474.32,-0.20352
474.34,-0.20356
474.36,-0.2036
474.38,-0.20364
474.41,-0.20368
474.43,-0.20372
474.45,-0.20376
474.47,-0.2038
474.5,-0.20384
474.52,-0.20388
474.54,-0.20391
474.56,-0.20395
474.59,-0.20398
474.61,-0.20402
474.63,-0.20405
474.65,-0.20409
474.68,-0.20412
474.7,-0.20415
474.72,-0.20418
474.74,-0.20422
474.77,-0.20425
474.79,-0.20428
474.81,-0.20431
474.83,-0.20434
474.86,-0.20437
474.88,-0.20439
474.9,-0.20442
474.92,-0.20445
474.95,-0.20448
474.97,-0.2045
474.99,-0.20453
475.01,-0.20455
475.04,-0.20458
475.06,-0.2046
475.08,-0.20463
475.1,-0.20465
475.13,-0.20467
475.15,-0.2047
475.17,-0.20472
475.19,-0.20474
475.22,-0.20476
475.24,-0.20478
475.26,-0.2048
475.29,-0.20482
475.31,-0.20484
475.33,-0.20485
475.35,-0.20487
475.38,-0.20489
475.4,-0.2049
475.42,-0.20492
475.44,-0.20494
475.47,-0.20495
475.49,-0.20496
475.51,-0.20498
475.53,-0.20499
475.56,-0.205
475.58,-0.20502
475.6,-0.20503
475.62,-0.20504
475.65,-0.20505
475.67,-0.20506
475.69,-0.20507
475.71,-0.20508
475.74,-0.20509
475.76,-0.20509
475.78,-0.2051
475.81,-0.20511
475.83,-0.20512
475.85,-0.20512
475.87,-0.20513
475.9,-0.20513
475.92,-0.20514
475.94,-0.20514
475.96,-0.20514
475.99,-0.20515
476.01,-0.20515
476.03,-0.20515
476.05,-0.20515
476.08,-0.20515
476.1,-0.20515
476.12,-0.20515
476.15,-0.20515
476.17,-0.20515
476.19,-0.20515
476.21,-0.20515
476.24,-0.20514
476.26,-0.20514
476.28,-0.20514
476.3,-0.20513
476.33,-0.20513
476.35,-0.20512
476.37,-0.20512
476.39,-0.20511
476.42,-0.2051
476.44,-0.2051
476.46,-0.20509
476.49,-0.20508
476.51,-0.20507
476.53,-0.20506
476.55,-0.20505
476.58,-0.20504
476.6,-0.20503
476.62,-0.20502
476.64,-0.20501
476.67,-0.20499
476.69,-0.20498
476.71,-0.20497
476.74,-0.20495
476.76,-0.20494
476.78,-0.20492
476.8,-0.20491
476.83,-0.20489
476.85,-0.20488
476.87,-0.20486
476.89,-0.20484
476.92,-0.20482
476.94,-0.20481
476.96,-0.20479
476.99,-0.20477
477.01,-0.20475
477.03,-0.20473
477.05,-0.20471
477.08,-0.20468
477.1,-0.20466
477.12,-0.20464
477.14,-0.20462
477.17,-0.20459
477.19,-0.20457
477.21,-0.20454
477.24,-0.20452
477.26,-0.20449
477.28,-0.20447
477.3,-0.20444
477.33,-0.20441
477.35,-0.20439
477.37,-0.20436
477.4,-0.20433
477.42,-0.2043
477.44,-0.20427
477.46,-0.20424
477.49,-0.20421
477.51,-0.20418
477.53,-0.20415
477.55,-0.20412
477.58,-0.20409
477.6,-0.20405
477.62,-0.20402
477.65,-0.20399
477.67,-0.20395
477.69,-0.20392
477.71,-0.20388
477.74,-0.20385
477.76,-0.20381
477.78,-0.20377
477.81,-0.20374
477.83,-0.2037
477.85,-0.20366
477.87,-0.20362
477.9,-0.20358
477.92,-0.20354
477.94,-0.2035
477.97,-0.20346
477.99,-0.20342
478.01,-0.20338
478.03,-0.20334
478.06,-0.20329
478.08,-0.20325
478.1,-0.20321
478.13,-0.20316
478.15,-0.20312
478.17,-0.20307
478.19,-0.20303
478.22,-0.20298
478.24,-0.20294
478.26,-0.20289
478.29,-0.20284
478.31,-0.20279
478.33,-0.20275
478.35,-0.2027
478.38,-0.20265
478.4,-0.2026
478.42,-0.20255
478.45,-0.2025
478.47,-0.20245
478.49,-0.20239
478.51,-0.20234
478.54,-0.20229
478.56,-0.20224
478.58,-0.20218
478.61,-0.20213
478.63,-0.20207
478.65,-0.20202
478.68,-0.20196
478.7,-0.20191
478.72,-0.20185
478.74,-0.2018
478.77,-0.20174
478.79,-0.20168
478.81,-0.20162
478.84,-0.20156
478.86,-0.2015
478.88,-0.20144
478.9,-0.20138
478.93,-0.20132
478.95,-0.20126
478.97,-0.2012
479,-0.20114
479.02,-0.20108
479.04,-0.20101
479.06,-0.20095
479.09,-0.20089
479.11,-0.20082
479.13,-0.20076
479.16,-0.20069
479.18,-0.20063
479.2,-0.20056
479.23,-0.20049
479.25,-0.20043
479.27,-0.20036
479.29,-0.20029
479.32,-0.20022
479.34,-0.20016
479.36,-0.20009
479.39,-0.20002
479.41,-0.19995
479.43,-0.19988
479.46,-0.1998
479.48,-0.19973
479.5,-0.19966
479.52,-0.19959
479.55,-0.19952
479.57,-0.19944
479.59,-0.19937
479.62,-0.19929
479.64,-0.19922
479.66,-0.19914
479.69,-0.19907
479.71,-0.19899
479.73,-0.19892
479.75,-0.19884
479.78,-0.19876
479.8,-0.19868
479.82,-0.19861
479.85,-0.19853
479.87,-0.19845
479.89,-0.19837
479.92,-0.19829
479.94,-0.19821
479.96,-0.19813
479.98,-0.19805
480.01,-0.19796
480.03,-0.19788
480.05,-0.1978
480.08,-0.19772
480.1,-0.19763
480.12,-0.19755
480.15,-0.19746
480.17,-0.19738
480.19,-0.19729
480.22,-0.19721
480.24,-0.19712
480.26,-0.19704
480.28,-0.19695
480.31,-0.19686
480.33,-0.19677
480.35,-0.19669
480.38,-0.1966
480.4,-0.19651
480.42,-0.19642
480.45,-0.19633
480.47,-0.19624
480.49,-0.19615
480.52,-0.19606
480.54,-0.19596
480.56,-0.19587
480.58,-0.19578
480.61,-0.19569
480.63,-0.19559
480.65,-0.1955
480.68,-0.19541
480.7,-0.19531
480.72,-0.19522
480.75,-0.19512
480.77,-0.19502
480.79,-0.19493
480.82,-0.19483
480.84,-0.19473
480.86,-0.19464
480.88,-0.19454
480.91,-0.19444
480.93,-0.19434
480.95,-0.19424
480.98,-0.19414
481,-0.19404
481.02,-0.19394
481.05,-0.19384
481.07,-0.19374
481.09,-0.19364
481.12,-0.19354
481.14,-0.19344
481.16,-0.19333
481.19,-0.19323
481.21,-0.19313
481.23,-0.19302
481.26,-0.19292
481.28,-0.19281
481.3,-0.19271
481.32,-0.1926
481.35,-0.1925
481.37,-0.19239
481.39,-0.19228
481.42,-0.19217
481.44,-0.19207
481.46,-0.19196
481.49,-0.19185
481.51,-0.19174
481.53,-0.19163
481.56,-0.19152
481.58,-0.19141
481.6,-0.1913
481.63,-0.19119
481.65,-0.19108
481.67,-0.19097
481.7,-0.19086
481.72,-0.19074
481.74,-0.19063
481.77,-0.19052
481.79,-0.19041
481.81,-0.19029
481.83,-0.19018
481.86,-0.19006
481.88,-0.18995
481.9,-0.18983
481.93,-0.18972
481.95,-0.1896
481.97,-0.18948
482,-0.18937
482.02,-0.18925
482.04,-0.18913
482.07,-0.18901
482.09,-0.1889
482.11,-0.18878
482.14,-0.18866
482.16,-0.18854
482.18,-0.18842
482.21,-0.1883
482.23,-0.18818
482.25,-0.18806
482.28,-0.18793
482.3,-0.18781
482.32,-0.18769
482.35,-0.18757
482.37,-0.18745
482.39,-0.18732
482.42,-0.1872
482.44,-0.18707
482.46,-0.18695
482.49,-0.18683
482.51,-0.1867
482.53,-0.18658
482.56,-0.18645
482.58,-0.18632
482.6,-0.1862
482.63,-0.18607
482.65,-0.18594
482.67,-0.18582
482.7,-0.18569
482.72,-0.18556
482.74,-0.18543
482.77,-0.1853
482.79,-0.18517
482.81,-0.18504
482.84,-0.18491
482.86,-0.18478
482.88,-0.18465
482.91,-0.18452
482.93,-0.18439
482.95,-0.18426
482.98,-0.18413
483,-0.18399
483.02,-0.18386
483.05,-0.18373
483.07,-0.18359
483.09,-0.18346
483.12,-0.18333
483.14,-0.18319
483.16,-0.18306
483.19,-0.18292
483.21,-0.18279
483.23,-0.18265
483.26,-0.18252
483.28,-0.18238
483.3,-0.18224
483.33,-0.18211
483.35,-0.18197
483.37,-0.18183
483.4,-0.18169
483.42,-0.18155
483.44,-0.18142
483.47,-0.18128
483.49,-0.18114
483.51,-0.181
483.54,-0.18086
483.56,-0.18072
483.58,-0.18058
483.61,-0.18044
483.63,-0.18029
483.65,-0.18015
483.68,-0.18001
483.7,-0.17987
483.72,-0.17973
483.75,-0.17958
483.77,-0.17944
483.79,-0.1793
483.82,-0.17915
483.84,-0.17901
483.86,-0.17886
483.89,-0.17872
483.91,-0.17858
483.93,-0.17843
483.96,-0.17828
483.98,-0.17814
484,-0.17799
484.03,-0.17785
484.05,-0.1777
484.07,-0.17755
484.1,-0.1774
484.12,-0.17726
484.14,-0.17711
484.17,-0.17696
484.19,-0.17681
484.21,-0.17666
484.24,-0.17651
484.26,-0.17636
484.28,-0.17621
484.31,-0.17606
484.33,-0.17591
484.36,-0.17576
484.38,-0.17561
484.4,-0.17546
484.43,-0.17531
484.45,-0.17516
484.47,-0.17501
484.5,-0.17485
484.52,-0.1747
484.54,-0.17455
484.57,-0.1744
484.59,-0.17424
484.61,-0.17409
484.64,-0.17393
484.66,-0.17378
484.68,-0.17363
484.71,-0.17347
484.73,-0.17332
484.75,-0.17316
484.78,-0.173
484.8,-0.17285
484.82,-0.17269
484.85,-0.17254
484.87,-0.17238
484.9,-0.17222
484.92,-0.17207
484.94,-0.17191
484.97,-0.17175
484.99,-0.17159
485.01,-0.17143
485.04,-0.17128
485.06,-0.17112
485.08,-0.17096
485.11,-0.1708
485.13,-0.17064
485.15,-0.17048
485.18,-0.17032
485.2,-0.17016
485.22,-0.17
485.25,-0.16984
485.27,-0.16968
485.3,-0.16951
485.32,-0.16935
485.34,-0.16919
485.37,-0.16903
485.39,-0.16887
485.41,-0.1687
485.44,-0.16854
485.46,-0.16838
485.48,-0.16822
485.51,-0.16805
485.53,-0.16789
485.55,-0.16772
485.58,-0.16756
485.6,-0.1674
485.63,-0.16723
485.65,-0.16707
485.67,-0.1669
485.7,-0.16674
485.72,-0.16657
485.74,-0.1664
485.77,-0.16624
485.79,-0.16607
485.81,-0.1659
485.84,-0.16574
485.86,-0.16557
485.89,-0.1654
485.91,-0.16524
485.93,-0.16507
485.96,-0.1649
485.98,-0.16473
486,-0.16456
486.03,-0.1644
486.05,-0.16423
486.07,-0.16406
486.1,-0.16389
486.12,-0.16372
486.14,-0.16355
486.17,-0.16338
486.19,-0.16321
486.22,-0.16304
486.24,-0.16287
486.26,-0.1627
486.29,-0.16253
486.31,-0.16236
486.33,-0.16219
486.36,-0.16201
486.38,-0.16184
486.4,-0.16167
486.43,-0.1615
486.45,-0.16133
486.48,-0.16115
486.5,-0.16098
486.52,-0.16081
486.55,-0.16064
486.57,-0.16046
486.59,-0.16029
486.62,-0.16012
486.64,-0.15994
486.67,-0.15977
486.69,-0.15959
486.71,-0.15942
486.74,-0.15924
486.76,-0.15907
486.78,-0.15889
486.81,-0.15872
486.83,-0.15854
486.85,-0.15837
486.88,-0.15819
486.9,-0.15802
486.93,-0.15784
486.95,-0.15766
486.97,-0.15749
487,-0.15731
487.02,-0.15714
487.04,-0.15696
487.07,-0.15678
487.09,-0.1566
487.12,-0.15643
487.14,-0.15625
487.16,-0.15607
487.19,-0.15589
487.21,-0.15572
487.23,-0.15554
487.26,-0.15536
487.28,-0.15518
487.31,-0.155
487.33,-0.15482
487.35,-0.15464
487.38,-0.15446
487.4,-0.15428
487.42,-0.15411
487.45,-0.15393
487.47,-0.15375
487.5,-0.15357
487.52,-0.15339
487.54,-0.15321
487.57,-0.15302
487.59,-0.15284
487.61,-0.15266
487.64,-0.15248
487.66,-0.1523
487.69,-0.15212
487.71,-0.15194
487.73,-0.15176
487.76,-0.15158
487.78,-0.15139
487.8,-0.15121
487.83,-0.15103
487.85,-0.15085
487.88,-0.15067
487.9,-0.15048
487.92,-0.1503
487.95,-0.15012
487.97,-0.14994
488,-0.14975
488.02,-0.14957
488.04,-0.14939
488.07,-0.1492
488.09,-0.14902
488.11,-0.14884
488.14,-0.14865
488.16,-0.14847
488.19,-0.14828
488.21,-0.1481
488.23,-0.14792
488.26,-0.14773
488.28,-0.14755
488.31,-0.14736
488.33,-0.14718
488.35,-0.14699
488.38,-0.14681
488.4,-0.14662
488.42,-0.14644
488.45,-0.14625
488.47,-0.14607
488.5,-0.14588
488.52,-0.1457
488.54,-0.14551
488.57,-0.14532
488.59,-0.14514
488.62,-0.14495
488.64,-0.14477
488.66,-0.14458
488.69,-0.14439
488.71,-0.14421
488.73,-0.14402
488.76,-0.14383
488.78,-0.14365
488.81,-0.14346
488.83,-0.14327
488.85,-0.14309
488.88,-0.1429
488.9,-0.14271
488.93,-0.14252
488.95,-0.14234
488.97,-0.14215
489,-0.14196
489.02,-0.14177
489.05,-0.14159
489.07,-0.1414
489.09,-0.14121
489.12,-0.14102
489.14,-0.14083
489.16,-0.14065
489.19,-0.14046
489.21,-0.14027
489.24,-0.14008
489.26,-0.13989
489.28,-0.1397
489.31,-0.13952
489.33,-0.13933
489.36,-0.13914
489.38,-0.13895
489.4,-0.13876
489.43,-0.13857
489.45,-0.13838
489.48,-0.13819
489.5,-0.138
489.52,-0.13781
489.55,-0.13763
489.57,-0.13744
489.6,-0.13725
489.62,-0.13706
489.64,-0.13687
489.67,-0.13668
489.69,-0.13649
489.72,-0.1363
489.74,-0.13611
489.76,-0.13592
489.79,-0.13573
489.81,-0.13554
489.84,-0.13535
489.86,-0.13516
489.88,-0.13497
489.91,-0.13478
489.93,-0.13459
489.96,-0.1344
489.98,-0.13421
490,-0.13402
490.03,-0.13383
490.05,-0.13364
490.08,-0.13345
490.1,-0.13325
490.12,-0.13306
490.15,-0.13287
490.17,-0.13268
490.2,-0.13249
490.22,-0.1323
490.24,-0.13211
490.27,-0.13192
490.29,-0.13173
490.32,-0.13154
490.34,-0.13135
490.36,-0.13116
490.39,-0.13096
490.41,-0.13077
490.44,-0.13058
490.46,-0.13039
490.48,-0.1302
490.51,-0.13001
490.53,-0.12982
490.56,-0.12963
490.58,-0.12943
490.6,-0.12924
490.63,-0.12905
490.65,-0.12886
490.68,-0.12867
490.7,-0.12848
490.73,-0.12829
490.75,-0.1281
490.77,-0.1279
490.8,-0.12771
490.82,-0.12752
490.85,-0.12733
490.87,-0.12714
490.89,-0.12695
490.92,-0.12675
490.94,-0.12656
490.97,-0.12637
490.99,-0.12618
491.01,-0.12599
491.04,-0.1258
491.06,-0.12561
491.09,-0.12541
491.11,-0.12522
491.14,-0.12503
491.16,-0.12484
491.18,-0.12465
491.21,-0.12446
491.23,-0.12426
491.26,-0.12407
491.28,-0.12388
491.3,-0.12369
491.33,-0.1235
491.35,-0.12331
491.38,-0.12311
491.4,-0.12292
491.42,-0.12273
491.45,-0.12254
491.47,-0.12235
491.5,-0.12216
491.52,-0.12197
491.55,-0.12177
491.57,-0.12158
491.59,-0.12139
491.62,-0.1212
491.64,-0.12101
491.67,-0.12082
491.69,-0.12063
491.71,-0.12043
491.74,-0.12024
491.76,-0.12005
491.79,-0.11986
491.81,-0.11967
491.84,-0.11948
491.86,-0.11929
491.88,-0.11909
491.91,-0.1189
491.93,-0.11871
491.96,-0.11852
491.98,-0.11833
492,-0.11814
492.03,-0.11795
492.05,-0.11776
492.08,-0.11757
492.1,-0.11737
492.13,-0.11718
492.15,-0.11699
492.17,-0.1168
492.2,-0.11661
492.22,-0.11642
492.25,-0.11623
492.27,-0.11604
492.3,-0.11585
492.32,-0.11566
492.34,-0.11547
492.37,-0.11528
492.39,-0.11509
492.42,-0.1149
492.44,-0.1147
492.47,-0.11451
492.49,-0.11432
492.51,-0.11413
492.54,-0.11394
492.56,-0.11375
492.59,-0.11356
492.61,-0.11337
492.64,-0.11318
492.66,-0.11299
492.68,-0.1128
492.71,-0.11261
492.73,-0.11242
492.76,-0.11223
492.78,-0.11204
492.81,-0.11185
492.83,-0.11166
492.85,-0.11147
492.88,-0.11129
492.9,-0.1111
492.93,-0.11091
492.95,-0.11072
492.98,-0.11053
493,-0.11034
493.02,-0.11015
493.05,-0.10996
493.07,-0.10977
493.1,-0.10958
493.12,-0.10939
493.15,-0.1092
493.17,-0.10902
493.19,-0.10883
493.22,-0.10864
493.24,-0.10845
493.27,-0.10826
493.29,-0.10807
493.32,-0.10788
493.34,-0.1077
493.36,-0.10751
493.39,-0.10732
493.41,-0.10713
493.44,-0.10694
493.46,-0.10676
493.49,-0.10657
493.51,-0.10638
493.53,-0.10619
493.56,-0.10601
493.58,-0.10582
493.61,-0.10563
493.63,-0.10544
493.66,-0.10526
493.68,-0.10507
493.71,-0.10488
493.73,-0.10469
493.75,-0.10451
493.78,-0.10432
493.8,-0.10413
493.83,-0.10395
493.85,-0.10376
493.88,-0.10357
493.9,-0.10339
493.92,-0.1032
493.95,-0.10302
493.97,-0.10283
494,-0.10264
494.02,-0.10246
494.05,-0.10227
494.07,-0.10209
494.1,-0.1019
494.12,-0.10172
494.14,-0.10153
494.17,-0.10134
494.19,-0.10116
494.22,-0.10097
494.24,-0.10079
494.27,-0.1006
494.29,-0.10042
494.32,-0.10023
494.34,-0.10005
494.36,-0.099866
494.39,-0.099681
494.41,-0.099497
494.44,-0.099313
494.46,-0.099129
494.49,-0.098945
494.51,-0.098761
494.54,-0.098577
494.56,-0.098393
494.58,-0.09821
494.61,-0.098026
494.63,-0.097843
494.66,-0.09766
494.68,-0.097477
494.71,-0.097294
494.73,-0.097111
494.76,-0.096928
494.78,-0.096745
494.8,-0.096563
494.83,-0.09638
494.85,-0.096198
494.88,-0.096016
494.9,-0.095834
494.93,-0.095652
494.95,-0.09547
494.98,-0.095288
495,-0.095107
495.02,-0.094925
495.05,-0.094744
495.07,-0.094563
495.1,-0.094382
495.12,-0.094201
495.15,-0.09402
495.17,-0.093839
495.2,-0.093659
495.22,-0.093478
495.25,-0.093298
495.27,-0.093118
495.29,-0.092937
495.32,-0.092757
495.34,-0.092578
495.37,-0.092398
495.39,-0.092218
495.42,-0.092039
495.44,-0.09186
495.47,-0.09168
495.49,-0.091501
495.52,-0.091322
495.54,-0.091144
495.56,-0.090965
495.59,-0.090787
495.61,-0.090608
495.64,-0.09043
495.66,-0.090252
495.69,-0.090074
495.71,-0.089896
495.74,-0.089718
495.76,-0.089541
495.79,-0.089363
495.81,-0.089186
495.83,-0.089009
495.86,-0.088832
495.88,-0.088655
495.91,-0.088479
495.93,-0.088302
495.96,-0.088126
495.98,-0.087949
496.01,-0.087773
496.03,-0.087597
496.06,-0.087421
496.08,-0.087246
496.11,-0.08707
496.13,-0.086895
496.15,-0.08672
496.18,-0.086544
496.2,-0.08637
496.23,-0.086195
496.25,-0.08602
496.28,-0.085846
496.3,-0.085671
496.33,-0.085497
496.35,-0.085323
496.38,-0.085149
496.4,-0.084975
496.43,-0.084802
496.45,-0.084628
496.48,-0.084455
496.5,-0.084282
496.52,-0.084109
496.55,-0.083936
496.57,-0.083764
496.6,-0.083591
496.62,-0.083419
496.65,-0.083247
496.67,-0.083075
496.7,-0.082903
496.72,-0.082731
496.75,-0.08256
496.77,-0.082388
496.8,-0.082217
496.82,-0.082046
496.85,-0.081875
496.87,-0.081704
496.89,-0.081534
496.92,-0.081363
496.94,-0.081193
496.97,-0.081023
496.99,-0.080853
497.02,-0.080683
497.04,-0.080514
497.07,-0.080344
497.09,-0.080175
497.12,-0.080006
497.14,-0.079837
497.17,-0.079669
497.19,-0.0795
497.22,-0.079332
497.24,-0.079163
497.27,-0.078995
497.29,-0.078827
497.31,-0.07866
497.34,-0.078492
497.36,-0.078325
497.39,-0.078158
497.41,-0.07799
497.44,-0.077824
497.46,-0.077657
497.49,-0.07749
497.51,-0.077324
497.54,-0.077158
497.56,-0.076992
497.59,-0.076826
497.61,-0.07666
497.64,-0.076495
497.66,-0.07633
497.69,-0.076165
497.71,-0.076
497.74,-0.075835
497.76,-0.07567
497.78,-0.075506
497.81,-0.075342
497.83,-0.075178
497.86,-0.075014
497.88,-0.07485
497.91,-0.074687
497.93,-0.074523
497.96,-0.07436
497.98,-0.074197
498.01,-0.074034
498.03,-0.073872
498.06,-0.073709
498.08,-0.073547
498.11,-0.073385
498.13,-0.073223
498.16,-0.073062
498.18,-0.0729
498.21,-0.072739
498.23,-0.072578
498.26,-0.072417
498.28,-0.072256
498.31,-0.072095
498.33,-0.071935
498.36,-0.071775
498.38,-0.071615
498.41,-0.071455
498.43,-0.071295
498.45,-0.071136
498.48,-0.070977
498.5,-0.070818
498.53,-0.070659
498.55,-0.0705
498.58,-0.070342
498.6,-0.070183
498.63,-0.070025
498.65,-0.069867
498.68,-0.06971
498.7,-0.069552
498.73,-0.069395
498.75,-0.069238
498.78,-0.069081
498.8,-0.068924
498.83,-0.068767
498.85,-0.068611
498.88,-0.068455
498.9,-0.068299
498.93,-0.068143
498.95,-0.067987
498.98,-0.067832
499,-0.067677
499.03,-0.067522
499.05,-0.067367
499.08,-0.067212
499.1,-0.067058
499.13,-0.066903
499.15,-0.066749
499.18,-0.066596
499.2,-0.066442
499.23,-0.066288
499.25,-0.066135
499.28,-0.065982
499.3,-0.065829
499.33,-0.065677
499.35,-0.065524
499.38,-0.065372
499.4,-0.06522
499.43,-0.065068
499.45,-0.064916
499.48,-0.064765
499.5,-0.064614
499.53,-0.064463
499.55,-0.064312
499.58,-0.064161
499.6,-0.064011
499.63,-0.06386
499.65,-0.06371
499.68,-0.06356
499.7,-0.063411
499.73,-0.063261
499.75,-0.063112
499.78,-0.062963
499.8,-0.062814
499.83,-0.062666
499.85,-0.062517
499.88,-0.062369
499.9,-0.062221
499.93,-0.062073
499.95,-0.061925
499.98,-0.061778
500,-0.061631
