381.9,0.019139,7.9438e-12,5.6356e-14
385,0.036186,3.3758e-10,3.4798e-12
388,0.061008,9.0176e-09,1.3269e-10
390.5,0.088108,1.0877e-07,2.144e-09
393,0.11993,1.0564e-06,2.7791e-08
395,0.1473,5.5994e-06,1.8509e-07
397,0.17461,2.6061e-05,1.0799e-06
399,0.19999,0.0001069,5.5403e-06
401,0.22153,0.00038778,2.5082e-05
402.4,0.23341,0.00088998,6.7131e-05
404.3,0.24442,0.0025077,0.00023265
406.3,0.24896,0.006678,0.00076872
408,0.24698,0.014071,0.0019426
410,0.23815,0.030603,0.0052219
411,0.23137,0.043379,0.0082227
412,0.22321,0.059916,0.012611
413,0.21386,0.080672,0.018842
413.7,0.20671,0.097865,0.024579
414.3,0.20025,0.11437,0.030564
415,0.19238,0.13565,0.038961
415.7,0.18423,0.15896,0.049062
416,0.18066,0.16952,0.053955
416.7,0.17222,0.19533,0.066779
417.3,0.16488,0.2185,0.079411
417.6,0.16119,0.23036,0.086314
418,0.15626,0.24636,0.096136
418.4,0.15133,0.26249,0.10667
419,0.14395,0.28667,0.12378
419.5,0.13784,0.30655,0.13921
419.8,0.1342,0.31826,0.14895
420,0.13179,0.32594,0.15564
420.3,0.12819,0.33723,0.16596
420.6,0.12462,0.3482,0.17659
421,0.11991,0.36224,0.19121
421.1,0.11875,0.36563,0.19494
421.4,0.11527,0.37548,0.20628
421.7,0.11184,0.38483,0.21784
422,0.10845,0.39362,0.22957
422,0.10845,0.39362,0.22957
422.5,0.10291,0.40691,0.24941
423,0.097509,0.41834,0.26945
423.3,0.094338,0.42423,0.28148
423.6,0.091222,0.42937,0.29346
424,0.087157,0.43499,0.30927
424,0.087157,0.43499,0.30927
424.4,0.083195,0.43917,0.32479
424.7,0.080294,0.44133,0.33616
425.2,0.075596,0.44307,0.35446
425.8,0.070189,0.44207,0.37504
426.3,0.065877,0.43868,0.39079
427.4,0.057021,0.42351,0.41987
428.5,0.049029,0.39881,0.43979
428.8,0.046998,0.39066,0.44345
429.4,0.043121,0.37282,0.44836
429.7,0.041274,0.36323,0.44959
430,0.039488,0.35325,0.45
430.2,0.03833,0.3464,0.44982
430.5,0.036642,0.33589,0.44886
430.8,0.035012,0.32512,0.4471
431,0.033957,0.31782,0.44549
431.3,0.032421,0.30672,0.44241
431.6,0.03094,0.2955,0.43857
432,0.029049,0.28041,0.43229
432.2,0.028139,0.27284,0.42869
432.5,0.026816,0.26149,0.4227
432.5,0.026816,0.26149,0.4227
432.8,0.025544,0.25018,0.41607
433,0.024724,0.24268,0.41131
433.3,0.023533,0.23152,0.40368
433.6,0.02239,0.2205,0.3955
434,0.020936,0.20608,0.38382
434,0.020936,0.20608,0.38382
434.5,0.01923,0.18857,0.36811
434.7,0.018581,0.18176,0.36152
434.7,0.018581,0.18176,0.36152
435,0.017641,0.17175,0.35136
435,0.017641,0.17175,0.35136
435.3,0.016742,0.16203,0.34091
435.6,0.015881,0.1526,0.33021
435.9,0.015058,0.14349,0.31931
436,0.014792,0.14052,0.31563
436.4,0.013767,0.12902,0.3008
436.7,0.013038,0.12079,0.28958
437,0.012343,0.1129,0.2783
437.3,0.01168,0.10535,0.26703
437.6,0.011048,0.098155,0.25579
438,0.010251,0.089093,0.24092
438,0.010251,0.089093,0.24092
438.4,0.0095044,0.080639,0.22626
439,0.0084735,0.069073,0.20482
439.3,0.0079958,0.063777,0.1944
439.5,0.0076906,0.060421,0.18758
440,0.006972,0.052625,0.17104
440.7,0.0060658,0.043059,0.14919
441,0.0057106,0.03941,0.14034
441.5,0.0051595,0.033888,0.12629
442.3,0.0043761,0.026385,0.10573
443.4,0.0034735,0.01838,0.081353
444.3,0.0028641,0.013473,0.064664
445.4,0.0022519,0.0090555,0.04796
447,0.001573,0.004909,0.029978
449,0.00098986,0.0021591,0.015732
451,0.00061307,0.00089383,0.0077584
453,0.0003739,0.00034887,0.0036018
456,0.00017318,7.6454e-05,0.001021
459,7.7676e-05,1.481e-05,0.00025497
462,3.3786e-05,2.549e-06,5.6387e-05
465,1.4271e-05,3.9174e-07,1.1099e-05
469,4.3312e-06,2.7264e-08,1.0691e-06
472,1.7172e-06,3.2765e-09,1.6336e-07
475,6.6398e-07,3.5699e-10,2.2562e-08
478,2.5066e-07,3.5411e-11,2.8284e-09
479,1.8024e-07,1.6065e-11,1.3864e-09
480,1.2927e-07,7.2168e-12,6.7273e-10
481,9.2494e-08,3.2108e-12,3.2317e-10
482,6.6019e-08,1.4149e-12,1.5372e-10
483,4.701e-08,6.1765e-13,7.2415e-11
484,3.3396e-08,2.6714e-13,3.3787e-11
485,2.367e-08,1.1449e-13,1.5616e-11
486,1.6739e-08,4.8628e-14,7.1504e-12
487,1.1811e-08,2.0472e-14,3.2442e-12
488,8.3154e-09,8.5432e-15,1.4587e-12
489,5.8419e-09,3.5347e-15,6.5004e-13
490,4.0954e-09,1.4501e-15,2.8715e-13
491,2.8651e-09,5.8994e-16,1.2575e-13
492,2.0003e-09,2.3803e-16,5.4601e-14
493,1.3937e-09,9.5269e-17,2.3509e-14
494,9.6911e-10,3.7826e-17,1.0039e-14
495,6.7257e-10,1.4901e-17,4.2518e-15
496,4.6587e-10,5.8246e-18,1.7864e-15
497,3.2209e-10,2.2594e-18,7.4461e-16
498,2.2227e-10,8.699e-19,3.0796e-16
499,1.531e-10,3.3244e-19,1.2639e-16
500,1.0527e-10,1.2612e-19,5.1479e-17
501,7.2258e-11,4.7506e-20,2.0812e-17
502,4.9511e-11,1.7768e-20,8.3519e-18
503,3.3867e-11,6.599e-21,3.3275e-18
504,2.3127e-11,2.4342e-21,1.3163e-18
505,1.5767e-11,8.9182e-22,5.1703e-19
506,1.0732e-11,3.2458e-22,2.0168e-19
507,7.2932e-12,1.1736e-22,7.8138e-20
508,4.9485e-12,4.216e-23,3.007e-20
509,3.3525e-12,1.505e-23,1.1495e-20
510,2.2678e-12,5.3387e-24,4.366e-21
511,1.5318e-12,1.8822e-24,1.6476e-21
512,1.0332e-12,6.5959e-25,6.1782e-22
513,6.9584e-13,2.2976e-25,2.3024e-22
514,4.68e-13,7.9568e-26,8.5274e-23
515,3.1433e-13,2.7396e-26,3.1393e-23
516,2.1083e-13,9.3789e-27,1.1489e-23
517,1.4122e-13,3.1929e-27,4.1798e-24
518,9.4473e-14,1.081e-27,1.5119e-24
519,6.3119e-14,3.6401e-28,5.438e-25
520,4.2117e-14,1.2192e-28,1.945e-25
521,2.8069e-14,4.0622e-29,6.9186e-26
522,1.8684e-14,1.3465e-29,2.4477e-26
523,1.2422e-14,4.4405e-30,8.6133e-27
524,8.2494e-15,1.4571e-30,3.0151e-27
525,5.472e-15,4.7578e-31,1.05e-27
528,1.5865e-15,1.6094e-32,4.3029e-29
531,4.5562e-16,5.223e-34,1.6879e-30
534,1.2968e-16,1.6294e-35,6.3519e-32
537,3.6601e-17,4.8964e-37,2.2975e-33
538,2.3966e-17,1.5101e-37,7.5341e-34
539,1.5679e-17,4.6394e-38,2.4605e-34
540,1.0249e-17,1.4199e-38,8.003e-35
541,6.6939e-18,4.3293e-39,2.5927e-35
542,4.3685e-18,1.3152e-39,8.3669e-36
543,2.8487e-18,3.9808e-40,2.6897e-36
545,1.2085e-18,3.6085e-41,2.7484e-37
546,7.863e-19,1.0808e-41,8.7373e-38
548,3.3213e-19,9.5999e-43,8.7362e-39
551,9.0712e-20,2.4803e-44,2.6917e-40
552,5.8778e-20,7.2869e-45,8.3823e-41
554,2.4633e-20,6.2333e-46,8.0515e-42
555,1.5932e-20,1.8151e-46,2.4836e-42
556,1.0299e-20,5.2705e-47,7.638e-43
557,6.6534e-21,1.5261e-47,2.3419e-43
558,4.2961e-21,4.4069e-48,7.1593e-44
560,1.7882e-21,3.6454e-49,6.6335e-45
562,7.4284e-22,2.9845e-50,6.0782e-46
564,3.0799e-22,2.4193e-51,5.51e-47
566,1.2746e-22,1.9425e-52,4.9437e-48
568,5.266e-23,1.5455e-53,4.3918e-49
570,2.1721e-23,1.2189e-54,3.8644e-50
573,5.7381e-24,2.658e-56,9.9165e-52
575,2.3583e-24,2.0542e-57,8.5342e-53
576,1.5112e-24,5.6946e-58,2.4958e-53
577,9.6802e-25,1.5757e-58,7.2843e-54
578,6.1991e-25,4.3523e-59,2.1218e-54
579,3.9687e-25,1.2001e-59,6.1685e-55
580,2.5401e-25,3.3032e-60,1.7899e-55
581,1.6253e-25,9.0772e-61,5.1842e-56
583,6.6495e-26,6.8213e-62,4.3256e-57
585,2.7179e-26,5.0944e-63,3.5843e-58
587,1.11e-26,3.7824e-64,2.9505e-59
590,2.8927e-27,7.5726e-66,6.8872e-61
593,7.5275e-28,1.4986e-67,1.5866e-62
596,1.9565e-28,2.9343e-69,3.6109e-64
599,5.08e-29,5.6895e-71,8.1257e-66
602,1.318e-29,1.0934e-72,1.8097e-67
605,3.4179e-30,2.0846e-74,3.9924e-69
608,8.8603e-31,3.9457e-76,8.7317e-71
611,2.2966e-31,7.4204e-78,1.8948e-72
614,5.9533e-32,1.3876e-79,4.0826e-74
617,1.5437e-32,2.582e-81,8.7412e-76
620,4.0044e-33,4.7841e-83,1.8611e-77
621,2.5542e-33,1.2649e-83,5.1525e-78
623,1.0394e-33,8.8328e-85,3.9431e-79
624,6.6316e-34,2.3329e-85,1.09e-79
627,1.7232e-34,4.2911e-87,2.2968e-81
630,4.4824e-35,7.8765e-89,4.8232e-83
633,1.1673e-35,1.4436e-90,1.0101e-84
636,3.0439e-36,2.6435e-92,2.1107e-86
638,1.2434e-36,1.8361e-93,1.5998e-87
639,7.9487e-37,4.8388e-94,4.4035e-88
641,3.2503e-37,3.3611e-95,3.3351e-89
642,2.079e-37,8.859e-96,9.1774e-90
643,1.33e-37,2.3352e-96,2.5252e-90
644,8.5107e-38,6.156e-97,6.9481e-91
645,5.4469e-38,1.623e-97,1.9117e-91
646,3.4868e-38,4.2797e-98,5.2599e-92
647,2.2325e-38,1.1287e-98,1.4472e-92
648,1.4297e-38,2.9771e-99,3.9822e-93
649,9.158e-39,7.854e-100,1.0958e-93
650,5.8674e-39,2.0724e-100,3.0155e-94
651,3.7601e-39,5.4698e-101,8.2992e-95
652,2.4101e-39,1.444e-101,2.2843e-95
653,1.5452e-39,3.8129e-102,6.2883e-96
654,9.9094e-40,1.0071e-102,1.7313e-96
655,6.3563e-40,2.6608e-103,4.7673e-97
656,4.0782e-40,7.0321e-104,1.313e-97
658,1.6801e-40,4.9164e-105,9.965e-99
659,1.0788e-40,1.3006e-105,2.7462e-99
