400,0.0045051
400.02,0.0045237
400.03,0.0045423
400.05,0.0045611
400.06,0.0045798
400.08,0.0045987
400.1,0.0046176
400.11,0.0046366
400.13,0.0046556
400.14,0.0046747
400.16,0.0046939
400.18,0.0047131
400.19,0.0047324
400.21,0.0047518
400.22,0.0047712
400.24,0.0047907
400.26,0.0048102
400.27,0.0048298
400.29,0.0048495
400.3,0.0048692
400.32,0.004889
400.34,0.0049089
400.35,0.0049288
400.37,0.0049488
400.38,0.0049689
400.4,0.004989
400.42,0.0050092
400.43,0.0050294
400.45,0.0050497
400.46,0.0050701
400.48,0.0050906
400.5,0.0051111
400.51,0.0051317
400.53,0.0051523
400.54,0.005173
400.56,0.0051938
400.58,0.0052147
400.59,0.0052356
400.61,0.0052565
400.62,0.0052776
400.64,0.0052987
400.66,0.0053199
400.67,0.0053411
400.69,0.0053624
400.71,0.0053838
400.72,0.0054053
400.74,0.0054268
400.75,0.0054483
400.77,0.00547
400.79,0.0054917
400.8,0.0055135
400.82,0.0055353
400.83,0.0055573
400.85,0.0055793
400.87,0.0056013
400.88,0.0056234
400.9,0.0056456
400.91,0.0056679
400.93,0.0056902
400.95,0.0057126
400.96,0.0057351
400.98,0.0057576
400.99,0.0057803
401.01,0.0058029
401.03,0.0058257
401.04,0.0058485
401.06,0.0058714
401.07,0.0058944
401.09,0.0059174
401.11,0.0059405
401.12,0.0059637
401.14,0.0059869
401.16,0.0060102
401.17,0.0060336
401.19,0.006057
401.2,0.0060806
401.22,0.0061042
401.24,0.0061278
401.25,0.0061516
401.27,0.0061754
401.28,0.0061993
401.3,0.0062232
401.32,0.0062472
401.33,0.0062713
401.35,0.0062955
401.36,0.0063197
401.38,0.0063441
401.4,0.0063684
401.41,0.0063929
401.43,0.0064174
401.45,0.006442
401.46,0.0064667
401.48,0.0064915
401.49,0.0065163
401.51,0.0065412
401.53,0.0065662
401.54,0.0065912
401.56,0.0066163
401.57,0.0066415
401.59,0.0066668
401.61,0.0066921
401.62,0.0067175
401.64,0.006743
401.65,0.0067686
401.67,0.0067942
401.69,0.0068199
401.7,0.0068457
401.72,0.0068716
401.74,0.0068975
401.75,0.0069235
401.77,0.0069496
401.78,0.0069758
401.8,0.007002
401.82,0.0070283
401.83,0.0070547
401.85,0.0070812
401.86,0.0071077
401.88,0.0071343
401.9,0.007161
401.91,0.0071878
401.93,0.0072146
401.95,0.0072415
401.96,0.0072685
401.98,0.0072956
401.99,0.0073228
402.01,0.00735
402.03,0.0073773
402.04,0.0074047
402.06,0.0074321
402.07,0.0074596
402.09,0.0074873
402.11,0.0075149
402.12,0.0075427
402.14,0.0075706
402.16,0.0075985
402.17,0.0076265
402.19,0.0076545
402.2,0.0076827
402.22,0.0077109
402.24,0.0077392
402.25,0.0077676
402.27,0.0077961
402.28,0.0078246
402.3,0.0078533
402.32,0.007882
402.33,0.0079108
402.35,0.0079396
402.37,0.0079685
402.38,0.0079976
402.4,0.0080267
402.41,0.0080558
402.43,0.0080851
402.45,0.0081144
402.46,0.0081438
402.48,0.0081733
402.5,0.0082029
402.51,0.0082326
402.53,0.0082623
402.54,0.0082921
402.56,0.008322
402.58,0.008352
402.59,0.008382
402.61,0.0084122
402.63,0.0084424
402.64,0.0084727
402.66,0.0085031
402.67,0.0085335
402.69,0.0085641
402.71,0.0085947
402.72,0.0086254
402.74,0.0086562
402.75,0.008687
402.77,0.008718
402.79,0.008749
402.8,0.0087801
402.82,0.0088113
402.84,0.0088425
402.85,0.0088739
402.87,0.0089053
402.88,0.0089368
402.9,0.0089684
402.92,0.0090001
402.93,0.0090319
402.95,0.0090637
402.97,0.0090956
402.98,0.0091276
403,0.0091597
403.01,0.0091919
403.03,0.0092241
403.05,0.0092565
403.06,0.0092889
403.08,0.0093214
403.1,0.009354
403.11,0.0093867
403.13,0.0094194
403.14,0.0094522
403.16,0.0094852
403.18,0.0095182
403.19,0.0095512
403.21,0.0095844
403.23,0.0096176
403.24,0.009651
403.26,0.0096844
403.27,0.0097179
403.29,0.0097515
403.31,0.0097851
403.32,0.0098189
403.34,0.0098527
403.36,0.0098866
403.37,0.0099206
403.39,0.0099547
403.4,0.0099889
403.42,0.010023
403.44,0.010057
403.45,0.010092
403.47,0.010126
403.49,0.010161
403.5,0.010196
403.52,0.01023
403.53,0.010265
403.55,0.0103
403.57,0.010335
403.58,0.01037
403.6,0.010406
403.62,0.010441
403.63,0.010476
403.65,0.010512
403.67,0.010547
403.68,0.010583
403.7,0.010618
403.71,0.010654
403.73,0.01069
403.75,0.010726
403.76,0.010762
403.78,0.010798
403.8,0.010834
403.81,0.010871
403.83,0.010907
403.84,0.010944
403.86,0.01098
403.88,0.011017
403.89,0.011053
403.91,0.01109
403.93,0.011127
403.94,0.011164
403.96,0.011201
403.98,0.011238
403.99,0.011276
404.01,0.011313
404.02,0.01135
404.04,0.011388
404.06,0.011425
404.07,0.011463
404.09,0.011501
404.11,0.011539
404.12,0.011576
404.14,0.011614
404.15,0.011653
404.17,0.011691
404.19,0.011729
404.2,0.011767
404.22,0.011806
404.24,0.011844
404.25,0.011883
404.27,0.011922
404.29,0.01196
404.3,0.011999
404.32,0.012038
404.33,0.012077
404.35,0.012116
404.37,0.012156
404.38,0.012195
404.4,0.012234
404.42,0.012274
404.43,0.012313
404.45,0.012353
404.47,0.012393
404.48,0.012433
404.5,0.012473
404.51,0.012513
404.53,0.012553
404.55,0.012593
404.56,0.012633
404.58,0.012673
404.6,0.012714
404.61,0.012754
404.63,0.012795
404.65,0.012836
404.66,0.012876
404.68,0.012917
404.69,0.012958
404.71,0.012999
404.73,0.01304
404.74,0.013082
404.76,0.013123
404.78,0.013164
404.79,0.013206
404.81,0.013247
404.83,0.013289
404.84,0.013331
404.86,0.013373
404.87,0.013415
404.89,0.013457
404.91,0.013499
404.92,0.013541
404.94,0.013583
404.96,0.013625
404.97,0.013668
404.99,0.01371
405.01,0.013753
405.02,0.013796
405.04,0.013838
405.06,0.013881
405.07,0.013924
405.09,0.013967
405.1,0.01401
405.12,0.014054
405.14,0.014097
405.15,0.01414
405.17,0.014184
405.19,0.014227
405.2,0.014271
405.22,0.014315
405.24,0.014359
405.25,0.014402
405.27,0.014446
405.28,0.014491
405.3,0.014535
405.32,0.014579
405.33,0.014623
405.35,0.014668
405.37,0.014712
405.38,0.014757
405.4,0.014801
405.42,0.014846
405.43,0.014891
405.45,0.014936
405.47,0.014981
405.48,0.015026
405.5,0.015071
405.52,0.015117
405.53,0.015162
405.55,0.015207
405.56,0.015253
405.58,0.015299
405.6,0.015344
405.61,0.01539
405.63,0.015436
405.65,0.015482
405.66,0.015528
405.68,0.015574
405.7,0.01562
405.71,0.015667
405.73,0.015713
405.75,0.01576
405.76,0.015806
405.78,0.015853
405.79,0.0159
405.81,0.015946
405.83,0.015993
405.84,0.01604
405.86,0.016087
405.88,0.016135
405.89,0.016182
405.91,0.016229
405.93,0.016277
405.94,0.016324
405.96,0.016372
405.98,0.016419
405.99,0.016467
406.01,0.016515
406.03,0.016563
406.04,0.016611
406.06,0.016659
406.07,0.016707
406.09,0.016755
406.11,0.016804
406.12,0.016852
406.14,0.016901
406.16,0.016949
406.17,0.016998
406.19,0.017047
406.21,0.017096
406.22,0.017145
406.24,0.017194
406.26,0.017243
406.27,0.017292
406.29,0.017341
406.31,0.01739
406.32,0.01744
406.34,0.017489
406.36,0.017539
406.37,0.017589
406.39,0.017638
406.4,0.017688
406.42,0.017738
406.44,0.017788
406.45,0.017838
406.47,0.017888
406.49,0.017939
406.5,0.017989
406.52,0.018039
406.54,0.01809
406.55,0.01814
406.57,0.018191
406.59,0.018242
406.6,0.018293
406.62,0.018344
406.64,0.018395
406.65,0.018446
406.67,0.018497
406.69,0.018548
406.7,0.018599
406.72,0.018651
406.74,0.018702
406.75,0.018754
406.77,0.018805
406.79,0.018857
406.8,0.018909
406.82,0.018961
406.83,0.019013
406.85,0.019065
406.87,0.019117
406.88,0.019169
406.9,0.019221
406.92,0.019274
406.93,0.019326
406.95,0.019378
406.97,0.019431
406.98,0.019484
407,0.019536
407.02,0.019589
407.03,0.019642
407.05,0.019695
407.07,0.019748
407.08,0.019801
407.1,0.019854
407.12,0.019908
407.13,0.019961
407.15,0.020014
407.17,0.020068
407.18,0.020122
407.2,0.020175
407.22,0.020229
407.23,0.020283
407.25,0.020337
407.27,0.020391
407.28,0.020445
407.3,0.020499
407.32,0.020553
407.33,0.020607
407.35,0.020662
407.37,0.020716
407.38,0.02077
407.4,0.020825
407.41,0.02088
407.43,0.020934
407.45,0.020989
407.46,0.021044
407.48,0.021099
407.5,0.021154
407.51,0.021209
407.53,0.021264
407.55,0.021319
407.56,0.021375
407.58,0.02143
407.6,0.021485
407.61,0.021541
407.63,0.021597
407.65,0.021652
407.66,0.021708
407.68,0.021764
407.7,0.02182
407.71,0.021876
407.73,0.021932
407.75,0.021988
407.76,0.022044
407.78,0.0221
407.8,0.022156
407.81,0.022213
407.83,0.022269
407.85,0.022326
407.86,0.022382
407.88,0.022439
407.9,0.022496
407.91,0.022552
407.93,0.022609
407.95,0.022666
407.96,0.022723
407.98,0.02278
408,0.022837
408.01,0.022894
408.03,0.022952
408.05,0.023009
408.06,0.023066
408.08,0.023124
408.1,0.023181
408.11,0.023239
408.13,0.023297
408.15,0.023354
408.16,0.023412
408.18,0.02347
408.2,0.023528
408.21,0.023586
408.23,0.023644
408.25,0.023702
408.26,0.02376
408.28,0.023818
408.3,0.023877
408.31,0.023935
408.33,0.023994
408.35,0.024052
408.36,0.024111
408.38,0.024169
408.4,0.024228
408.41,0.024287
408.43,0.024345
408.45,0.024404
408.46,0.024463
408.48,0.024522
408.5,0.024581
408.51,0.02464
408.53,0.0247
408.55,0.024759
408.56,0.024818
408.58,0.024877
408.6,0.024937
408.61,0.024996
408.63,0.025056
408.65,0.025115
408.66,0.025175
408.68,0.025235
408.7,0.025295
408.71,0.025354
408.73,0.025414
408.75,0.025474
408.76,0.025534
408.78,0.025594
408.8,0.025654
408.81,0.025714
408.83,0.025775
408.85,0.025835
408.86,0.025895
408.88,0.025956
408.9,0.026016
408.91,0.026077
408.93,0.026137
408.95,0.026198
408.96,0.026258
408.98,0.026319
409,0.02638
409.01,0.026441
409.03,0.026502
409.05,0.026562
409.06,0.026623
409.08,0.026684
409.1,0.026746
409.12,0.026807
409.13,0.026868
409.15,0.026929
409.17,0.02699
409.18,0.027052
409.2,0.027113
409.22,0.027175
409.23,0.027236
409.25,0.027298
409.27,0.027359
409.28,0.027421
409.3,0.027482
409.32,0.027544
409.33,0.027606
409.35,0.027668
409.37,0.02773
409.38,0.027791
409.4,0.027853
409.42,0.027915
409.43,0.027977
409.45,0.028039
409.47,0.028102
409.48,0.028164
409.5,0.028226
409.52,0.028288
409.53,0.028351
409.55,0.028413
409.57,0.028475
409.58,0.028538
409.6,0.0286
409.62,0.028663
409.63,0.028725
409.65,0.028788
409.67,0.028851
409.68,0.028913
409.7,0.028976
409.72,0.029039
409.74,0.029102
409.75,0.029164
409.77,0.029227
409.79,0.02929
409.8,0.029353
409.82,0.029416
409.84,0.029479
409.85,0.029542
409.87,0.029605
409.89,0.029669
409.9,0.029732
409.92,0.029795
409.94,0.029858
409.95,0.029922
409.97,0.029985
409.99,0.030048
410,0.030112
410.02,0.030175
410.04,0.030239
410.05,0.030302
410.07,0.030366
410.09,0.030429
410.1,0.030493
410.12,0.030556
410.14,0.03062
410.16,0.030684
410.17,0.030747
410.19,0.030811
410.21,0.030875
410.22,0.030939
410.24,0.031003
410.26,0.031066
410.27,0.03113
410.29,0.031194
410.31,0.031258
410.32,0.031322
410.34,0.031386
410.36,0.03145
410.37,0.031514
410.39,0.031578
410.41,0.031643
410.42,0.031707
410.44,0.031771
410.46,0.031835
410.48,0.031899
410.49,0.031964
410.51,0.032028
410.53,0.032092
410.54,0.032156
410.56,0.032221
410.58,0.032285
410.59,0.032349
410.61,0.032414
410.63,0.032478
410.64,0.032543
410.66,0.032607
410.68,0.032672
410.69,0.032736
410.71,0.032801
410.73,0.032865
410.75,0.03293
410.76,0.032994
410.78,0.033059
410.8,0.033123
410.81,0.033188
410.83,0.033253
410.85,0.033317
410.86,0.033382
410.88,0.033447
410.9,0.033511
410.91,0.033576
410.93,0.033641
410.95,0.033706
410.96,0.03377
410.98,0.033835
411,0.0339
411.02,0.033965
411.03,0.034029
411.05,0.034094
411.07,0.034159
411.08,0.034224
411.1,0.034289
411.12,0.034354
411.13,0.034418
411.15,0.034483
411.17,0.034548
411.18,0.034613
411.2,0.034678
411.22,0.034743
411.23,0.034808
411.25,0.034873
411.27,0.034938
411.29,0.035002
411.3,0.035067
411.32,0.035132
411.34,0.035197
411.35,0.035262
411.37,0.035327
411.39,0.035392
411.4,0.035457
411.42,0.035522
411.44,0.035587
411.45,0.035652
411.47,0.035717
411.49,0.035782
411.51,0.035847
411.52,0.035912
411.54,0.035977
411.56,0.036042
411.57,0.036106
411.59,0.036171
411.61,0.036236
411.62,0.036301
411.64,0.036366
411.66,0.036431
411.68,0.036496
411.69,0.036561
411.71,0.036626
411.73,0.036691
411.74,0.036756
411.76,0.036821
411.78,0.036885
411.79,0.03695
411.81,0.037015
411.83,0.03708
411.84,0.037145
411.86,0.03721
411.88,0.037275
411.9,0.037339
411.91,0.037404
411.93,0.037469
411.95,0.037534
411.96,0.037599
411.98,0.037663
412,0.037728
412.01,0.037793
412.03,0.037857
412.05,0.037922
412.07,0.037987
412.08,0.038052
412.1,0.038116
412.12,0.038181
412.13,0.038245
412.15,0.03831
412.17,0.038375
412.18,0.038439
412.2,0.038504
412.22,0.038568
412.24,0.038633
412.25,0.038697
412.27,0.038762
412.29,0.038826
412.3,0.038891
412.32,0.038955
412.34,0.039019
412.35,0.039084
412.37,0.039148
412.39,0.039212
412.41,0.039277
412.42,0.039341
412.44,0.039405
412.46,0.03947
412.47,0.039534
412.49,0.039598
412.51,0.039662
412.52,0.039726
412.54,0.03979
412.56,0.039854
412.58,0.039918
412.59,0.039982
412.61,0.040046
412.63,0.04011
412.64,0.040174
412.66,0.040238
412.68,0.040302
412.69,0.040366
412.71,0.040429
412.73,0.040493
412.75,0.040557
412.76,0.040621
412.78,0.040684
412.8,0.040748
412.81,0.040811
412.83,0.040875
412.85,0.040938
412.86,0.041002
412.88,0.041065
412.9,0.041129
412.92,0.041192
412.93,0.041255
412.95,0.041319
412.97,0.041382
412.98,0.041445
413,0.041508
413.02,0.041571
413.04,0.041634
413.05,0.041697
413.07,0.04176
413.09,0.041823
413.1,0.041886
413.12,0.041949
413.14,0.042012
413.15,0.042075
413.17,0.042137
413.19,0.0422
413.21,0.042263
413.22,0.042325
413.24,0.042388
413.26,0.04245
413.27,0.042513
413.29,0.042575
413.31,0.042637
413.33,0.0427
413.34,0.042762
413.36,0.042824
413.38,0.042886
413.39,0.042948
413.41,0.04301
413.43,0.043072
413.45,0.043134
413.46,0.043196
413.48,0.043258
413.5,0.04332
413.51,0.043381
413.53,0.043443
413.55,0.043505
413.56,0.043566
413.58,0.043628
413.6,0.043689
413.62,0.04375
413.63,0.043812
413.65,0.043873
413.67,0.043934
413.68,0.043995
413.7,0.044056
413.72,0.044117
413.74,0.044178
413.75,0.044239
413.77,0.0443
413.79,0.044361
413.8,0.044422
413.82,0.044482
413.84,0.044543
413.86,0.044603
413.87,0.044664
413.89,0.044724
413.91,0.044784
413.92,0.044845
413.94,0.044905
413.96,0.044965
413.98,0.045025
413.99,0.045085
414.01,0.045145
414.03,0.045205
414.04,0.045264
414.06,0.045324
414.08,0.045384
414.1,0.045443
414.11,0.045503
414.13,0.045562
414.15,0.045621
414.16,0.045681
414.18,0.04574
414.2,0.045799
414.22,0.045858
414.23,0.045917
414.25,0.045976
414.27,0.046035
414.28,0.046093
414.3,0.046152
414.32,0.046211
414.34,0.046269
414.35,0.046328
414.37,0.046386
414.39,0.046444
414.4,0.046502
414.42,0.04656
414.44,0.046618
414.46,0.046676
414.47,0.046734
414.49,0.046792
414.51,0.04685
414.52,0.046907
414.54,0.046965
414.56,0.047022
414.58,0.04708
414.59,0.047137
414.61,0.047194
414.63,0.047251
414.65,0.047308
414.66,0.047365
414.68,0.047422
414.7,0.047479
414.71,0.047535
414.73,0.047592
414.75,0.047648
414.77,0.047705
414.78,0.047761
414.8,0.047817
414.82,0.047873
414.83,0.047929
414.85,0.047985
414.87,0.048041
414.89,0.048097
414.9,0.048152
414.92,0.048208
414.94,0.048263
414.95,0.048319
414.97,0.048374
414.99,0.048429
415.01,0.048484
415.02,0.048539
415.04,0.048594
415.06,0.048649
415.08,0.048703
415.09,0.048758
415.11,0.048812
415.13,0.048867
415.14,0.048921
415.16,0.048975
415.18,0.049029
415.2,0.049083
415.21,0.049137
415.23,0.049191
415.25,0.049245
415.27,0.049298
415.28,0.049352
415.3,0.049405
415.32,0.049458
415.33,0.049511
415.35,0.049564
415.37,0.049617
415.39,0.04967
415.4,0.049723
415.42,0.049775
415.44,0.049828
415.45,0.04988
415.47,0.049932
415.49,0.049985
415.51,0.050037
415.52,0.050089
415.54,0.05014
415.56,0.050192
415.58,0.050244
415.59,0.050295
415.61,0.050347
415.63,0.050398
415.64,0.050449
415.66,0.0505
415.68,0.050551
415.7,0.050602
415.71,0.050653
415.73,0.050703
415.75,0.050754
415.77,0.050804
415.78,0.050854
415.8,0.050904
415.82,0.050954
415.83,0.051004
415.85,0.051054
415.87,0.051104
415.89,0.051153
415.9,0.051202
415.92,0.051252
415.94,0.051301
415.96,0.05135
415.97,0.051399
415.99,0.051448
416.01,0.051496
416.03,0.051545
416.04,0.051593
416.06,0.051642
416.08,0.05169
416.09,0.051738
416.11,0.051786
416.13,0.051833
416.15,0.051881
416.16,0.051929
416.18,0.051976
416.2,0.052023
416.22,0.052071
416.23,0.052118
416.25,0.052165
416.27,0.052211
416.29,0.052258
416.3,0.052304
416.32,0.052351
416.34,0.052397
416.35,0.052443
416.37,0.052489
416.39,0.052535
416.41,0.052581
416.42,0.052626
416.44,0.052672
416.46,0.052717
416.48,0.052762
416.49,0.052807
416.51,0.052852
416.53,0.052897
416.55,0.052942
416.56,0.052986
416.58,0.053031
416.6,0.053075
416.61,0.053119
416.63,0.053163
416.65,0.053207
416.67,0.053251
416.68,0.053294
416.7,0.053338
416.72,0.053381
416.74,0.053424
416.75,0.053467
416.77,0.05351
416.79,0.053553
416.81,0.053595
416.82,0.053638
416.84,0.05368
416.86,0.053722
416.88,0.053764
416.89,0.053806
416.91,0.053848
416.93,0.053889
416.94,0.053931
416.96,0.053972
416.98,0.054013
417,0.054054
417.01,0.054095
417.03,0.054136
417.05,0.054176
417.07,0.054217
417.08,0.054257
417.1,0.054297
417.12,0.054337
417.14,0.054377
417.15,0.054417
417.17,0.054456
417.19,0.054496
417.21,0.054535
417.22,0.054574
417.24,0.054613
417.26,0.054652
417.28,0.05469
417.29,0.054729
417.31,0.054767
417.33,0.054805
417.34,0.054844
417.36,0.054881
417.38,0.054919
417.4,0.054957
417.41,0.054994
417.43,0.055031
417.45,0.055069
417.47,0.055106
417.48,0.055142
417.5,0.055179
417.52,0.055216
417.54,0.055252
417.55,0.055288
417.57,0.055324
417.59,0.05536
417.61,0.055396
417.62,0.055431
417.64,0.055467
417.66,0.055502
417.68,0.055537
417.69,0.055572
417.71,0.055607
417.73,0.055642
417.75,0.055676
417.76,0.055711
417.78,0.055745
417.8,0.055779
417.82,0.055813
417.83,0.055846
417.85,0.05588
417.87,0.055913
417.89,0.055946
417.9,0.05598
417.92,0.056012
417.94,0.056045
417.96,0.056078
417.97,0.05611
417.99,0.056142
418.01,0.056174
418.03,0.056206
418.04,0.056238
418.06,0.05627
418.08,0.056301
418.1,0.056333
418.11,0.056364
418.13,0.056395
418.15,0.056425
418.17,0.056456
418.18,0.056487
418.2,0.056517
418.22,0.056547
418.24,0.056577
418.25,0.056607
418.27,0.056636
418.29,0.056666
418.31,0.056695
418.32,0.056724
418.34,0.056753
418.36,0.056782
418.38,0.056811
418.39,0.056839
418.41,0.056868
418.43,0.056896
418.45,0.056924
418.46,0.056952
418.48,0.056979
418.5,0.057007
418.52,0.057034
418.53,0.057061
418.55,0.057088
418.57,0.057115
418.59,0.057142
418.6,0.057168
418.62,0.057195
418.64,0.057221
418.66,0.057247
418.67,0.057273
418.69,0.057298
418.71,0.057324
418.73,0.057349
418.74,0.057374
418.76,0.057399
418.78,0.057424
418.8,0.057449
418.81,0.057473
418.83,0.057498
418.85,0.057522
418.87,0.057546
418.88,0.05757
418.9,0.057593
418.92,0.057617
418.94,0.05764
418.95,0.057663
418.97,0.057686
418.99,0.057709
419.01,0.057731
419.02,0.057754
419.04,0.057776
419.06,0.057798
419.08,0.05782
419.09,0.057842
419.11,0.057864
419.13,0.057885
419.15,0.057906
419.16,0.057927
419.18,0.057948
419.2,0.057969
419.22,0.05799
419.23,0.05801
419.25,0.05803
419.27,0.05805
419.29,0.05807
419.3,0.05809
419.32,0.05811
419.34,0.058129
419.36,0.058148
419.38,0.058167
419.39,0.058186
419.41,0.058205
419.43,0.058224
419.45,0.058242
419.46,0.05826
419.48,0.058278
419.5,0.058296
419.52,0.058314
419.53,0.058331
419.55,0.058349
419.57,0.058366
419.59,0.058383
419.6,0.0584
419.62,0.058416
419.64,0.058433
419.66,0.058449
419.67,0.058466
419.69,0.058482
419.71,0.058497
419.73,0.058513
419.74,0.058529
419.76,0.058544
419.78,0.058559
419.8,0.058574
419.82,0.058589
419.83,0.058604
419.85,0.058618
419.87,0.058633
419.89,0.058647
419.9,0.058661
419.92,0.058675
419.94,0.058688
419.96,0.058702
419.97,0.058715
419.99,0.058728
420.01,0.058741
420.03,0.058754
420.04,0.058767
420.06,0.058779
420.08,0.058792
420.1,0.058804
420.12,0.058816
420.13,0.058828
420.15,0.058839
420.17,0.058851
420.19,0.058862
420.2,0.058874
420.22,0.058885
420.24,0.058896
420.26,0.058906
420.27,0.058917
420.29,0.058927
420.31,0.058937
420.33,0.058948
420.34,0.058957
420.36,0.058967
420.38,0.058977
420.4,0.058986
420.42,0.058995
420.43,0.059005
420.45,0.059014
420.47,0.059022
420.49,0.059031
420.5,0.059039
420.52,0.059048
420.54,0.059056
420.56,0.059064
420.57,0.059072
420.59,0.059079
420.61,0.059087
420.63,0.059094
420.65,0.059102
420.66,0.059109
420.68,0.059116
420.7,0.059122
420.72,0.059129
420.73,0.059135
420.75,0.059142
420.77,0.059148
420.79,0.059154
420.8,0.05916
420.82,0.059165
420.84,0.059171
420.86,0.059176
420.88,0.059182
420.89,0.059187
420.91,0.059192
420.93,0.059197
420.95,0.059201
420.96,0.059206
420.98,0.05921
421,0.059214
421.02,0.059218
421.03,0.059222
421.05,0.059226
421.07,0.05923
421.09,0.059233
421.11,0.059237
421.12,0.05924
421.14,0.059243
421.16,0.059246
421.18,0.059249
421.19,0.059251
421.21,0.059254
421.23,0.059256
421.25,0.059258
421.27,0.059261
421.28,0.059262
421.3,0.059264
421.32,0.059266
421.34,0.059268
421.35,0.059269
421.37,0.05927
421.39,0.059271
421.41,0.059273
421.43,0.059273
421.44,0.059274
421.46,0.059275
421.48,0.059275
421.5,0.059276
421.51,0.059276
421.53,0.059276
421.55,0.059276
421.57,0.059276
421.59,0.059276
421.6,0.059275
421.62,0.059275
421.64,0.059274
421.66,0.059274
421.67,0.059273
421.69,0.059272
421.71,0.059271
421.73,0.05927
421.75,0.059268
421.76,0.059267
421.78,0.059265
421.8,0.059264
421.82,0.059262
421.83,0.05926
421.85,0.059258
421.87,0.059256
421.89,0.059254
421.91,0.059251
421.92,0.059249
421.94,0.059247
421.96,0.059244
421.98,0.059241
421.99,0.059238
422.01,0.059235
422.03,0.059232
422.05,0.059229
422.07,0.059226
422.08,0.059223
422.1,0.059219
422.12,0.059216
422.14,0.059212
422.15,0.059208
422.17,0.059205
422.19,0.059201
422.21,0.059197
422.23,0.059193
422.24,0.059188
422.26,0.059184
422.28,0.05918
422.3,0.059175
422.32,0.059171
422.33,0.059166
422.35,0.059162
422.37,0.059157
422.39,0.059152
422.4,0.059147
422.42,0.059142
422.44,0.059137
422.46,0.059132
422.48,0.059127
422.49,0.059122
422.51,0.059116
422.53,0.059111
422.55,0.059106
422.56,0.0591
422.58,0.059095
422.6,0.059089
422.62,0.059083
422.64,0.059077
422.65,0.059072
422.67,0.059066
422.69,0.05906
422.71,0.059054
422.73,0.059048
422.74,0.059042
422.76,0.059036
422.78,0.059029
422.8,0.059023
422.82,0.059017
422.83,0.059011
422.85,0.059004
422.87,0.058998
422.89,0.058991
422.9,0.058985
422.92,0.058978
422.94,0.058972
422.96,0.058965
422.98,0.058959
422.99,0.058952
423.01,0.058946
423.03,0.058939
423.05,0.058932
423.07,0.058925
423.08,0.058919
423.1,0.058912
423.12,0.058905
423.14,0.058898
423.16,0.058892
423.17,0.058885
423.19,0.058878
423.21,0.058871
423.23,0.058864
423.24,0.058858
423.26,0.058851
423.28,0.058844
423.3,0.058837
423.32,0.05883
423.33,0.058824
423.35,0.058817
423.37,0.05881
423.39,0.058803
423.41,0.058796
423.42,0.05879
423.44,0.058783
423.46,0.058776
423.48,0.05877
423.5,0.058763
423.51,0.058756
423.53,0.05875
423.55,0.058743
423.57,0.058737
423.59,0.05873
423.6,0.058724
423.62,0.058717
423.64,0.058711
423.66,0.058705
423.67,0.058698
423.69,0.058692
423.71,0.058686
423.73,0.05868
423.75,0.058674
423.76,0.058668
423.78,0.058662
423.8,0.058656
423.82,0.05865
423.84,0.058645
423.85,0.058639
423.87,0.058633
423.89,0.058628
423.91,0.058622
423.93,0.058617
423.94,0.058612
423.96,0.058607
423.98,0.058601
424,0.058596
424.02,0.058592
424.03,0.058587
424.05,0.058582
424.07,0.058577
424.09,0.058573
424.11,0.058569
424.12,0.058564
424.14,0.05856
424.16,0.058556
424.18,0.058552
424.2,0.058548
424.21,0.058545
424.23,0.058541
424.25,0.058538
424.27,0.058534
424.29,0.058531
424.3,0.058528
424.32,0.058525
424.34,0.058522
424.36,0.05852
424.38,0.058517
424.39,0.058515
424.41,0.058513
424.43,0.058511
424.45,0.058509
424.47,0.058507
424.48,0.058506
424.5,0.058505
424.52,0.058503
424.54,0.058502
424.56,0.058502
424.57,0.058501
424.59,0.058501
424.61,0.0585
424.63,0.0585
424.65,0.058501
424.66,0.058501
424.68,0.058502
424.7,0.058502
424.72,0.058503
424.74,0.058504
424.75,0.058506
424.77,0.058508
424.79,0.058509
424.81,0.058512
424.83,0.058514
424.84,0.058516
424.86,0.058519
424.88,0.058522
424.9,0.058526
424.92,0.058529
424.94,0.058533
424.95,0.058537
424.97,0.058541
424.99,0.058546
425.01,0.058551
425.03,0.058556
425.04,0.058561
425.06,0.058567
425.08,0.058573
425.1,0.058579
425.12,0.058585
425.13,0.058592
425.15,0.058599
425.17,0.058607
425.19,0.058615
425.21,0.058623
425.22,0.058631
425.24,0.05864
425.26,0.058649
425.28,0.058658
425.3,0.058668
425.31,0.058678
425.33,0.058688
425.35,0.058699
425.37,0.05871
425.39,0.058721
425.41,0.058733
425.42,0.058745
425.44,0.058757
425.46,0.05877
425.48,0.058783
425.5,0.058797
425.51,0.058811
425.53,0.058825
425.55,0.05884
425.57,0.058855
425.59,0.05887
425.6,0.058886
425.62,0.058903
425.64,0.058919
425.66,0.058936
425.68,0.058954
425.69,0.058972
425.71,0.05899
425.73,0.059009
425.75,0.059029
425.77,0.059048
425.79,0.059069
425.8,0.059089
425.82,0.05911
425.84,0.059132
425.86,0.059154
425.88,0.059177
425.89,0.0592
425.91,0.059223
425.93,0.059247
425.95,0.059272
425.97,0.059297
425.99,0.059322
426,0.059348
426.02,0.059375
426.04,0.059402
426.06,0.059429
426.08,0.059457
426.09,0.059486
426.11,0.059515
426.13,0.059545
426.15,0.059575
426.17,0.059606
426.18,0.059637
426.2,0.059669
426.22,0.059702
426.24,0.059735
426.26,0.059768
426.28,0.059803
426.29,0.059838
426.31,0.059873
426.33,0.059909
426.35,0.059946
426.37,0.059983
426.38,0.060021
426.4,0.06006
426.42,0.060099
426.44,0.060139
426.46,0.060179
426.48,0.06022
426.49,0.060262
426.51,0.060304
426.53,0.060347
426.55,0.060391
426.57,0.060436
426.58,0.060481
426.6,0.060527
426.62,0.060573
426.64,0.06062
426.66,0.060668
426.68,0.060717
426.69,0.060766
426.71,0.060817
426.73,0.060867
426.75,0.060919
426.77,0.060971
426.79,0.061024
426.8,0.061078
426.82,0.061133
426.84,0.061188
426.86,0.061244
426.88,0.061301
426.89,0.061359
426.91,0.061418
426.93,0.061477
426.95,0.061537
426.97,0.061598
426.99,0.06166
427,0.061723
427.02,0.061786
427.04,0.06185
427.06,0.061915
427.08,0.061981
427.09,0.062048
427.11,0.062116
427.13,0.062185
427.15,0.062254
427.17,0.062325
427.19,0.062396
427.2,0.062468
427.22,0.062541
427.24,0.062615
427.26,0.06269
427.28,0.062766
427.3,0.062843
427.31,0.06292
427.33,0.062999
427.35,0.063079
427.37,0.063159
427.39,0.063241
427.41,0.063324
427.42,0.063407
427.44,0.063492
427.46,0.063577
427.48,0.063664
427.5,0.063752
427.51,0.06384
427.53,0.06393
427.55,0.06402
427.57,0.064112
427.59,0.064205
427.61,0.064299
427.62,0.064394
427.64,0.06449
427.66,0.064587
427.68,0.064685
427.7,0.064784
427.72,0.064885
427.73,0.064986
427.75,0.065089
427.77,0.065192
427.79,0.065297
427.81,0.065403
427.83,0.06551
427.84,0.065619
427.86,0.065728
427.88,0.065839
427.9,0.065951
427.92,0.066064
427.94,0.066178
427.95,0.066293
427.97,0.06641
427.99,0.066528
428.01,0.066647
428.03,0.066767
428.05,0.066889
428.06,0.067012
428.08,0.067136
428.1,0.067261
428.12,0.067388
428.14,0.067516
428.16,0.067645
428.17,0.067775
428.19,0.067907
428.21,0.06804
428.23,0.068175
428.25,0.068311
428.27,0.068448
428.28,0.068586
428.3,0.068726
428.32,0.068867
428.34,0.06901
428.36,0.069154
428.38,0.069299
428.39,0.069446
428.41,0.069594
428.43,0.069744
428.45,0.069895
428.47,0.070048
428.49,0.070201
428.5,0.070357
428.52,0.070514
428.54,0.070672
428.56,0.070832
428.58,0.070993
428.6,0.071156
428.61,0.07132
428.63,0.071486
428.65,0.071653
428.67,0.071822
428.69,0.071992
428.71,0.072164
428.72,0.072338
428.74,0.072513
428.76,0.072689
428.78,0.072868
428.8,0.073047
428.82,0.073229
428.83,0.073412
428.85,0.073596
428.87,0.073783
428.89,0.073971
428.91,0.07416
428.93,0.074351
428.95,0.074544
428.96,0.074739
428.98,0.074935
429,0.075133
429.02,0.075332
429.04,0.075534
429.06,0.075737
429.07,0.075941
429.09,0.076148
429.11,0.076356
429.13,0.076566
429.15,0.076778
429.17,0.076991
429.18,0.077207
429.2,0.077424
429.22,0.077643
429.24,0.077863
429.26,0.078086
429.28,0.07831
429.3,0.078536
429.31,0.078764
429.33,0.078994
429.35,0.079226
429.37,0.079459
429.39,0.079695
429.41,0.079932
429.42,0.080172
429.44,0.080413
429.46,0.080656
429.48,0.080901
429.5,0.081148
429.52,0.081397
429.53,0.081648
429.55,0.0819
429.57,0.082155
429.59,0.082412
429.61,0.082671
429.63,0.082932
429.65,0.083194
429.66,0.083459
429.68,0.083726
429.7,0.083995
429.72,0.084266
429.74,0.084539
429.76,0.084814
429.77,0.085091
429.79,0.08537
429.81,0.085652
429.83,0.085935
429.85,0.086221
429.87,0.086508
429.89,0.086798
429.9,0.08709
429.92,0.087384
429.94,0.087681
429.96,0.087979
429.98,0.08828
430,0.088583
430.02,0.088888
430.03,0.089195
430.05,0.089504
430.07,0.089816
430.09,0.09013
430.11,0.090446
430.13,0.090764
430.14,0.091085
430.16,0.091408
430.18,0.091733
430.2,0.092061
430.22,0.092391
430.24,0.092723
430.26,0.093057
430.27,0.093394
430.29,0.093733
430.31,0.094075
430.33,0.094419
430.35,0.094765
430.37,0.095114
430.39,0.095465
430.4,0.095818
430.42,0.096174
430.44,0.096532
430.46,0.096893
430.48,0.097256
430.5,0.097621
430.51,0.097989
430.53,0.09836
430.55,0.098733
430.57,0.099108
430.59,0.099486
430.61,0.099866
430.63,0.10025
430.64,0.10063
430.66,0.10102
430.68,0.10141
430.7,0.10181
430.72,0.1022
430.74,0.1026
430.76,0.103
430.77,0.1034
430.79,0.10381
430.81,0.10422
430.83,0.10463
430.85,0.10504
430.87,0.10546
430.89,0.10588
430.9,0.1063
430.92,0.10672
430.94,0.10715
430.96,0.10758
430.98,0.10801
431,0.10845
431.02,0.10889
431.03,0.10933
431.05,0.10977
431.07,0.11022
431.09,0.11066
431.11,0.11112
431.13,0.11157
431.15,0.11203
431.16,0.11249
431.18,0.11295
431.2,0.11341
431.22,0.11388
431.24,0.11435
431.26,0.11483
431.28,0.1153
431.29,0.11578
431.31,0.11626
431.33,0.11675
431.35,0.11724
431.37,0.11773
431.39,0.11822
431.41,0.11872
431.42,0.11922
431.44,0.11972
431.46,0.12022
431.48,0.12073
431.5,0.12124
431.52,0.12176
431.54,0.12227
431.56,0.12279
431.57,0.12331
431.59,0.12384
431.61,0.12437
431.63,0.1249
431.65,0.12543
431.67,0.12597
431.69,0.12651
431.7,0.12706
431.72,0.1276
431.74,0.12815
431.76,0.1287
431.78,0.12926
431.8,0.12982
431.82,0.13038
431.83,0.13095
431.85,0.13151
431.87,0.13208
431.89,0.13266
431.91,0.13323
431.93,0.13382
431.95,0.1344
431.97,0.13498
431.98,0.13557
432,0.13617
432.02,0.13676
432.04,0.13736
432.06,0.13796
432.08,0.13857
432.1,0.13918
432.11,0.13979
432.13,0.1404
432.15,0.14102
432.17,0.14164
432.19,0.14227
432.21,0.14289
432.23,0.14352
432.25,0.14416
432.26,0.1448
432.28,0.14544
432.3,0.14608
432.32,0.14673
432.34,0.14738
432.36,0.14803
432.38,0.14869
432.4,0.14935
432.41,0.15001
432.43,0.15068
432.45,0.15135
432.47,0.15202
432.49,0.15269
432.51,0.15337
432.53,0.15406
432.54,0.15474
432.56,0.15543
432.58,0.15612
432.6,0.15682
432.62,0.15752
432.64,0.15822
432.66,0.15893
432.68,0.15964
432.69,0.16035
432.71,0.16107
432.73,0.16179
432.75,0.16251
432.77,0.16324
432.79,0.16397
432.81,0.1647
432.83,0.16543
432.84,0.16617
432.86,0.16692
432.88,0.16766
432.9,0.16841
432.92,0.16917
432.94,0.16992
432.96,0.17068
432.98,0.17145
432.99,0.17222
433.01,0.17299
433.03,0.17376
433.05,0.17454
433.07,0.17532
433.09,0.1761
433.11,0.17689
433.13,0.17768
433.14,0.17848
433.16,0.17927
433.18,0.18007
433.2,0.18088
433.22,0.18169
433.24,0.1825
433.26,0.18332
433.28,0.18413
433.29,0.18496
433.31,0.18578
433.33,0.18661
433.35,0.18744
433.37,0.18828
433.39,0.18912
433.41,0.18996
433.43,0.19081
433.44,0.19166
433.46,0.19251
433.48,0.19337
433.5,0.19423
433.52,0.1951
433.54,0.19596
433.56,0.19683
433.58,0.19771
433.59,0.19859
433.61,0.19947
433.63,0.20035
433.65,0.20124
433.67,0.20214
433.69,0.20303
433.71,0.20393
433.73,0.20483
433.75,0.20574
433.76,0.20665
433.78,0.20756
433.8,0.20848
433.82,0.2094
433.84,0.21033
433.86,0.21125
433.88,0.21218
433.9,0.21312
433.91,0.21406
433.93,0.215
433.95,0.21594
433.97,0.21689
433.99,0.21785
434.01,0.2188
434.03,0.21976
434.05,0.22072
434.07,0.22169
434.08,0.22266
434.1,0.22363
434.12,0.22461
434.14,0.22559
434.16,0.22657
434.18,0.22756
434.2,0.22855
434.22,0.22955
434.24,0.23055
434.25,0.23155
434.27,0.23255
434.29,0.23356
434.31,0.23457
434.33,0.23559
434.35,0.23661
434.37,0.23763
434.39,0.23866
434.4,0.23969
434.42,0.24072
434.44,0.24176
434.46,0.2428
434.48,0.24384
434.5,0.24489
434.52,0.24594
434.54,0.24699
434.56,0.24805
434.57,0.24911
434.59,0.25018
434.61,0.25124
434.63,0.25231
434.65,0.25339
434.67,0.25447
434.69,0.25555
434.71,0.25664
434.73,0.25772
434.74,0.25882
434.76,0.25991
434.78,0.26101
434.8,0.26211
434.82,0.26322
434.84,0.26433
434.86,0.26544
434.88,0.26656
434.9,0.26768
434.91,0.2688
434.93,0.26993
434.95,0.27106
434.97,0.27219
434.99,0.27333
435.01,0.27447
435.03,0.27561
435.05,0.27676
435.07,0.27791
435.09,0.27906
435.1,0.28022
435.12,0.28138
435.14,0.28254
435.16,0.28371
435.18,0.28488
435.2,0.28605
435.22,0.28723
435.24,0.28841
435.26,0.28959
435.27,0.29078
435.29,0.29197
435.31,0.29316
435.33,0.29436
435.35,0.29556
435.37,0.29676
435.39,0.29797
435.41,0.29918
435.43,0.30039
435.45,0.30161
435.46,0.30283
435.48,0.30405
435.5,0.30528
435.52,0.3065
435.54,0.30774
435.56,0.30897
435.58,0.31021
435.6,0.31145
435.62,0.3127
435.63,0.31394
435.65,0.3152
435.67,0.31645
435.69,0.31771
435.71,0.31897
435.73,0.32023
435.75,0.3215
435.77,0.32277
435.79,0.32404
435.81,0.32532
435.82,0.3266
435.84,0.32788
435.86,0.32916
435.88,0.33045
435.9,0.33174
435.92,0.33304
435.94,0.33433
435.96,0.33563
435.98,0.33694
436,0.33824
436.01,0.33955
436.03,0.34087
436.05,0.34218
436.07,0.3435
436.09,0.34482
436.11,0.34614
436.13,0.34747
436.15,0.3488
436.17,0.35013
436.19,0.35147
436.21,0.3528
436.22,0.35415
436.24,0.35549
436.26,0.35684
436.28,0.35819
436.3,0.35954
436.32,0.36089
436.34,0.36225
436.36,0.36361
436.38,0.36497
436.4,0.36634
436.41,0.36771
436.43,0.36908
436.45,0.37045
436.47,0.37183
436.49,0.37321
436.51,0.37459
436.53,0.37598
436.55,0.37736
436.57,0.37875
436.59,0.38015
436.6,0.38154
436.62,0.38294
436.64,0.38434
436.66,0.38574
436.68,0.38715
436.7,0.38856
436.72,0.38997
436.74,0.39138
436.76,0.39279
436.78,0.39421
436.8,0.39563
436.81,0.39706
436.83,0.39848
436.85,0.39991
436.87,0.40134
436.89,0.40277
436.91,0.4042
436.93,0.40564
436.95,0.40708
436.97,0.40852
436.99,0.40997
437.01,0.41141
437.02,0.41286
437.04,0.41431
437.06,0.41577
437.08,0.41722
437.1,0.41868
437.12,0.42014
437.14,0.4216
437.16,0.42306
437.18,0.42453
437.2,0.426
437.22,0.42747
437.23,0.42894
437.25,0.43041
437.27,0.43189
437.29,0.43337
437.31,0.43485
437.33,0.43633
437.35,0.43782
437.37,0.4393
437.39,0.44079
437.41,0.44228
437.43,0.44378
437.45,0.44527
437.46,0.44677
437.48,0.44826
437.5,0.44976
437.52,0.45127
437.54,0.45277
437.56,0.45427
437.58,0.45578
437.6,0.45729
437.62,0.4588
437.64,0.46031
437.66,0.46183
437.68,0.46334
437.69,0.46486
437.71,0.46638
437.73,0.4679
437.75,0.46942
437.77,0.47095
437.79,0.47247
437.81,0.474
437.83,0.47553
437.85,0.47706
437.87,0.47859
437.89,0.48013
437.91,0.48166
437.92,0.4832
437.94,0.48473
437.96,0.48627
437.98,0.48781
438,0.48936
438.02,0.4909
438.04,0.49244
438.06,0.49399
438.08,0.49554
438.1,0.49709
438.12,0.49864
438.14,0.50019
438.15,0.50174
438.17,0.50329
438.19,0.50485
438.21,0.5064
438.23,0.50796
438.25,0.50952
438.27,0.51108
438.29,0.51264
438.31,0.5142
438.33,0.51576
438.35,0.51733
438.37,0.51889
438.38,0.52046
438.4,0.52202
438.42,0.52359
438.44,0.52516
438.46,0.52673
438.48,0.5283
438.5,0.52987
438.52,0.53144
438.54,0.53301
438.56,0.53459
438.58,0.53616
438.6,0.53773
438.62,0.53931
438.63,0.54089
438.65,0.54246
438.67,0.54404
438.69,0.54562
438.71,0.5472
438.73,0.54878
438.75,0.55036
438.77,0.55194
438.79,0.55352
438.81,0.5551
438.83,0.55669
438.85,0.55827
438.87,0.55985
438.89,0.56144
438.9,0.56302
438.92,0.56461
438.94,0.56619
438.96,0.56778
438.98,0.56936
439,0.57095
439.02,0.57253
439.04,0.57412
439.06,0.57571
439.08,0.57729
439.1,0.57888
439.12,0.58047
439.14,0.58206
439.16,0.58365
439.17,0.58523
439.19,0.58682
439.21,0.58841
439.23,0.59
439.25,0.59159
439.27,0.59317
439.29,0.59476
439.31,0.59635
439.33,0.59794
439.35,0.59953
439.37,0.60111
439.39,0.6027
439.41,0.60429
439.43,0.60588
439.44,0.60746
439.46,0.60905
439.48,0.61064
439.5,0.61222
439.52,0.61381
439.54,0.6154
439.56,0.61698
439.58,0.61857
439.6,0.62015
439.62,0.62174
439.64,0.62332
439.66,0.6249
439.68,0.62649
439.7,0.62807
439.72,0.62965
439.73,0.63123
439.75,0.63281
439.77,0.6344
439.79,0.63598
439.81,0.63755
439.83,0.63913
439.85,0.64071
439.87,0.64229
439.89,0.64387
439.91,0.64544
439.93,0.64702
439.95,0.64859
439.97,0.65016
439.99,0.65174
440.01,0.65331
440.02,0.65488
440.04,0.65645
440.06,0.65802
440.08,0.65959
440.1,0.66115
440.12,0.66272
440.14,0.66429
440.16,0.66585
440.18,0.66741
440.2,0.66898
440.22,0.67054
440.24,0.6721
440.26,0.67365
440.28,0.67521
440.3,0.67677
440.32,0.67832
440.33,0.67988
440.35,0.68143
440.37,0.68298
440.39,0.68453
440.41,0.68608
440.43,0.68763
440.45,0.68917
440.47,0.69072
440.49,0.69226
440.51,0.6938
440.53,0.69534
440.55,0.69688
440.57,0.69842
440.59,0.69996
440.61,0.70149
440.63,0.70302
440.65,0.70455
440.66,0.70608
440.68,0.70761
440.7,0.70914
440.72,0.71066
440.74,0.71218
440.76,0.71371
440.78,0.71522
440.8,0.71674
440.82,0.71826
440.84,0.71977
440.86,0.72128
440.88,0.72279
440.9,0.7243
440.92,0.72581
440.94,0.72731
440.96,0.72881
440.98,0.73032
440.99,0.73181
441.01,0.73331
441.03,0.7348
441.05,0.7363
441.07,0.73779
441.09,0.73927
441.11,0.74076
441.13,0.74224
441.15,0.74373
441.17,0.7452
441.19,0.74668
441.21,0.74816
441.23,0.74963
441.25,0.7511
441.27,0.75257
441.29,0.75403
441.31,0.7555
441.33,0.75696
441.35,0.75842
441.36,0.75987
441.38,0.76132
441.4,0.76278
441.42,0.76422
441.44,0.76567
441.46,0.76711
441.48,0.76855
441.5,0.76999
441.52,0.77143
441.54,0.77286
441.56,0.77429
441.58,0.77572
441.6,0.77714
441.62,0.77857
441.64,0.77999
441.66,0.7814
441.68,0.78282
441.7,0.78423
441.72,0.78564
441.74,0.78704
441.75,0.78845
441.77,0.78985
441.79,0.79124
441.81,0.79264
441.83,0.79403
441.85,0.79541
441.87,0.7968
441.89,0.79818
441.91,0.79956
441.93,0.80094
441.95,0.80231
441.97,0.80368
441.99,0.80505
442.01,0.80641
442.03,0.80777
442.05,0.80913
442.07,0.81048
442.09,0.81183
442.11,0.81318
442.13,0.81452
442.15,0.81586
442.16,0.8172
442.18,0.81853
442.2,0.81986
442.22,0.82119
442.24,0.82252
442.26,0.82384
442.28,0.82515
442.3,0.82647
442.32,0.82778
442.34,0.82908
442.36,0.83039
442.38,0.83169
442.4,0.83298
442.42,0.83427
442.44,0.83556
442.46,0.83685
442.48,0.83813
442.5,0.83941
442.52,0.84068
442.54,0.84195
442.56,0.84322
442.58,0.84448
442.6,0.84574
442.61,0.847
442.63,0.84825
442.65,0.84949
442.67,0.85074
442.69,0.85198
442.71,0.85321
442.73,0.85445
442.75,0.85568
442.77,0.8569
442.79,0.85812
442.81,0.85934
442.83,0.86055
442.85,0.86176
442.87,0.86296
442.89,0.86416
442.91,0.86536
442.93,0.86655
442.95,0.86774
442.97,0.86892
442.99,0.8701
443.01,0.87128
443.03,0.87245
443.05,0.87361
443.07,0.87478
443.09,0.87593
443.11,0.87709
443.12,0.87824
443.14,0.87938
443.16,0.88052
443.18,0.88166
443.2,0.88279
443.22,0.88392
443.24,0.88505
443.26,0.88616
443.28,0.88728
443.3,0.88839
443.32,0.8895
443.34,0.8906
443.36,0.89169
443.38,0.89279
443.4,0.89387
443.42,0.89496
443.44,0.89603
443.46,0.89711
443.48,0.89818
443.5,0.89924
443.52,0.9003
443.54,0.90136
443.56,0.90241
443.58,0.90345
443.6,0.90449
443.62,0.90553
443.64,0.90656
443.66,0.90759
443.68,0.90861
443.7,0.90963
443.71,0.91064
443.73,0.91165
443.75,0.91265
443.77,0.91365
443.79,0.91464
443.81,0.91563
443.83,0.91661
443.85,0.91759
443.87,0.91856
443.89,0.91953
443.91,0.92049
443.93,0.92145
443.95,0.9224
443.97,0.92335
443.99,0.92429
444.01,0.92523
444.03,0.92616
444.05,0.92709
444.07,0.92801
444.09,0.92893
444.11,0.92984
444.13,0.93075
444.15,0.93165
444.17,0.93254
444.19,0.93343
444.21,0.93432
444.23,0.9352
444.25,0.93608
444.27,0.93694
444.29,0.93781
444.31,0.93867
444.33,0.93952
444.35,0.94037
444.37,0.94121
444.39,0.94205
444.4,0.94288
444.42,0.94371
444.44,0.94453
444.46,0.94535
444.48,0.94616
444.5,0.94696
444.52,0.94776
444.54,0.94855
444.56,0.94934
444.58,0.95012
444.6,0.9509
444.62,0.95167
444.64,0.95244
444.66,0.9532
444.68,0.95395
444.7,0.9547
444.72,0.95544
444.74,0.95618
444.76,0.95691
444.78,0.95764
444.8,0.95836
444.82,0.95908
444.84,0.95978
444.86,0.96049
444.88,0.96119
444.9,0.96188
444.92,0.96256
444.94,0.96324
444.96,0.96392
444.98,0.96459
445,0.96525
445.02,0.9659
445.04,0.96656
445.06,0.9672
445.08,0.96784
445.1,0.96847
445.12,0.9691
445.14,0.96972
445.16,0.97034
445.18,0.97095
445.2,0.97155
445.22,0.97215
445.24,0.97274
445.26,0.97332
445.28,0.9739
445.3,0.97447
445.32,0.97504
445.34,0.9756
445.35,0.97616
445.37,0.97671
445.39,0.97725
445.41,0.97779
445.43,0.97832
445.45,0.97884
445.47,0.97936
445.49,0.97987
445.51,0.98038
445.53,0.98088
445.55,0.98137
445.57,0.98186
445.59,0.98234
445.61,0.98281
445.63,0.98328
445.65,0.98374
445.67,0.9842
445.69,0.98465
445.71,0.98509
445.73,0.98553
445.75,0.98596
445.77,0.98639
445.79,0.9868
445.81,0.98722
445.83,0.98762
445.85,0.98802
445.87,0.98841
445.89,0.9888
445.91,0.98918
445.93,0.98955
445.95,0.98992
445.97,0.99028
445.99,0.99064
446.01,0.99098
446.03,0.99132
446.05,0.99166
446.07,0.99199
446.09,0.99231
446.11,0.99263
446.13,0.99293
446.15,0.99324
446.17,0.99353
446.19,0.99382
446.21,0.99411
446.23,0.99438
446.25,0.99465
446.27,0.99492
446.29,0.99517
446.31,0.99542
446.33,0.99567
446.35,0.9959
446.37,0.99613
446.39,0.99636
446.41,0.99658
446.43,0.99679
446.45,0.99699
446.47,0.99719
446.49,0.99738
446.51,0.99756
446.53,0.99774
446.55,0.99791
446.57,0.99808
446.59,0.99823
446.61,0.99838
446.63,0.99853
446.65,0.99867
446.67,0.9988
446.69,0.99892
446.71,0.99904
446.73,0.99915
446.75,0.99925
446.77,0.99935
446.79,0.99944
446.81,0.99952
446.83,0.9996
446.85,0.99967
446.87,0.99973
446.89,0.99979
446.91,0.99984
446.93,0.99988
446.95,0.99992
446.97,0.99995
446.99,0.99997
447.01,0.99999
447.03,1
447.05,1
447.07,1
447.09,0.99998
447.11,0.99997
447.13,0.99994
447.15,0.99991
447.17,0.99987
447.19,0.99983
447.21,0.99977
447.23,0.99972
447.25,0.99965
447.27,0.99958
447.29,0.9995
447.31,0.99941
447.33,0.99932
447.35,0.99922
447.37,0.99911
447.39,0.999
447.41,0.99888
447.43,0.99875
447.45,0.99862
447.47,0.99847
447.49,0.99833
447.51,0.99817
447.53,0.99801
447.55,0.99784
447.57,0.99767
447.59,0.99748
447.61,0.99729
447.63,0.9971
447.65,0.99689
447.67,0.99668
447.69,0.99647
447.71,0.99624
447.73,0.99601
447.75,0.99578
447.77,0.99553
447.79,0.99528
447.81,0.99502
447.83,0.99476
447.85,0.99449
447.87,0.99421
447.89,0.99392
447.91,0.99363
447.93,0.99333
447.95,0.99302
447.97,0.99271
447.99,0.99239
448.01,0.99206
448.03,0.99173
448.05,0.99139
448.07,0.99104
448.09,0.99069
448.11,0.99033
448.13,0.98996
448.15,0.98958
448.17,0.9892
448.19,0.98881
448.21,0.98842
448.23,0.98802
448.25,0.98761
448.27,0.98719
448.29,0.98677
448.31,0.98634
448.33,0.9859
448.35,0.98546
448.37,0.98501
448.39,0.98455
448.41,0.98409
448.43,0.98362
448.45,0.98314
448.47,0.98266
448.49,0.98217
448.51,0.98167
448.53,0.98116
448.55,0.98065
448.57,0.98013
448.59,0.97961
448.61,0.97908
448.63,0.97854
448.65,0.97799
448.67,0.97744
448.69,0.97688
448.71,0.97632
448.73,0.97574
448.75,0.97516
448.77,0.97458
448.79,0.97399
448.81,0.97339
448.83,0.97278
448.85,0.97217
448.87,0.97155
448.89,0.97092
448.91,0.97029
448.93,0.96965
448.95,0.96901
448.97,0.96835
448.99,0.96769
449.01,0.96703
449.03,0.96635
449.05,0.96568
449.07,0.96499
449.1,0.9643
449.12,0.9636
449.14,0.96289
449.16,0.96218
449.18,0.96146
449.2,0.96074
449.22,0.96
449.24,0.95927
449.26,0.95852
449.28,0.95777
449.3,0.95701
449.32,0.95625
449.34,0.95548
449.36,0.9547
449.38,0.95391
449.4,0.95312
449.42,0.95233
449.44,0.95152
449.46,0.95071
449.48,0.9499
449.5,0.94907
449.52,0.94825
449.54,0.94741
449.56,0.94657
449.58,0.94572
449.6,0.94487
449.62,0.944
449.64,0.94314
449.66,0.94226
449.68,0.94138
449.7,0.9405
449.72,0.93961
449.74,0.93871
449.76,0.9378
449.78,0.93689
449.8,0.93597
449.82,0.93505
449.84,0.93412
449.86,0.93318
449.88,0.93224
449.9,0.93129
449.92,0.93034
449.94,0.92938
449.96,0.92841
449.98,0.92744
450,0.92646
450.02,0.92548
450.05,0.92448
450.07,0.92349
450.09,0.92248
450.11,0.92148
450.13,0.92046
450.15,0.91944
450.17,0.91841
450.19,0.91738
450.21,0.91634
450.23,0.9153
450.25,0.91424
450.27,0.91319
450.29,0.91213
450.31,0.91106
450.33,0.90998
450.35,0.9089
450.37,0.90782
450.39,0.90673
450.41,0.90563
450.43,0.90453
450.45,0.90342
450.47,0.9023
450.49,0.90118
450.51,0.90006
450.53,0.89893
450.55,0.89779
450.57,0.89665
450.59,0.8955
450.61,0.89434
450.63,0.89318
450.65,0.89202
450.67,0.89085
450.69,0.88967
450.71,0.88849
450.73,0.8873
450.76,0.88611
450.78,0.88491
450.8,0.88371
450.82,0.8825
450.84,0.88129
450.86,0.88007
450.88,0.87884
450.9,0.87761
450.92,0.87638
450.94,0.87514
450.96,0.87389
450.98,0.87264
451,0.87138
451.02,0.87012
451.04,0.86886
451.06,0.86758
451.08,0.86631
451.1,0.86503
451.12,0.86374
451.14,0.86245
451.16,0.86115
451.18,0.85985
451.2,0.85854
451.22,0.85723
451.24,0.85591
451.26,0.85459
451.28,0.85326
451.3,0.85193
451.32,0.8506
451.35,0.84925
451.37,0.84791
451.39,0.84656
451.41,0.8452
451.43,0.84384
451.45,0.84248
451.47,0.84111
451.49,0.83973
451.51,0.83835
451.53,0.83697
451.55,0.83558
451.57,0.83419
451.59,0.83279
451.61,0.83139
451.63,0.82998
451.65,0.82857
451.67,0.82716
451.69,0.82574
451.71,0.82431
451.73,0.82288
451.75,0.82145
451.77,0.82001
451.79,0.81857
451.81,0.81713
451.83,0.81568
451.85,0.81422
451.88,0.81277
451.9,0.8113
451.92,0.80984
451.94,0.80837
451.96,0.80689
451.98,0.80541
452,0.80393
452.02,0.80244
452.04,0.80095
452.06,0.79946
452.08,0.79796
452.1,0.79646
452.12,0.79495
452.14,0.79344
452.16,0.79193
452.18,0.79041
452.2,0.78889
452.22,0.78736
452.24,0.78583
452.26,0.7843
452.28,0.78276
452.3,0.78122
452.32,0.77968
452.35,0.77813
452.37,0.77658
452.39,0.77503
452.41,0.77347
452.43,0.77191
452.45,0.77034
452.47,0.76878
452.49,0.7672
452.51,0.76563
452.53,0.76405
452.55,0.76247
452.57,0.76089
452.59,0.7593
452.61,0.75771
452.63,0.75611
452.65,0.75452
452.67,0.75292
452.69,0.75131
452.71,0.74971
452.73,0.7481
452.76,0.74648
452.78,0.74487
452.8,0.74325
452.82,0.74163
452.84,0.74
452.86,0.73838
452.88,0.73675
452.9,0.73511
452.92,0.73348
452.94,0.73184
452.96,0.7302
452.98,0.72856
453,0.72691
453.02,0.72526
453.04,0.72361
453.06,0.72196
453.08,0.7203
453.1,0.71864
453.12,0.71698
453.14,0.71531
453.17,0.71365
453.19,0.71198
453.21,0.71031
453.23,0.70863
453.25,0.70696
453.27,0.70528
453.29,0.7036
453.31,0.70192
453.33,0.70023
453.35,0.69855
453.37,0.69686
453.39,0.69517
453.41,0.69347
453.43,0.69178
453.45,0.69008
453.47,0.68838
453.49,0.68668
453.51,0.68498
453.54,0.68328
453.56,0.68157
453.58,0.67986
453.6,0.67815
453.62,0.67644
453.64,0.67473
453.66,0.67301
453.68,0.67129
453.7,0.66958
453.72,0.66786
453.74,0.66614
453.76,0.66441
453.78,0.66269
453.8,0.66096
453.82,0.65923
453.84,0.65751
453.86,0.65578
453.89,0.65404
453.91,0.65231
453.93,0.65058
453.95,0.64884
453.97,0.6471
453.99,0.64537
454.01,0.64363
454.03,0.64189
454.05,0.64015
454.07,0.6384
454.09,0.63666
454.11,0.63492
454.13,0.63317
454.15,0.63143
454.17,0.62968
454.19,0.62793
454.22,0.62618
454.24,0.62443
454.26,0.62268
454.28,0.62093
454.3,0.61918
454.32,0.61743
454.34,0.61567
454.36,0.61392
454.38,0.61216
454.4,0.61041
454.42,0.60865
454.44,0.6069
454.46,0.60514
454.48,0.60338
454.5,0.60162
454.52,0.59987
454.55,0.59811
454.57,0.59635
454.59,0.59459
454.61,0.59283
454.63,0.59107
454.65,0.58931
454.67,0.58755
454.69,0.58579
454.71,0.58403
454.73,0.58227
454.75,0.58051
454.77,0.57875
454.79,0.57699
454.81,0.57523
454.83,0.57347
454.86,0.5717
454.88,0.56994
454.9,0.56818
454.92,0.56642
454.94,0.56466
454.96,0.5629
454.98,0.56114
455,0.55939
455.02,0.55763
455.04,0.55587
455.06,0.55411
455.08,0.55235
455.1,0.55059
455.12,0.54884
455.15,0.54708
455.17,0.54532
455.19,0.54357
455.21,0.54181
455.23,0.54006
455.25,0.53831
455.27,0.53655
455.29,0.5348
455.31,0.53305
455.33,0.5313
455.35,0.52955
455.37,0.5278
455.39,0.52605
455.41,0.5243
455.44,0.52255
455.46,0.52081
455.48,0.51906
455.5,0.51732
455.52,0.51557
455.54,0.51383
455.56,0.51209
455.58,0.51035
455.6,0.50861
455.62,0.50687
455.64,0.50514
455.66,0.5034
455.68,0.50167
455.71,0.49993
455.73,0.4982
455.75,0.49647
455.77,0.49474
455.79,0.49301
455.81,0.49128
455.83,0.48956
455.85,0.48783
455.87,0.48611
455.89,0.48439
455.91,0.48267
455.93,0.48095
455.95,0.47923
455.98,0.47752
456,0.47581
456.02,0.47409
456.04,0.47238
456.06,0.47067
456.08,0.46897
456.1,0.46726
456.12,0.46556
456.14,0.46386
456.16,0.46215
456.18,0.46046
456.2,0.45876
456.23,0.45706
456.25,0.45537
456.27,0.45368
456.29,0.45199
456.31,0.4503
456.33,0.44862
456.35,0.44693
456.37,0.44525
456.39,0.44357
456.41,0.4419
456.43,0.44022
456.45,0.43855
456.48,0.43688
456.5,0.43521
456.52,0.43354
456.54,0.43188
456.56,0.43021
456.58,0.42855
456.6,0.4269
456.62,0.42524
456.64,0.42359
456.66,0.42194
456.68,0.42029
456.7,0.41864
456.73,0.417
456.75,0.41535
456.77,0.41372
456.79,0.41208
456.81,0.41044
456.83,0.40881
456.85,0.40718
456.87,0.40556
456.89,0.40393
456.91,0.40231
456.93,0.40069
456.95,0.39907
456.98,0.39746
457,0.39585
457.02,0.39424
457.04,0.39263
457.06,0.39103
457.08,0.38943
457.1,0.38783
457.12,0.38624
457.14,0.38464
457.16,0.38305
457.18,0.38147
457.21,0.37988
457.23,0.3783
457.25,0.37672
457.27,0.37515
457.29,0.37358
457.31,0.37201
457.33,0.37044
457.35,0.36887
457.37,0.36731
457.39,0.36576
457.41,0.3642
457.44,0.36265
457.46,0.3611
457.48,0.35955
457.5,0.35801
457.52,0.35647
457.54,0.35494
457.56,0.3534
457.58,0.35187
457.6,0.35034
457.62,0.34882
457.64,0.3473
457.67,0.34578
457.69,0.34427
457.71,0.34275
457.73,0.34125
457.75,0.33974
457.77,0.33824
457.79,0.33674
457.81,0.33525
457.83,0.33375
457.85,0.33227
457.88,0.33078
457.9,0.3293
457.92,0.32782
457.94,0.32635
457.96,0.32487
457.98,0.32341
458,0.32194
458.02,0.32048
458.04,0.31902
458.06,0.31757
458.09,0.31611
458.11,0.31467
458.13,0.31322
458.15,0.31178
458.17,0.31034
458.19,0.30891
458.21,0.30748
458.23,0.30605
458.25,0.30463
458.27,0.30321
458.3,0.3018
458.32,0.30038
458.34,0.29897
458.36,0.29757
458.38,0.29617
458.4,0.29477
458.42,0.29337
458.44,0.29198
458.46,0.2906
458.48,0.28921
458.51,0.28783
458.53,0.28646
458.55,0.28508
458.57,0.28372
458.59,0.28235
458.61,0.28099
458.63,0.27963
458.65,0.27828
458.67,0.27693
458.69,0.27558
458.72,0.27424
458.74,0.2729
458.76,0.27156
458.78,0.27023
458.8,0.26891
458.82,0.26758
458.84,0.26626
458.86,0.26495
458.88,0.26363
458.91,0.26232
458.93,0.26102
458.95,0.25972
458.97,0.25842
458.99,0.25713
459.01,0.25584
459.03,0.25455
459.05,0.25327
459.07,0.252
459.09,0.25072
459.12,0.24945
459.14,0.24819
459.16,0.24692
459.18,0.24567
459.2,0.24441
459.22,0.24316
459.24,0.24191
459.26,0.24067
459.28,0.23943
459.31,0.2382
459.33,0.23697
459.35,0.23574
459.37,0.23452
459.39,0.2333
459.41,0.23208
459.43,0.23087
459.45,0.22967
459.47,0.22846
459.5,0.22726
459.52,0.22607
459.54,0.22488
459.56,0.22369
459.58,0.22251
459.6,0.22133
459.62,0.22015
459.64,0.21898
459.66,0.21781
459.69,0.21665
459.71,0.21549
459.73,0.21433
459.75,0.21318
459.77,0.21204
459.79,0.21089
459.81,0.20975
459.83,0.20862
459.85,0.20749
459.88,0.20636
459.9,0.20524
459.92,0.20412
459.94,0.203
459.96,0.20189
459.98,0.20078
460,0.19968
460.02,0.19858
460.05,0.19748
460.07,0.19639
460.09,0.1953
460.11,0.19422
460.13,0.19314
460.15,0.19207
460.17,0.191
460.19,0.18993
460.21,0.18886
460.24,0.18781
460.26,0.18675
460.28,0.1857
460.3,0.18465
460.32,0.18361
460.34,0.18257
460.36,0.18153
460.38,0.1805
460.41,0.17947
460.43,0.17845
460.45,0.17743
460.47,0.17642
460.49,0.1754
460.51,0.1744
460.53,0.17339
460.55,0.17239
460.57,0.1714
460.6,0.17041
460.62,0.16942
460.64,0.16844
460.66,0.16746
460.68,0.16648
460.7,0.16551
460.72,0.16454
460.74,0.16358
460.77,0.16262
460.79,0.16166
460.81,0.16071
460.83,0.15976
460.85,0.15882
460.87,0.15788
460.89,0.15694
460.91,0.15601
460.94,0.15508
460.96,0.15415
460.98,0.15323
461,0.15232
461.02,0.1514
461.04,0.15049
461.06,0.14959
461.08,0.14869
461.11,0.14779
461.13,0.1469
461.15,0.14601
461.17,0.14512
461.19,0.14424
461.21,0.14336
461.23,0.14249
461.25,0.14162
461.28,0.14075
461.3,0.13989
461.32,0.13903
461.34,0.13817
461.36,0.13732
461.38,0.13648
461.4,0.13563
461.42,0.13479
461.45,0.13396
461.47,0.13312
461.49,0.1323
461.51,0.13147
461.53,0.13065
461.55,0.12983
461.57,0.12902
461.6,0.12821
461.62,0.1274
461.64,0.1266
461.66,0.1258
461.68,0.12501
461.7,0.12422
461.72,0.12343
461.74,0.12265
461.77,0.12187
461.79,0.12109
461.81,0.12032
461.83,0.11955
461.85,0.11878
461.87,0.11802
461.89,0.11726
461.92,0.11651
461.94,0.11576
461.96,0.11501
461.98,0.11427
462,0.11353
462.02,0.11279
462.04,0.11206
462.06,0.11133
462.09,0.1106
462.11,0.10988
462.13,0.10916
462.15,0.10845
462.17,0.10774
462.19,0.10703
462.21,0.10632
462.24,0.10562
462.26,0.10493
462.28,0.10423
462.3,0.10354
462.32,0.10285
462.34,0.10217
462.36,0.10149
462.38,0.10081
462.41,0.10014
462.43,0.099472
462.45,0.098806
462.47,0.098143
462.49,0.097484
462.51,0.096828
462.53,0.096175
462.56,0.095526
462.58,0.09488
462.6,0.094238
462.62,0.093599
462.64,0.092963
462.66,0.092331
462.68,0.091702
462.71,0.091076
462.73,0.090453
462.75,0.089834
462.77,0.089218
462.79,0.088606
462.81,0.087996
462.83,0.08739
462.86,0.086787
462.88,0.086188
462.9,0.085591
462.92,0.084998
462.94,0.084408
462.96,0.083822
462.98,0.083238
463.01,0.082658
463.03,0.082081
463.05,0.081507
463.07,0.080936
463.09,0.080368
463.11,0.079803
463.13,0.079242
463.16,0.078683
463.18,0.078128
463.2,0.077576
463.22,0.077027
463.24,0.076481
463.26,0.075938
463.28,0.075398
463.31,0.074861
463.33,0.074327
463.35,0.073796
463.37,0.073268
463.39,0.072743
463.41,0.072222
463.43,0.071703
463.46,0.071187
463.48,0.070674
463.5,0.070164
463.52,0.069657
463.54,0.069152
463.56,0.068651
463.59,0.068153
463.61,0.067657
463.63,0.067165
463.65,0.066675
463.67,0.066188
463.69,0.065704
463.71,0.065223
463.74,0.064745
463.76,0.064269
463.78,0.063796
463.8,0.063326
463.82,0.062859
463.84,0.062395
463.86,0.061933
463.89,0.061475
463.91,0.061018
463.93,0.060565
463.95,0.060114
463.97,0.059667
463.99,0.059221
464.02,0.058779
464.04,0.058339
464.06,0.057902
464.08,0.057467
464.1,0.057035
464.12,0.056606
464.14,0.056179
464.17,0.055755
464.19,0.055334
464.21,0.054915
464.23,0.054499
464.25,0.054085
464.27,0.053674
464.3,0.053266
464.32,0.05286
464.34,0.052456
464.36,0.052055
464.38,0.051657
464.4,0.051261
464.43,0.050867
464.45,0.050476
464.47,0.050088
464.49,0.049702
464.51,0.049318
464.53,0.048937
464.55,0.048558
464.58,0.048182
464.6,0.047808
464.62,0.047436
464.64,0.047067
464.66,0.0467
464.68,0.046336
464.71,0.045974
464.73,0.045614
464.75,0.045257
464.77,0.044901
464.79,0.044549
464.81,0.044198
464.84,0.04385
464.86,0.043504
464.88,0.04316
464.9,0.042819
464.92,0.042479
464.94,0.042142
464.96,0.041808
464.99,0.041475
465.01,0.041145
465.03,0.040817
465.05,0.040491
465.07,0.040167
465.09,0.039845
465.12,0.039526
465.14,0.039208
465.16,0.038893
465.18,0.03858
465.2,0.038269
465.22,0.03796
465.25,0.037653
465.27,0.037348
465.29,0.037046
465.31,0.036745
465.33,0.036447
465.35,0.03615
465.38,0.035855
465.4,0.035563
465.42,0.035272
465.44,0.034984
465.46,0.034697
465.48,0.034413
465.51,0.03413
465.53,0.03385
465.55,0.033571
465.57,0.033294
465.59,0.033019
465.61,0.032746
465.64,0.032475
465.66,0.032206
465.68,0.031939
465.7,0.031673
465.72,0.03141
465.74,0.031148
465.77,0.030889
465.79,0.030631
465.81,0.030374
465.83,0.03012
465.85,0.029867
465.87,0.029617
465.9,0.029368
465.92,0.029121
465.94,0.028875
465.96,0.028632
465.98,0.02839
466,0.028149
466.03,0.027911
466.05,0.027674
466.07,0.027439
466.09,0.027206
466.11,0.026974
466.14,0.026744
466.16,0.026516
466.18,0.02629
466.2,0.026065
466.22,0.025841
466.24,0.02562
466.27,0.0254
466.29,0.025181
466.31,0.024964
466.33,0.024749
466.35,0.024535
466.37,0.024323
466.4,0.024113
466.42,0.023904
466.44,0.023697
466.46,0.023491
466.48,0.023287
466.5,0.023084
466.53,0.022882
466.55,0.022683
466.57,0.022484
466.59,0.022288
466.61,0.022092
466.64,0.021899
466.66,0.021706
466.68,0.021515
466.7,0.021326
466.72,0.021138
466.74,0.020951
466.77,0.020766
466.79,0.020583
466.81,0.0204
466.83,0.020219
466.85,0.02004
466.88,0.019862
466.9,0.019685
466.92,0.019509
466.94,0.019335
466.96,0.019162
466.98,0.018991
467.01,0.018821
467.03,0.018652
467.05,0.018485
467.07,0.018319
467.09,0.018154
467.12,0.01799
467.14,0.017828
467.16,0.017667
467.18,0.017507
467.2,0.017349
467.22,0.017191
467.25,0.017035
467.27,0.016881
467.29,0.016727
467.31,0.016575
467.33,0.016423
467.36,0.016274
467.38,0.016125
467.4,0.015977
467.42,0.015831
467.44,0.015686
467.46,0.015542
467.49,0.015399
467.51,0.015257
467.53,0.015116
467.55,0.014977
467.57,0.014839
467.6,0.014701
467.62,0.014565
467.64,0.01443
467.66,0.014296
467.68,0.014163
467.7,0.014032
467.73,0.013901
467.75,0.013771
467.77,0.013643
467.79,0.013515
467.81,0.013389
467.84,0.013263
467.86,0.013139
467.88,0.013016
467.9,0.012893
467.92,0.012772
467.95,0.012652
467.97,0.012532
467.99,0.012414
468.01,0.012297
468.03,0.01218
468.06,0.012065
468.08,0.01195
468.1,0.011837
468.12,0.011724
468.14,0.011613
468.16,0.011502
468.19,0.011392
468.21,0.011284
468.23,0.011176
468.25,0.011069
468.27,0.010963
468.3,0.010857
468.32,0.010753
468.34,0.01065
468.36,0.010547
468.38,0.010445
468.41,0.010345
468.43,0.010245
468.45,0.010146
468.47,0.010047
468.49,0.0099501
468.52,0.0098535
468.54,0.0097578
468.56,0.0096629
468.58,0.0095688
468.6,0.0094756
468.63,0.0093831
468.65,0.0092915
468.67,0.0092006
468.69,0.0091105
468.71,0.0090212
468.74,0.0089327
468.76,0.008845
468.78,0.008758
468.8,0.0086718
468.82,0.0085863
468.85,0.0085016
468.87,0.0084176
468.89,0.0083344
468.91,0.0082519
468.93,0.0081701
468.96,0.0080891
468.98,0.0080087
469,0.0079291
469.02,0.0078502
469.04,0.007772
469.07,0.0076944
469.09,0.0076176
469.11,0.0075415
469.13,0.007466
469.15,0.0073912
469.18,0.0073171
469.2,0.0072436
469.22,0.0071708
469.24,0.0070986
469.26,0.0070271
469.29,0.0069563
469.31,0.0068861
469.33,0.0068165
469.35,0.0067475
469.37,0.0066792
469.4,0.0066115
469.42,0.0065444
469.44,0.0064779
469.46,0.006412
469.48,0.0063467
469.51,0.006282
469.53,0.006218
469.55,0.0061544
469.57,0.0060915
469.59,0.0060292
469.62,0.0059674
469.64,0.0059062
469.66,0.0058455
469.68,0.0057854
469.7,0.0057259
469.73,0.0056669
469.75,0.0056085
469.77,0.0055506
469.79,0.0054932
469.81,0.0054364
469.84,0.0053801
469.86,0.0053244
469.88,0.0052691
469.9,0.0052144
469.92,0.0051602
469.95,0.0051064
469.97,0.0050532
469.99,0.0050005
470.01,0.0049483
470.04,0.0048966
470.06,0.0048453
470.08,0.0047946
470.1,0.0047443
470.12,0.0046945
470.15,0.0046452
470.17,0.0045963
470.19,0.0045479
470.21,0.0045
470.23,0.0044525
470.26,0.0044055
470.28,0.0043589
470.3,0.0043128
470.32,0.0042671
470.34,0.0042218
470.37,0.004177
470.39,0.0041326
470.41,0.0040887
470.43,0.0040451
470.46,0.004002
470.48,0.0039593
470.5,0.003917
470.52,0.0038751
470.54,0.0038336
470.57,0.0037926
470.59,0.0037519
470.61,0.0037116
470.63,0.0036717
470.65,0.0036322
470.68,0.0035931
470.7,0.0035544
470.72,0.003516
470.74,0.0034781
470.77,0.0034404
470.79,0.0034032
470.81,0.0033663
470.83,0.0033298
470.85,0.0032937
470.88,0.0032579
470.9,0.0032225
470.92,0.0031874
470.94,0.0031526
470.97,0.0031182
470.99,0.0030842
471.01,0.0030505
471.03,0.0030171
471.05,0.002984
471.08,0.0029513
471.1,0.0029189
471.12,0.0028869
471.14,0.0028551
471.16,0.0028237
471.19,0.0027926
471.21,0.0027618
471.23,0.0027313
471.25,0.0027011
471.28,0.0026712
471.3,0.0026416
471.32,0.0026123
471.34,0.0025834
471.36,0.0025547
471.39,0.0025263
471.41,0.0024982
471.43,0.0024703
471.45,0.0024428
471.48,0.0024155
471.5,0.0023885
471.52,0.0023618
471.54,0.0023354
471.56,0.0023092
471.59,0.0022833
471.61,0.0022577
471.63,0.0022323
471.65,0.0022072
471.68,0.0021824
471.7,0.0021578
471.72,0.0021334
471.74,0.0021093
471.76,0.0020855
471.79,0.0020619
471.81,0.0020386
471.83,0.0020155
471.85,0.0019926
471.88,0.00197
471.9,0.0019476
471.92,0.0019254
471.94,0.0019035
471.97,0.0018818
471.99,0.0018603
472.01,0.0018391
472.03,0.001818
472.05,0.0017972
472.08,0.0017766
472.1,0.0017563
472.12,0.0017361
472.14,0.0017162
472.17,0.0016964
472.19,0.0016769
472.21,0.0016576
472.23,0.0016385
472.26,0.0016196
472.28,0.0016009
472.3,0.0015823
472.32,0.001564
472.34,0.0015459
472.37,0.001528
472.39,0.0015103
472.41,0.0014927
472.43,0.0014753
472.46,0.0014582
472.48,0.0014412
472.5,0.0014244
472.52,0.0014077
472.55,0.0013913
472.57,0.001375
472.59,0.0013589
472.61,0.001343
472.63,0.0013273
472.66,0.0013117
472.68,0.0012963
472.7,0.001281
472.72,0.001266
472.75,0.001251
472.77,0.0012363
472.79,0.0012217
472.81,0.0012073
472.84,0.001193
472.86,0.0011789
472.88,0.0011649
472.9,0.0011511
472.93,0.0011374
472.95,0.0011239
472.97,0.0011105
472.99,0.0010973
473.01,0.0010843
473.04,0.0010713
473.06,0.0010585
473.08,0.0010459
473.1,0.0010334
473.13,0.001021
473.15,0.0010088
473.17,0.0009967
473.19,0.00098474
473.22,0.00097291
473.24,0.00096122
473.26,0.00094965
473.28,0.00093822
473.31,0.00092691
473.33,0.00091572
473.35,0.00090466
473.37,0.00089373
473.4,0.00088292
473.42,0.00087223
473.44,0.00086166
473.46,0.0008512
473.48,0.00084087
473.51,0.00083065
473.53,0.00082055
473.55,0.00081056
473.57,0.00080068
473.6,0.00079092
473.62,0.00078126
473.64,0.00077172
473.66,0.00076228
473.69,0.00075295
473.71,0.00074372
473.73,0.00073461
473.75,0.00072559
473.78,0.00071668
473.8,0.00070787
473.82,0.00069916
473.84,0.00069055
473.87,0.00068203
473.89,0.00067362
473.91,0.0006653
473.93,0.00065708
473.96,0.00064895
473.98,0.00064091
474,0.00063297
474.02,0.00062512
474.05,0.00061736
474.07,0.00060969
474.09,0.00060211
474.11,0.00059461
474.14,0.00058721
474.16,0.00057989
474.18,0.00057265
474.2,0.0005655
474.23,0.00055843
474.25,0.00055144
474.27,0.00054453
474.29,0.00053771
474.32,0.00053096
474.34,0.0005243
474.36,0.00051771
474.38,0.0005112
474.41,0.00050476
474.43,0.0004984
474.45,0.00049212
474.47,0.00048591
474.5,0.00047977
474.52,0.0004737
474.54,0.00046771
474.56,0.00046178
474.59,0.00045593
474.61,0.00045015
474.63,0.00044443
474.65,0.00043878
474.68,0.0004332
474.7,0.00042769
474.72,0.00042224
474.74,0.00041685
474.77,0.00041153
474.79,0.00040628
474.81,0.00040108
474.83,0.00039595
474.86,0.00039088
474.88,0.00038587
474.9,0.00038092
474.92,0.00037603
474.95,0.0003712
474.97,0.00036642
474.99,0.00036171
475.01,0.00035705
475.04,0.00035244
475.06,0.0003479
475.08,0.0003434
475.1,0.00033896
475.13,0.00033458
475.15,0.00033025
475.17,0.00032597
475.19,0.00032174
475.22,0.00031756
475.24,0.00031344
475.26,0.00030936
475.29,0.00030533
475.31,0.00030136
475.33,0.00029743
475.35,0.00029355
475.38,0.00028972
475.4,0.00028593
475.42,0.00028219
475.44,0.0002785
475.47,0.00027485
475.49,0.00027124
475.51,0.00026769
475.53,0.00026417
475.56,0.0002607
475.58,0.00025727
475.6,0.00025388
475.62,0.00025054
475.65,0.00024723
475.67,0.00024397
475.69,0.00024075
475.71,0.00023756
475.74,0.00023442
475.76,0.00023131
475.78,0.00022825
475.81,0.00022522
475.83,0.00022223
475.85,0.00021928
475.87,0.00021636
475.9,0.00021348
475.92,0.00021064
475.94,0.00020783
475.96,0.00020506
475.99,0.00020232
476.01,0.00019962
476.03,0.00019695
476.05,0.00019431
476.08,0.00019171
476.1,0.00018914
476.12,0.0001866
476.15,0.0001841
476.17,0.00018162
476.19,0.00017918
476.21,0.00017677
476.24,0.00017439
476.26,0.00017204
476.28,0.00016972
476.3,0.00016742
476.33,0.00016516
476.35,0.00016293
476.37,0.00016072
476.39,0.00015854
476.42,0.00015639
476.44,0.00015427
476.46,0.00015218
476.49,0.00015011
476.51,0.00014807
476.53,0.00014605
476.55,0.00014406
476.58,0.0001421
476.6,0.00014016
476.62,0.00013824
476.64,0.00013636
476.67,0.00013449
476.69,0.00013265
476.71,0.00013083
476.74,0.00012904
476.76,0.00012727
476.78,0.00012552
476.8,0.00012379
476.83,0.00012209
476.85,0.00012041
476.87,0.00011875
476.89,0.00011712
476.92,0.0001155
476.94,0.0001139
476.96,0.00011233
476.99,0.00011078
477.01,0.00010924
477.03,0.00010773
477.05,0.00010624
477.08,0.00010476
477.1,0.00010331
477.12,0.00010187
477.14,0.00010046
477.17,9.9058e-05
477.19,9.7678e-05
477.21,9.6316e-05
477.24,9.4973e-05
477.26,9.3647e-05
477.28,9.2338e-05
477.3,9.1047e-05
477.33,8.9773e-05
477.35,8.8516e-05
477.37,8.7275e-05
477.4,8.6051e-05
477.42,8.4843e-05
477.44,8.3651e-05
477.46,8.2475e-05
477.49,8.1315e-05
477.51,8.017e-05
477.53,7.904e-05
477.55,7.7925e-05
477.58,7.6826e-05
477.6,7.574e-05
477.62,7.467e-05
477.65,7.3614e-05
477.67,7.2571e-05
477.69,7.1543e-05
477.71,7.0529e-05
477.74,6.9528e-05
477.76,6.8541e-05
477.78,6.7567e-05
477.81,6.6606e-05
477.83,6.5658e-05
477.85,6.4723e-05
477.87,6.38e-05
477.9,6.289e-05
477.92,6.1992e-05
477.94,6.1106e-05
477.97,6.0233e-05
477.99,5.9371e-05
478.01,5.852e-05
478.03,5.7682e-05
478.06,5.6855e-05
478.08,5.6039e-05
478.1,5.5234e-05
478.13,5.444e-05
478.15,5.3657e-05
478.17,5.2884e-05
478.19,5.2122e-05
478.22,5.1371e-05
478.24,5.063e-05
478.26,4.9898e-05
478.29,4.9177e-05
478.31,4.8466e-05
478.33,4.7765e-05
478.35,4.7073e-05
478.38,4.6391e-05
478.4,4.5718e-05
478.42,4.5054e-05
478.45,4.44e-05
478.47,4.3754e-05
478.49,4.3118e-05
478.51,4.249e-05
478.54,4.1871e-05
478.56,4.126e-05
478.58,4.0658e-05
478.61,4.0065e-05
478.63,3.9479e-05
478.65,3.8902e-05
478.68,3.8333e-05
478.7,3.7771e-05
478.72,3.7218e-05
478.74,3.6672e-05
478.77,3.6133e-05
478.79,3.5603e-05
478.81,3.5079e-05
478.84,3.4563e-05
478.86,3.4054e-05
478.88,3.3553e-05
478.9,3.3058e-05
478.93,3.257e-05
478.95,3.2089e-05
478.97,3.1615e-05
479,3.1148e-05
479.02,3.0687e-05
479.04,3.0232e-05
479.06,2.9784e-05
479.09,2.9343e-05
479.11,2.8907e-05
479.13,2.8478e-05
479.16,2.8054e-05
479.18,2.7637e-05
479.2,2.7226e-05
479.23,2.682e-05
479.25,2.6421e-05
479.27,2.6026e-05
479.29,2.5638e-05
479.32,2.5255e-05
479.34,2.4877e-05
479.36,2.4505e-05
479.39,2.4138e-05
479.41,2.3777e-05
479.43,2.342e-05
479.46,2.3069e-05
479.48,2.2722e-05
479.5,2.2381e-05
479.52,2.2044e-05
479.55,2.1713e-05
479.57,2.1386e-05
479.59,2.1064e-05
479.62,2.0746e-05
479.64,2.0433e-05
479.66,2.0124e-05
479.69,1.982e-05
479.71,1.952e-05
479.73,1.9225e-05
479.75,1.8934e-05
479.78,1.8647e-05
479.8,1.8364e-05
479.82,1.8085e-05
479.85,1.7811e-05
479.87,1.754e-05
479.89,1.7273e-05
479.92,1.701e-05
479.94,1.6751e-05
479.96,1.6496e-05
479.98,1.6244e-05
480.01,1.5996e-05
480.03,1.5752e-05
480.05,1.5511e-05
480.08,1.5274e-05
480.1,1.504e-05
480.12,1.481e-05
480.15,1.4583e-05
480.17,1.4359e-05
480.19,1.4139e-05
480.22,1.3922e-05
480.24,1.3708e-05
480.26,1.3497e-05
480.28,1.3289e-05
480.31,1.3084e-05
480.33,1.2883e-05
480.35,1.2684e-05
480.38,1.2488e-05
480.4,1.2295e-05
480.42,1.2105e-05
480.45,1.1918e-05
480.47,1.1733e-05
480.49,1.1552e-05
480.52,1.1373e-05
480.54,1.1196e-05
480.56,1.1022e-05
480.58,1.0851e-05
480.61,1.0683e-05
480.63,1.0516e-05
480.65,1.0353e-05
480.68,1.0191e-05
480.7,1.0033e-05
480.72,9.876e-06
480.75,9.7219e-06
480.77,9.57e-06
480.79,9.4205e-06
480.82,9.2731e-06
480.84,9.128e-06
480.86,8.985e-06
480.88,8.8442e-06
480.91,8.7055e-06
480.93,8.5688e-06
480.95,8.4342e-06
480.98,8.3017e-06
481,8.1711e-06
481.02,8.0425e-06
481.05,7.9159e-06
481.07,7.7911e-06
481.09,7.6682e-06
481.12,7.5472e-06
481.14,7.428e-06
481.16,7.3107e-06
481.19,7.1951e-06
481.21,7.0812e-06
481.23,6.9691e-06
481.26,6.8586e-06
481.28,6.7499e-06
481.3,6.6428e-06
481.32,6.5373e-06
481.35,6.4334e-06
481.37,6.3312e-06
481.39,6.2304e-06
481.42,6.1312e-06
481.44,6.0336e-06
481.46,5.9374e-06
481.49,5.8426e-06
481.51,5.7494e-06
481.53,5.6575e-06
481.56,5.5671e-06
481.58,5.478e-06
481.6,5.3904e-06
481.63,5.304e-06
481.65,5.219e-06
481.67,5.1353e-06
481.7,5.0529e-06
481.72,4.9717e-06
481.74,4.8918e-06
481.77,4.8132e-06
481.79,4.7357e-06
481.81,4.6594e-06
481.83,4.5844e-06
481.86,4.5104e-06
481.88,4.4377e-06
481.9,4.366e-06
481.93,4.2955e-06
481.95,4.226e-06
481.97,4.1577e-06
482,4.0904e-06
482.02,4.0241e-06
482.04,3.9589e-06
482.07,3.8946e-06
482.09,3.8314e-06
482.11,3.7692e-06
482.14,3.7079e-06
482.16,3.6476e-06
482.18,3.5883e-06
482.21,3.5298e-06
482.23,3.4723e-06
482.25,3.4157e-06
482.28,3.36e-06
482.3,3.3051e-06
482.32,3.2511e-06
482.35,3.198e-06
482.37,3.1456e-06
482.39,3.0941e-06
482.42,3.0435e-06
482.44,2.9936e-06
482.46,2.9445e-06
482.49,2.8961e-06
482.51,2.8486e-06
482.53,2.8018e-06
482.56,2.7557e-06
482.58,2.7103e-06
482.6,2.6657e-06
482.63,2.6218e-06
482.65,2.5786e-06
482.67,2.536e-06
482.7,2.4942e-06
482.72,2.453e-06
482.74,2.4124e-06
482.77,2.3725e-06
482.79,2.3332e-06
482.81,2.2946e-06
482.84,2.2566e-06
482.86,2.2191e-06
482.88,2.1823e-06
482.91,2.1461e-06
482.93,2.1104e-06
482.95,2.0753e-06
482.98,2.0408e-06
483,2.0068e-06
483.02,1.9734e-06
483.05,1.9405e-06
483.07,1.9082e-06
483.09,1.8763e-06
483.12,1.845e-06
483.14,1.8142e-06
483.16,1.7838e-06
483.19,1.754e-06
483.21,1.7246e-06
483.23,1.6957e-06
483.26,1.6673e-06
483.28,1.6393e-06
483.3,1.6118e-06
483.33,1.5847e-06
483.35,1.5581e-06
483.37,1.5319e-06
483.4,1.5061e-06
483.42,1.4808e-06
483.44,1.4558e-06
483.47,1.4313e-06
483.49,1.4071e-06
483.51,1.3834e-06
483.54,1.36e-06
483.56,1.337e-06
483.58,1.3144e-06
483.61,1.2922e-06
483.63,1.2703e-06
483.65,1.2488e-06
483.68,1.2276e-06
483.7,1.2068e-06
483.72,1.1863e-06
483.75,1.1662e-06
483.77,1.1464e-06
483.79,1.1269e-06
483.82,1.1077e-06
483.84,1.0888e-06
483.86,1.0703e-06
483.89,1.052e-06
483.91,1.0341e-06
483.93,1.0164e-06
483.96,9.9908e-07
483.98,9.8201e-07
484,9.6521e-07
484.03,9.487e-07
484.05,9.3246e-07
484.07,9.1649e-07
484.1,9.0078e-07
484.12,8.8533e-07
484.14,8.7013e-07
484.17,8.5519e-07
484.19,8.405e-07
484.21,8.2605e-07
484.24,8.1184e-07
484.26,7.9786e-07
484.28,7.8412e-07
484.31,7.7061e-07
484.33,7.5732e-07
484.36,7.4425e-07
484.38,7.314e-07
484.4,7.1877e-07
484.43,7.0634e-07
484.45,6.9412e-07
484.47,6.8211e-07
484.5,6.703e-07
484.52,6.5868e-07
484.54,6.4726e-07
484.57,6.3603e-07
484.59,6.2499e-07
484.61,6.1414e-07
484.64,6.0347e-07
484.66,5.9297e-07
484.68,5.8265e-07
484.71,5.7251e-07
484.73,5.6254e-07
484.75,5.5273e-07
484.78,5.4309e-07
484.8,5.3361e-07
484.82,5.243e-07
484.85,5.1514e-07
484.87,5.0613e-07
484.9,4.9728e-07
484.92,4.8857e-07
484.94,4.8002e-07
484.97,4.7161e-07
484.99,4.6334e-07
485.01,4.5521e-07
485.04,4.4722e-07
485.06,4.3936e-07
485.08,4.3164e-07
485.11,4.2405e-07
485.13,4.1659e-07
485.15,4.0926e-07
485.18,4.0205e-07
485.2,3.9496e-07
485.22,3.88e-07
485.25,3.8115e-07
485.27,3.7442e-07
485.3,3.6781e-07
485.32,3.6131e-07
485.34,3.5492e-07
485.37,3.4864e-07
485.39,3.4246e-07
485.41,3.364e-07
485.44,3.3043e-07
485.46,3.2457e-07
485.48,3.1881e-07
485.51,3.1315e-07
485.53,3.0759e-07
485.55,3.0212e-07
485.58,2.9675e-07
485.6,2.9147e-07
485.63,2.8628e-07
485.65,2.8118e-07
485.67,2.7616e-07
485.7,2.7124e-07
485.72,2.664e-07
485.74,2.6164e-07
485.77,2.5697e-07
485.79,2.5237e-07
485.81,2.4786e-07
485.84,2.4342e-07
485.86,2.3906e-07
485.89,2.3478e-07
485.91,2.3057e-07
485.93,2.2644e-07
485.96,2.2237e-07
485.98,2.1838e-07
486,2.1446e-07
486.03,2.106e-07
486.05,2.0681e-07
486.07,2.0309e-07
486.1,1.9943e-07
486.12,1.9584e-07
486.14,1.9231e-07
486.17,1.8884e-07
486.19,1.8544e-07
486.22,1.8209e-07
486.24,1.788e-07
486.26,1.7557e-07
486.29,1.7239e-07
486.31,1.6927e-07
486.33,1.6621e-07
486.36,1.632e-07
486.38,1.6024e-07
486.4,1.5734e-07
486.43,1.5448e-07
486.45,1.5168e-07
486.48,1.4892e-07
486.5,1.4622e-07
486.52,1.4356e-07
486.55,1.4095e-07
486.57,1.3838e-07
486.59,1.3586e-07
486.62,1.3339e-07
486.64,1.3095e-07
486.67,1.2857e-07
486.69,1.2622e-07
486.71,1.2392e-07
486.74,1.2165e-07
486.76,1.1943e-07
486.78,1.1724e-07
486.81,1.151e-07
486.83,1.1299e-07
486.85,1.1092e-07
486.88,1.0889e-07
486.9,1.0689e-07
486.93,1.0493e-07
486.95,1.0301e-07
486.97,1.0112e-07
487,9.9259e-08
487.02,9.7434e-08
487.04,9.5643e-08
487.07,9.3883e-08
487.09,9.2155e-08
487.12,9.0457e-08
487.14,8.879e-08
487.16,8.7153e-08
487.19,8.5546e-08
487.21,8.3967e-08
487.23,8.2417e-08
487.26,8.0894e-08
487.28,7.9399e-08
487.31,7.7931e-08
487.33,7.6489e-08
487.35,7.5073e-08
487.38,7.3683e-08
487.4,7.2318e-08
487.42,7.0977e-08
487.45,6.9661e-08
487.47,6.8368e-08
487.5,6.7099e-08
487.52,6.5852e-08
487.54,6.4629e-08
487.57,6.3427e-08
487.59,6.2247e-08
487.61,6.1089e-08
487.64,5.9952e-08
487.66,5.8835e-08
487.69,5.7738e-08
487.71,5.6662e-08
487.73,5.5605e-08
487.76,5.4567e-08
487.78,5.3548e-08
487.8,5.2548e-08
487.83,5.1566e-08
487.85,5.0601e-08
487.88,4.9655e-08
487.9,4.8725e-08
487.92,4.7813e-08
487.95,4.6917e-08
487.97,4.6038e-08
488,4.5175e-08
488.02,4.4327e-08
488.04,4.3495e-08
488.07,4.2679e-08
488.09,4.1877e-08
488.11,4.109e-08
488.14,4.0317e-08
488.16,3.9559e-08
488.19,3.8815e-08
488.21,3.8084e-08
488.23,3.7366e-08
488.26,3.6662e-08
488.28,3.5971e-08
488.31,3.5293e-08
488.33,3.4627e-08
488.35,3.3973e-08
488.38,3.3331e-08
488.4,3.2702e-08
488.42,3.2083e-08
488.45,3.1477e-08
488.47,3.0881e-08
488.5,3.0297e-08
488.52,2.9723e-08
488.54,2.916e-08
488.57,2.8607e-08
488.59,2.8065e-08
488.62,2.7533e-08
488.64,2.701e-08
488.66,2.6498e-08
488.69,2.5994e-08
488.71,2.55e-08
488.73,2.5016e-08
488.76,2.454e-08
488.78,2.4073e-08
488.81,2.3615e-08
488.83,2.3166e-08
488.85,2.2724e-08
488.88,2.2291e-08
488.9,2.1866e-08
488.93,2.1449e-08
488.95,2.104e-08
488.97,2.0639e-08
489,2.0245e-08
489.02,1.9858e-08
489.05,1.9479e-08
489.07,1.9106e-08
489.09,1.8741e-08
489.12,1.8383e-08
489.14,1.8031e-08
489.16,1.7686e-08
489.19,1.7347e-08
489.21,1.7015e-08
489.24,1.6689e-08
489.26,1.6369e-08
489.28,1.6055e-08
489.31,1.5747e-08
489.33,1.5444e-08
489.36,1.5148e-08
489.38,1.4857e-08
489.4,1.4571e-08
489.43,1.4291e-08
489.45,1.4017e-08
489.48,1.3747e-08
489.5,1.3482e-08
489.52,1.3223e-08
489.55,1.2968e-08
489.57,1.2719e-08
489.6,1.2473e-08
489.62,1.2233e-08
489.64,1.1997e-08
489.67,1.1766e-08
489.69,1.1539e-08
489.72,1.1316e-08
489.74,1.1098e-08
489.76,1.0883e-08
489.79,1.0673e-08
489.81,1.0467e-08
489.84,1.0264e-08
489.86,1.0066e-08
489.88,9.8711e-09
489.91,9.6801e-09
489.93,9.4928e-09
489.96,9.309e-09
489.98,9.1287e-09
490,8.9518e-09
490.03,8.7783e-09
490.05,8.6082e-09
490.08,8.4412e-09
490.1,8.2775e-09
490.12,8.1169e-09
490.15,7.9594e-09
490.17,7.8048e-09
490.2,7.6533e-09
490.22,7.5046e-09
490.24,7.3588e-09
490.27,7.2158e-09
490.29,7.0755e-09
490.32,6.9379e-09
490.34,6.803e-09
490.36,6.6706e-09
490.39,6.5408e-09
490.41,6.4135e-09
490.44,6.2886e-09
490.46,6.1661e-09
490.48,6.046e-09
490.51,5.9282e-09
490.53,5.8127e-09
490.56,5.6994e-09
490.58,5.5882e-09
490.6,5.4792e-09
490.63,5.3723e-09
490.65,5.2675e-09
490.68,5.1647e-09
490.7,5.0639e-09
490.73,4.965e-09
490.75,4.8681e-09
490.77,4.773e-09
490.8,4.6797e-09
490.82,4.5883e-09
490.85,4.4986e-09
490.87,4.4107e-09
490.89,4.3244e-09
490.92,4.2399e-09
490.94,4.1569e-09
490.97,4.0756e-09
490.99,3.9959e-09
491.01,3.9177e-09
491.04,3.841e-09
491.06,3.7658e-09
491.09,3.692e-09
491.11,3.6197e-09
491.14,3.5489e-09
491.16,3.4793e-09
491.18,3.4112e-09
491.21,3.3443e-09
491.23,3.2788e-09
491.26,3.2145e-09
491.28,3.1515e-09
491.3,3.0897e-09
491.33,3.0291e-09
491.35,2.9697e-09
491.38,2.9115e-09
491.4,2.8544e-09
491.42,2.7984e-09
491.45,2.7435e-09
491.47,2.6897e-09
491.5,2.6369e-09
491.52,2.5851e-09
491.55,2.5344e-09
491.57,2.4847e-09
491.59,2.4359e-09
491.62,2.3881e-09
491.64,2.3412e-09
491.67,2.2952e-09
491.69,2.2502e-09
491.71,2.206e-09
491.74,2.1627e-09
491.76,2.1202e-09
491.79,2.0786e-09
491.81,2.0377e-09
491.84,1.9977e-09
491.86,1.9585e-09
491.88,1.92e-09
491.91,1.8823e-09
491.93,1.8453e-09
491.96,1.8091e-09
491.98,1.7736e-09
492,1.7387e-09
492.03,1.7046e-09
492.05,1.6711e-09
492.08,1.6383e-09
492.1,1.6061e-09
492.13,1.5746e-09
492.15,1.5436e-09
492.17,1.5133e-09
492.2,1.4836e-09
492.22,1.4545e-09
492.25,1.4259e-09
492.27,1.3979e-09
492.3,1.3705e-09
492.32,1.3436e-09
492.34,1.3172e-09
492.37,1.2913e-09
492.39,1.266e-09
492.42,1.2411e-09
492.44,1.2168e-09
492.47,1.1929e-09
492.49,1.1695e-09
492.51,1.1466e-09
492.54,1.1241e-09
492.56,1.102e-09
492.59,1.0804e-09
492.61,1.0592e-09
492.64,1.0385e-09
492.66,1.0181e-09
492.68,9.9816e-10
492.71,9.786e-10
492.73,9.5943e-10
492.76,9.4064e-10
492.78,9.2221e-10
492.81,9.0415e-10
492.83,8.8645e-10
492.85,8.691e-10
492.88,8.5209e-10
492.9,8.3542e-10
492.93,8.1908e-10
492.95,8.0306e-10
492.98,7.8736e-10
493,7.7197e-10
493.02,7.5688e-10
493.05,7.4209e-10
493.07,7.2759e-10
493.1,7.1338e-10
493.12,6.9946e-10
493.15,6.858e-10
493.17,6.7242e-10
493.19,6.5931e-10
493.22,6.4645e-10
493.24,6.3385e-10
493.27,6.2149e-10
493.29,6.0938e-10
493.32,5.9751e-10
493.34,5.8588e-10
493.36,5.7448e-10
493.39,5.633e-10
493.41,5.5234e-10
493.44,5.416e-10
493.46,5.3107e-10
493.49,5.2076e-10
493.51,5.1064e-10
493.53,5.0073e-10
493.56,4.9101e-10
493.58,4.8149e-10
493.61,4.7215e-10
493.63,4.63e-10
493.66,4.5403e-10
493.68,4.4523e-10
493.71,4.3661e-10
493.73,4.2817e-10
493.75,4.1988e-10
493.78,4.1177e-10
493.8,4.0381e-10
493.83,3.9601e-10
493.85,3.8837e-10
493.88,3.8087e-10
493.9,3.7353e-10
493.92,3.6633e-10
493.95,3.5927e-10
493.97,3.5235e-10
494,3.4557e-10
494.02,3.3892e-10
494.05,3.3241e-10
494.07,3.2602e-10
494.1,3.1976e-10
494.12,3.1362e-10
494.14,3.0761e-10
494.17,3.0171e-10
494.19,2.9593e-10
494.22,2.9027e-10
494.24,2.8471e-10
494.27,2.7927e-10
494.29,2.7393e-10
494.32,2.687e-10
494.34,2.6357e-10
494.36,2.5854e-10
494.39,2.5361e-10
494.41,2.4878e-10
494.44,2.4405e-10
494.46,2.394e-10
494.49,2.3485e-10
494.51,2.3039e-10
494.54,2.2602e-10
494.56,2.2173e-10
494.58,2.1753e-10
494.61,2.1341e-10
494.63,2.0937e-10
494.66,2.0541e-10
494.68,2.0153e-10
494.71,1.9772e-10
494.73,1.9399e-10
494.76,1.9033e-10
494.78,1.8674e-10
494.8,1.8323e-10
494.83,1.7978e-10
494.85,1.764e-10
494.88,1.7309e-10
494.9,1.6984e-10
494.93,1.6666e-10
494.95,1.6354e-10
494.98,1.6048e-10
495,1.5748e-10
495.02,1.5453e-10
495.05,1.5165e-10
495.07,1.4882e-10
495.1,1.4605e-10
495.12,1.4333e-10
495.15,1.4066e-10
495.17,1.3805e-10
495.2,1.3549e-10
495.22,1.3297e-10
495.25,1.3051e-10
495.27,1.2809e-10
495.29,1.2573e-10
495.32,1.234e-10
495.34,1.2113e-10
495.37,1.1889e-10
495.39,1.167e-10
495.42,1.1455e-10
495.44,1.1245e-10
495.47,1.1038e-10
495.49,1.0836e-10
495.52,1.0637e-10
495.54,1.0443e-10
495.56,1.0252e-10
495.59,1.0064e-10
495.61,9.8807e-11
495.64,9.7006e-11
495.66,9.524e-11
495.69,9.3508e-11
495.71,9.1809e-11
495.74,9.0143e-11
495.76,8.8509e-11
495.79,8.6906e-11
495.81,8.5334e-11
495.83,8.3793e-11
495.86,8.2281e-11
495.88,8.0798e-11
495.91,7.9343e-11
495.93,7.7917e-11
495.96,7.6517e-11
495.98,7.5145e-11
496.01,7.3798e-11
496.03,7.2478e-11
496.06,7.1182e-11
496.08,6.9911e-11
496.11,6.8665e-11
496.13,6.7442e-11
496.15,6.6243e-11
496.18,6.5066e-11
496.2,6.3912e-11
496.23,6.2779e-11
496.25,6.1668e-11
496.28,6.0578e-11
496.3,5.9509e-11
496.33,5.846e-11
496.35,5.7431e-11
496.38,5.6421e-11
496.4,5.543e-11
496.43,5.4458e-11
496.45,5.3504e-11
496.48,5.2569e-11
496.5,5.165e-11
496.52,5.075e-11
496.55,4.9865e-11
496.57,4.8998e-11
496.6,4.8147e-11
496.62,4.7311e-11
496.65,4.6492e-11
496.67,4.5687e-11
496.7,4.4898e-11
496.72,4.4123e-11
496.75,4.3363e-11
496.77,4.2617e-11
496.8,4.1885e-11
496.82,4.1166e-11
496.85,4.0461e-11
496.87,3.9768e-11
496.89,3.9089e-11
496.92,3.8422e-11
496.94,3.7767e-11
496.97,3.7125e-11
496.99,3.6494e-11
497.02,3.5875e-11
497.04,3.5267e-11
497.07,3.4671e-11
497.09,3.4085e-11
497.12,3.351e-11
497.14,3.2946e-11
497.17,3.2392e-11
497.19,3.1848e-11
497.22,3.1314e-11
497.24,3.0789e-11
497.27,3.0275e-11
497.29,2.9769e-11
497.31,2.9273e-11
497.34,2.8786e-11
497.36,2.8307e-11
497.39,2.7838e-11
497.41,2.7376e-11
497.44,2.6923e-11
497.46,2.6478e-11
497.49,2.6042e-11
497.51,2.5613e-11
497.54,2.5191e-11
497.56,2.4778e-11
497.59,2.4371e-11
497.61,2.3972e-11
497.64,2.358e-11
497.66,2.3195e-11
497.69,2.2817e-11
497.71,2.2446e-11
497.74,2.2081e-11
497.76,2.1723e-11
497.78,2.1371e-11
497.81,2.1025e-11
497.83,2.0685e-11
497.86,2.0352e-11
497.88,2.0024e-11
497.91,1.9702e-11
497.93,1.9385e-11
497.96,1.9075e-11
497.98,1.8769e-11
498.01,1.8469e-11
498.03,1.8174e-11
498.06,1.7885e-11
498.08,1.76e-11
498.11,1.7321e-11
498.13,1.7046e-11
498.16,1.6776e-11
498.18,1.651e-11
498.21,1.625e-11
498.23,1.5993e-11
498.26,1.5741e-11
498.28,1.5494e-11
498.31,1.5251e-11
498.33,1.5012e-11
498.36,1.4777e-11
498.38,1.4546e-11
498.41,1.4319e-11
498.43,1.4095e-11
498.45,1.3876e-11
498.48,1.366e-11
498.5,1.3448e-11
498.53,1.324e-11
498.55,1.3035e-11
498.58,1.2834e-11
498.6,1.2636e-11
498.63,1.2441e-11
498.65,1.225e-11
498.68,1.2062e-11
498.7,1.1877e-11
498.73,1.1695e-11
498.75,1.1516e-11
498.78,1.134e-11
498.8,1.1167e-11
498.83,1.0997e-11
498.85,1.083e-11
498.88,1.0665e-11
498.9,1.0503e-11
498.93,1.0344e-11
498.95,1.0188e-11
498.98,1.0034e-11
499,9.8828e-12
499.03,9.7339e-12
499.05,9.5875e-12
499.08,9.4435e-12
499.1,9.3019e-12
499.13,9.1625e-12
499.15,9.0255e-12
499.18,8.8907e-12
499.2,8.758e-12
499.23,8.6275e-12
499.25,8.4992e-12
499.28,8.3729e-12
499.3,8.2486e-12
499.33,8.1264e-12
499.35,8.0061e-12
499.38,7.8877e-12
499.4,7.7713e-12
499.43,7.6567e-12
499.45,7.544e-12
499.48,7.433e-12
499.5,7.3238e-12
499.53,7.2164e-12
499.55,7.1107e-12
499.58,7.0066e-12
499.6,6.9042e-12
499.63,6.8034e-12
499.65,6.7042e-12
499.68,6.6066e-12
499.7,6.5105e-12
499.73,6.416e-12
499.75,6.3229e-12
499.78,6.2312e-12
499.8,6.141e-12
499.83,6.0522e-12
499.85,5.9648e-12
499.88,5.8788e-12
499.9,5.7941e-12
499.93,5.7107e-12
499.95,5.6286e-12
499.98,5.5478e-12
500,5.4682e-12
