aa3 red 560 ma new dithio 2+50ps
Measured: 2015 06 30, scan  average, of 5+5 scans
Wavelength explicit
Intervalnr 100
400.6 401.6 402.6 403.6 404.6 405.59 406.59 407.59 408.59 409.58 410.58 411.58 412.58 413.58 414.57 415.57 416.57 417.57 418.57 419.56 420.56 421.56 422.56 423.56 424.55 425.55 426.55 427.55 428.55 429.54 430.54 431.54 432.54 433.54 434.53 435.53 436.53 437.53 438.53 439.52 440.52 441.52 442.52 443.51 444.51 445.51 446.51 447.51 448.5 449.5 450.5 451.5 452.5 453.5 454.49 455.49 456.49 457.49 458.49 459.48 460.48 461.48 462.48 463.47 464.47 465.47 466.47 467.47 468.46 469.46 470.46 471.46 472.46 473.45 474.45 475.45 476.45 477.45 478.44 479.44 480.44 481.44 482.44 483.43 484.43 485.43 486.43 487.43 488.42 489.42 490.42 491.42 492.42 493.41 494.41 495.41 496.41 497.4 498.4 499.4
-1 0 0 0 0 0 0 0 0 0 0 0 0 0 0 0 0 0 0 0 0 0 0 0 0 0 0 0 0 0 0 0 0 0 0 0 0 0 0 0 0 0 0 0 0 0 0 0 0 0 0 0 0 0 0 0 0 0 0 0 0 0 0 0 0 0 0 0 0 0 0 0 0 0 0 0 0 0 0 0 0 0 0 0 0 0 0 0 0 0 0 0 0 0 0 0 0 0 0 0 0
-0.91667 -0.00032195 -0.00029037 -0.00029523 -0.00027045 -0.00029862 -0.00025956 -0.00012592 -0.00012127 -8.9925e-05 -1.9852e-05 -4.1719e-05 3.9442e-05 -3.2491e-05 1.2193e-05 4.0485e-06 2.0268e-05 -7.9242e-05 -4.1096e-05 -4.4703e-05 -8.3589e-05 -0.00015967 -0.0002494 -0.00027483 -0.00023058 -0.00023506 -0.0001712 -0.0002266 -0.00013113 -8.8444e-05 -8.1173e-05 -6.0907e-05 4.8476e-05 0.0001106 0.00013872 0.00022456 0.00022172 0.00039117 0.00038282 0.00038774 0.00029952 0.00046117 0.000358 0.00046999 0.00040719 0.00033196 0.00035718 0.00027398 0.00014893 9.9223e-05 2.0061e-05 1.0834e-05 -1.5058e-05 -0.00011669 -0.00015341 -0.0002537 -0.00022865 -0.00013752 -0.00012494 -6.0521e-05 -6.0969e-05 -2.3306e-05 3.6168e-05 8.2772e-05 5.8663e-05 9.8129e-05 0.00015882 0.00016697 0.00018755 0.00017873 0.00025117 0.00023005 0.00023978 0.00015265 0.00014661 0.00020355 0.00010166 9.8354e-05 1.8226e-05 -1.7044e-05 2.5465e-06 3.9486e-05 -8.1623e-05 -0.00013967 -6.7342e-05 -3.4877e-05 -0.00010957 -0.00019512 -0.0001617 -4.4988e-05 -0.00012162 -6.4182e-05 -0.00011656 -5.6165e-05 9.3817e-05 -0.00016784 -6.5054e-05 2.105e-07 -3.3005e-05 -7.7727e-05 -6.3634e-05
-0.83333 5.2268e-06 4.1347e-06 -4.733e-07 3.0309e-05 -6.0154e-05 -5.9506e-05 -7.0463e-05 -0.00014861 -0.00018527 -0.00018658 -0.00019953 -0.00022966 -0.00021473 -0.00027227 -0.00034382 -0.00034441 -0.00038971 -0.00030288 -0.00035689 -0.00031279 -0.0003585 -0.00042475 -0.00044918 -0.00035875 -0.00037427 -0.00038639 -0.00045761 -0.00048132 -0.0004556 -0.00050989 -0.00051187 -0.00048155 -0.00054857 -0.00053138 -0.00057278 -0.00060058 -0.00054524 -0.00056614 -0.00055243 -0.00069098 -0.00059433 -0.00077276 -0.00064796 -0.00063205 -0.0007653 -0.00059068 -0.00066752 -0.00065668 -0.000579 -0.00048609 -0.00048375 -0.00045579 -0.00044187 -0.0004353 -0.00041327 -0.00044803 -0.00036976 -0.00035065 -0.00035407 -0.00033618 -0.00033735 -0.00034568 -0.00030155 -0.0003696 -0.00038822 -0.00035358 -0.00039129 -0.00039481 -0.00041169 -0.00035082 -0.00036049 -0.00043463 -0.00044189 -0.00040966 -0.00043642 -0.00042963 -0.00042124 -0.00049056 -0.00051253 -0.00052102 -0.00048479 -0.00053144 -0.00055197 -0.0004938 -0.00046815 -0.00054038 -0.00062189 -0.00049919 -0.00047932 -0.00047951 -0.00046126 -0.00047727 -0.00047865 -0.00035331 -0.00058279 -0.00048015 -0.00039946 -0.00060331 -0.00049046 -0.00061231
-0.75 0.00062152 0.00063881 0.00063747 0.00081531 0.00073891 0.00077902 0.00082169 0.00072319 0.00072587 0.00071686 0.00061431 0.00066892 0.0005948 0.00060283 0.000583 0.00059879 0.00050091 0.00050613 0.00048011 0.00045513 0.00042235 0.00033876 0.00029965 0.00043238 0.00040114 0.00047339 0.00044454 0.00050759 0.00053863 0.00048327 0.00051176 0.0005824 0.00058799 0.00057799 0.00064554 0.00061446 0.00070135 0.00064204 0.00059831 0.00054127 0.00064421 0.00052757 0.00057289 0.00056134 0.0005056 0.0005691 0.00052224 0.00030469 0.00045694 0.00034349 0.00034573 0.00040504 0.00039108 0.00036771 0.00032995 0.00037774 0.00044255 0.00047856 0.00049909 0.00052695 0.00054775 0.00056641 0.00056959 0.00057719 0.00054366 0.00056574 0.00050273 0.00053439 0.00051808 0.00053305 0.00054314 0.0004183 0.00046708 0.00041237 0.00048001 0.00043893 0.00035563 0.00032515 0.00034213 0.00032549 0.0003467 0.00020233 0.00030448 0.00031396 0.00028548 0.00030723 0.00021918 0.00035984 0.00032071 0.0003683 0.00035054 0.00041568 0.00043579 0.00050605 0.00028904 0.00041039 0.00040925 0.00034942 0.0003854 0.00019776
-0.66667 -0.00029792 -0.00029042 -0.00019128 -3.5573e-05 -0.00013563 -0.00012504 -0.0001092 -0.00022832 -0.00028945 -0.00033374 -0.00044256 -0.00045642 -0.00050555 -0.00057569 -0.00056568 -0.00055689 -0.0006426 -0.00064315 -0.00066004 -0.00064332 -0.00068593 -0.00077107 -0.00073707 -0.00065316 -0.00071487 -0.00071257 -0.0007127 -0.00077568 -0.00085594 -0.0008456 -0.00095985 -0.00098684 -0.0010281 -0.0010514 -0.0011064 -0.0011155 -0.0010485 -0.0011389 -0.0011153 -0.0011617 -0.0010749 -0.0011133 -0.00096546 -0.00098513 -0.00096297 -0.00088674 -0.00080916 -0.00083125 -0.00075512 -0.00073545 -0.00066292 -0.00057865 -0.00061996 -0.00059728 -0.000505 -0.00040783 -0.00030559 -0.00030283 -0.00019242 -0.0001633 -0.00011262 -9.8395e-05 -0.00010133 -0.00018312 -0.00019779 -0.00024747 -0.00029095 -0.00027282 -0.00036594 -0.00028324 -0.00037116 -0.00041562 -0.00044127 -0.0004856 -0.00044804 -0.00051864 -0.00053487 -0.00054018 -0.00051624 -0.00055246 -0.00057429 -0.00064193 -0.00057154 -0.00048371 -0.00048865 -0.00052615 -0.00054422 -0.00044712 -0.0003087 -0.00029925 -0.0003269 -0.00020663 -0.0001888 -0.00016036 -0.00030269 -0.00015123 -0.00029838 -0.00038661 -0.00032794 -0.00037705
-0.58333 3.1277e-05 6.2935e-05 0.00015699 0.00021598 0.00020416 0.00017092 0.00018529 0.00010336 5.0559e-05 3.7105e-05 -1.525e-06 -4.269e-06 -4.551e-05 -7.2547e-05 -8.9431e-05 -8.623e-05 -7.9684e-05 -1.5006e-05 -4.1519e-05 -1.6177e-05 -4.0914e-05 -2.2085e-05 4.973e-06 6.1624e-05 8.7204e-05 0.00018336 0.00019253 0.00026606 0.00029225 0.00027568 0.00021099 0.0002378 0.0003085 0.00021335 0.00022552 0.00016497 0.00032412 0.00031804 0.00029564 0.00029387 0.00039287 0.00043864 0.00050535 0.00049136 0.00054487 0.00057897 0.00051733 0.00045374 0.00045246 0.0004273 0.0003684 0.00035062 0.0002328 0.00023816 0.00014058 0.00014045 0.00013185 0.00010136 0.00010391 0.00011196 9.2282e-05 6.4373e-05 6.9607e-05 -2.5283e-05 -6.3075e-06 -5.5635e-05 -3.2164e-05 -6.8458e-05 -6.3065e-05 -6.6747e-05 -7.5801e-05 -0.00015395 -0.00017795 -0.00018604 -0.00013441 -0.00013816 -0.00018612 -0.00019068 -0.00018269 -0.00017182 -0.00013013 -0.00030193 -0.00013494 -9.2516e-05 -0.00012174 -0.00019766 -0.00025174 -9.4593e-05 -9.3333e-05 -5.2871e-05 -7.2324e-05 3.885e-06 4.0625e-06 7.8258e-05 -0.00010045 -0.00011376 4.919e-05 -7.8073e-05 -3.2116e-05 -0.00012689
-0.5 0.00023714 0.00024957 0.00028098 0.00044589 0.00035622 0.0004209 0.00049682 0.00050378 0.00046768 0.0004266 0.00039309 0.00039006 0.00041798 0.00035435 0.00031408 0.00034903 0.00031291 0.00034168 0.00025863 0.0003357 0.0002804 0.00023141 0.00019993 0.00029022 0.00032685 0.00042756 0.00043316 0.00049956 0.00058525 0.00051815 0.00058853 0.00063884 0.00061123 0.0006255 0.00066777 0.00070383 0.00073861 0.00068784 0.0007395 0.00070796 0.00082959 0.00075972 0.00084663 0.00082017 0.00076256 0.00075308 0.00067579 0.00053673 0.00042105 0.00046397 0.00033521 0.00029033 0.00019845 0.00014032 0.00010985 8.7573e-05 7.5221e-05 6.4663e-05 0.00010299 0.00011212 0.00011798 0.00011611 0.000131 7.2954e-05 5.3481e-05 3.2331e-05 4.7603e-05 8.3789e-05 -5.294e-06 5.3814e-05 2.3525e-05 -2.9373e-05 -7.9558e-05 -0.00013037 -7.0109e-05 -0.00011611 -0.0001292 -0.00024031 -0.00020948 -0.00018533 -0.00017594 -0.0003093 -0.00029108 -0.00014814 -0.0002251 -0.00023138 -0.0002602 -0.00017703 -0.00019095 -0.00017624 -5.0507e-05 -6.7692e-05 -8.0397e-05 3.5265e-06 -0.00015111 -9.456e-05 -2.4631e-05 -0.00010588 -5.9938e-05 -0.00017104
-0.41667 -0.00015222 -0.00012302 -1.021e-05 8.2786e-05 1.6457e-05 1.5268e-05 6.1961e-05 -6.6232e-05 -0.00011635 -0.00015582 -0.00021987 -0.00023714 -0.00027961 -0.00031588 -0.00034604 -0.00037648 -0.00041535 -0.00041021 -0.00039449 -0.00041085 -0.00047651 -0.00044046 -0.00046073 -0.00037553 -0.00035723 -0.0003004 -0.00029263 -0.00027869 -0.0002001 -0.00025343 -0.00027881 -0.00026622 -0.00034476 -0.00033623 -0.00038329 -0.00038707 -0.0004465 -0.00048431 -0.00043847 -0.00061304 -0.0005639 -0.00057656 -0.00060225 -0.00062847 -0.00070024 -0.00060864 -0.00057109 -0.00066697 -0.0005529 -0.00050781 -0.00038618 -0.00033721 -0.0003877 -0.00027651 -0.00026352 -0.00018387 -0.00010106 -0.0001272 -2.2676e-05 -5.6081e-05 -5.0306e-05 -4.1932e-05 -3.2006e-05 -6.5998e-05 -0.00011884 -5.5405e-05 -0.00013849 -9.8912e-05 -0.0002036 -6.272e-05 -0.00011041 -0.00020568 -0.00020183 -0.0002347 -0.00017154 -0.00017536 -0.00024346 -0.00020613 -0.00021222 -0.00024674 -0.00020549 -0.00026897 -0.00025125 -0.00021831 -0.00018779 -0.00017105 -0.00017892 -9.6231e-05 -3.4237e-05 -5.6001e-05 -1.4136e-05 5.3363e-05 -3.7405e-05 4.5977e-06 -9.2897e-05 3.7026e-05 -6.8992e-05 -7.8553e-05 -7.3166e-05 -0.00034028
-0.33333 0.00025543 0.00034489 0.00036913 0.00053878 0.00051164 0.00048266 0.00050798 0.00036965 0.00034543 0.00030925 0.0002205 0.00018034 0.00013881 9.8491e-05 9.1263e-05 0.0001021 5.5383e-05 5.1036e-05 1.3278e-05 2.2263e-05 -2.6122e-05 -0.00012 -7.3281e-05 -1.3594e-05 -2.0282e-05 7.3947e-05 4.2185e-05 0.00015064 0.00015332 0.00014117 0.00016353 0.00014021 0.00019173 0.00012127 0.00016779 0.00013102 0.00019271 0.00018281 0.00021524 0.00014116 0.00021626 0.00020833 0.00025412 0.00021808 0.00023873 0.00023798 0.00020879 6.848e-05 9.2404e-05 8.9355e-05 6.3295e-05 -3.108e-06 -4.2664e-05 4.2665e-06 -4.0845e-05 -3.9869e-05 -4.2028e-06 3.3521e-06 2.371e-05 6.9121e-05 3.0683e-05 1.7802e-05 3.1638e-05 7.9947e-06 -5.7705e-05 -5.154e-05 -7.451e-05 -4.3859e-05 -0.00013848 -8.697e-05 -0.00011675 -0.00014283 -0.00017461 -0.00017513 -0.00016388 -0.0001252 -0.00023132 -0.00028038 -0.00028977 -0.00023156 -0.00016992 -0.00032 -0.00028566 -0.00019085 -0.00022351 -0.0002154 -0.00027413 -0.00017938 -6.7424e-05 -9.9126e-05 -0.00012604 1.5033e-05 6.371e-06 -1.744e-05 -0.00021227 -4.0811e-05 -5.5139e-05 -5.2532e-05 -0.00019162 -0.00017105
-0.25 6.9996e-05 6.6722e-05 7.248e-05 0.00013383 2.2065e-05 5.4031e-05 6.0555e-06 -8.4019e-05 -7.5201e-05 -8.3101e-05 -0.00011014 -1.4255e-05 -8.1582e-05 -5.3471e-05 -3.8376e-05 -1.4323e-05 -6.085e-05 3.578e-06 -8.384e-06 -3.975e-07 4.32e-06 -5.4107e-05 -3.895e-05 6.153e-06 4.577e-05 6.3246e-05 -2.2282e-05 1.5098e-05 -1.0481e-05 -3.5623e-05 -3.6833e-05 5.9627e-05 -3.8015e-06 4.6865e-05 8.2623e-05 0.00012477 0.00015124 0.00014037 0.00018065 0.00022637 0.00020077 0.0001537 0.00026593 0.00022878 0.00023796 0.0003067 0.00024246 7.4593e-05 0.00010413 0.00010827 0.00011233 6.4424e-05 3.7472e-05 3.9808e-05 -4.5941e-05 -2.7502e-05 1.9612e-05 4.0802e-05 1.8241e-05 3.5973e-05 1.0631e-05 1.6602e-05 3.7356e-05 -2.095e-05 8.5005e-06 2.2001e-05 1.0245e-05 4.3076e-05 4.5611e-05 5.7191e-05 4.4821e-05 3.1489e-05 1.8619e-05 -2.3284e-05 7.4897e-05 -1.179e-06 9.77e-06 -2.1988e-05 -9.073e-06 -5.3028e-05 -1.4954e-05 -0.00011471 -5.2325e-05 1.4533e-05 4.628e-06 -1.1878e-05 -8.3785e-05 4.8559e-05 4.9833e-05 5.5224e-05 -1.9206e-05 4.2253e-05 0.00010003 0.00013325 -2.819e-05 5.7165e-05 2.535e-06 -0.00012029 -9.0405e-05 -0.00028423
-0.16667 -0.00012124 -0.00011197 -6.8834e-05 4.2654e-05 -1.2017e-05 -4.1637e-05 2.3916e-05 -7.0822e-05 -7.5373e-05 -0.00012345 -0.00014246 -0.00013074 -0.0001511 -0.00017695 -0.00019469 -0.00017754 -0.00025185 -0.0001956 -0.00017294 -0.00021405 -0.00018032 -0.0002216 -0.00023345 -0.00011527 -0.00012399 -0.00011432 -0.00016731 -0.00019568 -0.00019725 -0.00028139 -0.00029384 -0.00029309 -0.00029012 -0.0002633 -0.00026643 -0.00030412 -0.00022682 -0.00025454 -0.00023308 -0.00025546 -0.00018692 -0.00025045 -8.0467e-05 -0.00025535 -0.00026969 -0.00017502 -0.00028226 -0.00037701 -0.00036244 -0.00031745 -0.0003447 -0.00034162 -0.00030758 -0.00032638 -0.00031811 -0.00025601 -0.00023896 -0.00021879 -0.00015483 -0.00012778 -0.00011557 -9.7608e-05 -6.2227e-05 -0.00010128 -0.00011269 -5.1931e-05 -9.8404e-05 -7.5867e-05 -0.00016437 -5.5426e-05 -9.9557e-05 -0.00013799 -0.00014938 -0.00018391 -0.00016537 -0.00017415 -0.00023608 -0.00026869 -0.00030234 -0.00030118 -0.00030564 -0.00036647 -0.0003848 -0.00031176 -0.00029159 -0.0003043 -0.00034359 -0.00033169 -0.00022869 -0.00018097 -0.00019426 -0.00021923 -0.00017447 -5.529e-05 -0.00015484 -0.00016238 -0.00017788 -0.0002244 -9.481e-05 -0.00018172
-0.083333 0.00016241 0.000185 0.00025474 0.00038454 0.00034657 0.00039581 0.00044364 0.00039374 0.00042812 0.0004769 0.00043083 0.00047575 0.00049706 0.00058043 0.00051994 0.00055242 0.00051689 0.00058816 0.00051318 0.00058903 0.0005319 0.00050317 0.00043532 0.00043908 0.00039305 0.00024255 2.7732e-05 -4.7508e-05 -0.00018595 -0.00039437 -0.00048063 -0.00051257 -0.00051006 -0.00054032 -0.00051715 -0.00053281 -0.00044493 -0.0003858 -0.00035142 -0.00036336 -0.00014078 -0.0001254 0.00010286 2.5107e-05 0.00017997 0.0002647 0.00031861 0.00021345 0.0002324 8.54e-05 0.00012226 4.893e-05 -7.7886e-05 -9.5305e-05 -8.4226e-05 -6.865e-05 1.2664e-05 5.244e-05 9.4216e-05 0.00018675 0.00023712 0.00029113 0.00032918 0.00033412 0.00037615 0.00041681 0.00038477 0.0003806 0.00032269 0.00042317 0.00040332 0.0003142 0.00029945 0.00025405 0.00030807 0.0002729 0.00017777 0.00016804 0.00010326 6.7221e-05 0.00017273 -2.9166e-05 4.3745e-05 5.5979e-05 4.5983e-05 1.4137e-05 1.9213e-05 2.2003e-05 0.00011865 0.00015668 0.00011991 0.00017873 0.00029541 0.00041331 0.00019104 0.00022671 0.00037088 0.0002634 0.00018919 0.00021978
8.3267e-17 -0.00012171 0.00010124 0.00034109 0.0006488 0.00068567 0.00075708 0.00074703 0.00057683 0.00045568 0.00032021 0.00012739 0.00014146 0.00012526 0.00020793 0.00031677 0.00045955 0.00056129 0.00072883 0.00070459 0.00074528 0.00061432 0.00041381 0.00016874 -9.3278e-05 -0.00045539 -0.00085663 -0.0013649 -0.0018 -0.0023141 -0.0027635 -0.0032113 -0.0035261 -0.0038713 -0.0041989 -0.0043699 -0.0045314 -0.0046491 -0.0047798 -0.0046937 -0.0047351 -0.0044884 -0.0042393 -0.0038462 -0.0034114 -0.0028362 -0.002296 -0.001713 -0.001229 -0.00058024 -0.0002234 3.124e-05 0.00026672 0.00027225 0.00026076 0.00021918 8.083e-05 -9.0517e-05 -0.00034961 -0.0005033 -0.0006565 -0.00077146 -0.00078925 -0.00075978 -0.00071745 -0.00069371 -0.00050647 -0.00045394 -0.00033301 -0.00036009 -0.00025627 -0.00026428 -0.0003074 -0.00031815 -0.00036423 -0.00028265 -0.00030337 -0.00038784 -0.00033845 -0.00034637 -0.00034967 -0.00025658 -0.00034012 -0.0003492 -0.00022942 -0.0002144 -0.00017788 -0.00024405 -8.556e-05 -8.775e-05 -1.481e-05 8.7319e-05 8.9197e-05 0.00010413 0.00017159 -2.5017e-05 0.00012359 0.00016868 -2.8026e-05 1.5444e-05 -7.4908e-05
0.083333 0.001015 0.00095065 0.00090297 0.00092327 0.00088557 0.00086612 0.00097632 0.0010393 0.0010854 0.0010436 0.00088019 0.00074427 0.00050798 0.00027461 -5.5401e-05 -0.0003092 -0.00065589 -0.00089347 -0.0012456 -0.0016234 -0.0020796 -0.002688 -0.0032974 -0.0038465 -0.004502 -0.0050265 -0.0056802 -0.0062419 -0.0068501 -0.0074667 -0.0080853 -0.0087367 -0.0093787 -0.010156 -0.010893 -0.011726 -0.012561 -0.01357 -0.014481 -0.015417 -0.015965 -0.016543 -0.016747 -0.016684 -0.016178 -0.015278 -0.014002 -0.012459 -0.010578 -0.0088126 -0.0070023 -0.0052174 -0.00373 -0.002283 -0.0010412 3.9845e-05 0.00079808 0.0012552 0.0014911 0.0014571 0.0012947 0.00098552 0.00066371 0.00022277 -7.6632e-05 -0.00034621 -0.00055138 -0.00064849 -0.00071787 -0.00057825 -0.00052136 -0.00039529 -0.0002818 -0.0001725 -2.2833e-05 4.9881e-05 7.614e-05 0.00013113 0.00012142 0.00013929 0.00022148 0.00016395 0.00018112 0.00022329 0.00022864 0.0001816 9.1095e-05 0.00017997 0.00032319 0.00026599 0.00032234 0.00030178 0.00029846 0.00036653 0.00020344 0.00038808 0.0003662 0.00029412 0.00033581 0.00024278
0.16667 0.0013182 0.0013863 0.0014475 0.0014507 0.0011627 0.00083318 0.00051969 0.00018284 -7.1033e-05 -0.00029337 -0.0005931 -0.00077195 -0.001228 -0.0017562 -0.0024962 -0.0031953 -0.0041539 -0.0049696 -0.0058151 -0.0065325 -0.0071659 -0.0077155 -0.0080007 -0.0081407 -0.0081938 -0.0081782 -0.008338 -0.0084801 -0.0088024 -0.0092864 -0.010127 -0.011026 -0.012203 -0.013544 -0.015135 -0.017033 -0.01898 -0.021224 -0.023547 -0.025807 -0.027842 -0.029594 -0.030925 -0.031743 -0.031865 -0.031004 -0.029348 -0.027026 -0.023823 -0.020543 -0.016817 -0.013091 -0.0095837 -0.0060379 -0.0028788 -0.00015717 0.0019985 0.0034449 0.004253 0.0044712 0.0042541 0.0037992 0.0033002 0.0028146 0.0025164 0.0024432 0.0024285 0.0024823 0.0024435 0.0025484 0.0024163 0.0022986 0.0021222 0.0018529 0.0015746 0.001186 0.00071669 0.00012243 -0.00035788 -0.00076153 -0.00094766 -0.0010944 -0.00089809 -0.00059255 -0.00026442 -7.5372e-05 1.0367e-05 0.00015444 0.00025531 0.0001841 0.00023557 0.0003165 0.00031119 0.00048103 0.00033814 0.00041907 0.00044223 0.00029491 0.00041208 0.00013924
0.25 0.0013677 0.00080744 0.00045761 0.0002264 -2.442e-05 -0.00015228 -0.00030268 -0.00065618 -0.0011251 -0.0015079 -0.001894 -0.002197 -0.0024273 -0.0026441 -0.0027728 -0.0029236 -0.0030866 -0.0032157 -0.0034549 -0.0036758 -0.0040174 -0.0043215 -0.0046519 -0.0048899 -0.0051351 -0.0053888 -0.005775 -0.0062299 -0.0067769 -0.0075445 -0.0084836 -0.009438 -0.010666 -0.012041 -0.013603 -0.015471 -0.01744 -0.019652 -0.02185 -0.024225 -0.026238 -0.02828 -0.029805 -0.030955 -0.031412 -0.030984 -0.029859 -0.028236 -0.025831 -0.023276 -0.020402 -0.017409 -0.014483 -0.011398 -0.008364 -0.005319 -0.0024119 0.00024814 0.0028183 0.0052164 0.0073727 0.0093208 0.011024 0.01234 0.013357 0.014014 0.014318 0.014296 0.013952 0.013435 0.012726 0.011874 0.011174 0.010571 0.010164 0.0096761 0.0091617 0.0085033 0.0075467 0.0061605 0.0045518 0.0026013 0.00080217 -0.00051787 -0.0014778 -0.0020509 -0.0020656 -0.0016327 -0.0010517 -0.00065561 -0.00022953 3.0062e-05 0.0002897 0.00038442 0.00027284 0.00033347 0.0003583 0.00032251 0.00034162 6.5586e-05
0.33333 -0.00018919 -0.00055192 -0.00080066 -0.00086138 -0.00084503 -0.00048158 8.4155e-05 0.00057888 0.0011218 0.001616 0.0018233 0.0018888 0.0015641 0.0010946 0.00044346 -5.4785e-05 -0.00066392 -0.0011067 -0.0015542 -0.0018755 -0.0021875 -0.0024592 -0.0026655 -0.0027809 -0.0029835 -0.0032102 -0.0036207 -0.0040415 -0.004514 -0.0052465 -0.006047 -0.006914 -0.0079503 -0.0091574 -0.010618 -0.012151 -0.013904 -0.015908 -0.017938 -0.020067 -0.021927 -0.023619 -0.025006 -0.025855 -0.026121 -0.025601 -0.024388 -0.022641 -0.020232 -0.01758 -0.014648 -0.011692 -0.0088639 -0.0058447 -0.0030264 -0.00040042 0.0019801 0.0039906 0.0057083 0.0070585 0.0080766 0.0088652 0.0094438 0.009895 0.010329 0.010934 0.011542 0.012361 0.013293 0.014389 0.015382 0.016246 0.016823 0.017068 0.016941 0.016505 0.01578 0.014941 0.013942 0.012743 0.011369 0.0096621 0.0080268 0.0065393 0.00519 0.0039933 0.0027526 0.0015608 0.00031395 -0.00089389 -0.0016512 -0.0020626 -0.001948 -0.0015028 -0.0010798 -0.00051253 -8.0538e-05 0.00018206 0.00052784 0.00040375
0.41667 -0.0014354 -0.0006501 0.00031879 0.001535 0.0024796 0.0033067 0.0037556 0.0037145 0.0033889 0.0029764 0.0024042 0.0018944 0.001377 0.00092607 0.00045079 6.133e-05 -0.00037855 -0.00067405 -0.00098627 -0.0011796 -0.0014992 -0.0016849 -0.0018846 -0.0020582 -0.0022815 -0.0024916 -0.0029126 -0.0033347 -0.0038107 -0.0045181 -0.0052374 -0.0060991 -0.0070197 -0.008147 -0.0095298 -0.011147 -0.012743 -0.014764 -0.016669 -0.018755 -0.020578 -0.022241 -0.02353 -0.024322 -0.024519 -0.023763 -0.022465 -0.020587 -0.018026 -0.015362 -0.012583 -0.0095753 -0.0067276 -0.0037928 -0.0010736 0.0015332 0.0038058 0.0057216 0.0073425 0.0085638 0.0094236 0.010018 0.010488 0.010632 0.010665 0.010545 0.01041 0.010148 0.0097486 0.0094923 0.0090335 0.0085398 0.0079635 0.0072141 0.0064686 0.0057094 0.0050792 0.0049604 0.0054219 0.0066736 0.0084245 0.010121 0.011578 0.012233 0.0121 0.011031 0.0093923 0.0075267 0.0057583 0.0041802 0.0029463 0.0021472 0.0013371 0.00062611 -0.00051654 -0.0014493 -0.0022786 -0.0028848 -0.0030347 -0.0029675
0.5 0.0019588 0.0030781 0.0036541 0.0038183 0.0036102 0.0033644 0.0031424 0.0028782 0.0026023 0.0023455 0.001969 0.0016405 0.0012108 0.00081793 0.00034662 -4.7e-07 -0.00038121 -0.00060517 -0.00092247 -0.0011041 -0.0013833 -0.0015593 -0.0016986 -0.0017883 -0.0019883 -0.0021659 -0.0025243 -0.0028461 -0.0033157 -0.0039423 -0.004726 -0.0054472 -0.0064584 -0.0075187 -0.0088431 -0.010434 -0.012095 -0.014048 -0.015953 -0.018051 -0.019824 -0.021444 -0.022564 -0.023217 -0.023242 -0.022439 -0.020967 -0.019021 -0.016397 -0.013639 -0.010771 -0.0077777 -0.0048617 -0.0020175 0.00068997 0.0031421 0.0053211 0.0070979 0.0084899 0.0094944 0.010186 0.010645 0.010848 0.010858 0.010669 0.01051 0.010262 0.0099559 0.009514 0.0092877 0.0089389 0.0085343 0.008216 0.0078126 0.0074936 0.0071347 0.0067846 0.0064004 0.0057732 0.0049395 0.00373 0.0023566 0.0015191 0.0013321 0.0022202 0.0036886 0.0056448 0.0076208 0.0091912 0.01017 0.010312 0.0098331 0.0086369 0.007198 0.0053792 0.0037793 0.0026662 0.0017037 0.0010451 0.00035328
0.58333 0.0039561 0.0037722 0.0036713 0.0036897 0.0035791 0.003554 0.0035169 0.0032883 0.0030886 0.0027948 0.0024362 0.0020511 0.0016847 0.0012978 0.00086935 0.00055789 0.00019289 -4.6939e-05 -0.00028446 -0.00051315 -0.00069578 -0.00089847 -0.0010553 -0.0011445 -0.0013049 -0.0014366 -0.0017435 -0.0020808 -0.002555 -0.0031461 -0.0038402 -0.0046506 -0.0055375 -0.0066076 -0.007888 -0.0093039 -0.010854 -0.012716 -0.014605 -0.016399 -0.018117 -0.019586 -0.020568 -0.021183 -0.02095 -0.020048 -0.018409 -0.016428 -0.013792 -0.011103 -0.0082579 -0.0054813 -0.0027242 -2.794e-05 0.002538 0.0047696 0.0067783 0.0083134 0.0095267 0.01038 0.010942 0.011189 0.011224 0.011063 0.010861 0.01058 0.010184 0.0098555 0.0093716 0.0090196 0.008571 0.0081079 0.0077208 0.0073666 0.0070415 0.0066511 0.0062927 0.0060064 0.0057601 0.0055317 0.0053771 0.0050333 0.0049098 0.0047485 0.0043775 0.0039667 0.0034056 0.0027701 0.0021406 0.0020165 0.0023459 0.0033481 0.0047565 0.0062912 0.0076381 0.0087921 0.0093751 0.0093632 0.0086164 0.0077557
0.66667 0.0032273 0.0033401 0.0033338 0.0034164 0.0032826 0.0032052 0.0030633 0.0028333 0.002617 0.0023264 0.0019319 0.0016266 0.0012702 0.0009275 0.000571 0.00026251 -4.5491e-05 -0.00025807 -0.00040059 -0.00067734 -0.00081462 -0.00096184 -0.0011093 -0.0011774 -0.0013198 -0.0014639 -0.001804 -0.0021186 -0.0025837 -0.0031459 -0.0037322 -0.004503 -0.0053309 -0.0063301 -0.0074607 -0.0088102 -0.010241 -0.011961 -0.013582 -0.01537 -0.016925 -0.018301 -0.019169 -0.019729 -0.019491 -0.018596 -0.017063 -0.015107 -0.012538 -0.0099313 -0.0072562 -0.0045504 -0.0019855 0.00060627 0.0029898 0.0051572 0.0070416 0.008498 0.009639 0.010443 0.010891 0.011111 0.011127 0.010905 0.010576 0.010286 0.0098081 0.0093523 0.0088652 0.0084336 0.0079481 0.0074465 0.0069986 0.0065395 0.0061517 0.0057751 0.0054876 0.0051366 0.0048538 0.0045943 0.0044914 0.0041794 0.0040527 0.0040359 0.0039176 0.0038147 0.0038098 0.003756 0.0037388 0.0036833 0.0035642 0.0033547 0.0030152 0.0025859 0.0018963 0.0015494 0.0014909 0.001731 0.0026262 0.0037847
0.75 0.0031747 0.0032728 0.0033001 0.0034481 0.0033408 0.0032517 0.0031354 0.0028609 0.0025764 0.0022893 0.001879 0.0015952 0.0012126 0.00079017 0.00042026 9.5294e-05 -0.00021832 -0.00039637 -0.00063883 -0.00073766 -0.00088831 -0.001058 -0.0011739 -0.0011785 -0.0012924 -0.0014292 -0.0017485 -0.0019643 -0.0024387 -0.0029333 -0.0035393 -0.0042443 -0.0050694 -0.0059755 -0.0070977 -0.0083885 -0.0098008 -0.011439 -0.012971 -0.014732 -0.016121 -0.01741 -0.018168 -0.018651 -0.018512 -0.01741 -0.015904 -0.013878 -0.011426 -0.0088547 -0.0062172 -0.0036303 -0.0011329 0.0014077 0.0036904 0.0057193 0.0075733 0.0089765 0.010075 0.010803 0.011192 0.011348 0.011317 0.011051 0.010653 0.010277 0.0097785 0.009276 0.0086743 0.0081967 0.0076541 0.0070926 0.0065538 0.0061093 0.0057237 0.0053193 0.0049317 0.0045877 0.0043811 0.0041087 0.0039069 0.0036033 0.0034888 0.0034181 0.0032346 0.003137 0.0030624 0.0030633 0.0031221 0.0029757 0.0029089 0.0029759 0.0029106 0.0029436 0.0027409 0.0027974 0.0027595 0.0026427 0.0024551 0.0020795
0.83333 0.0033639 0.0034254 0.0033644 0.0033587 0.0032488 0.0032354 0.0032112 0.0029785 0.0028445 0.0026363 0.0023667 0.0020274 0.0016876 0.001384 0.00099573 0.00070737 0.00034173 0.00014955 -5.1429e-05 -0.00020221 -0.00040371 -0.00059698 -0.00071933 -0.00070894 -0.00087133 -0.0010242 -0.00128 -0.0016164 -0.0019682 -0.0024918 -0.0030378 -0.0037065 -0.00446 -0.0054111 -0.0064597 -0.0077223 -0.0089931 -0.010658 -0.012217 -0.013873 -0.015287 -0.01655 -0.017316 -0.017656 -0.017483 -0.016448 -0.014833 -0.012856 -0.010392 -0.0079719 -0.0053533 -0.0027968 -0.00035191 0.0020356 0.0042696 0.0062688 0.0080319 0.0093455 0.010423 0.011112 0.011513 0.011617 0.01163 0.011353 0.010982 0.010572 0.010085 0.0096041 0.0090141 0.0085279 0.0079564 0.0074319 0.0069024 0.0064217 0.0059595 0.0055207 0.0051491 0.0047899 0.0044383 0.0042052 0.0040113 0.0036162 0.003518 0.0033764 0.0032709 0.0030955 0.0029022 0.0028448 0.0029013 0.0027798 0.0026964 0.0026843 0.0026234 0.0027036 0.0024958 0.0024363 0.0025373 0.0023097 0.0023477 0.0021934
0.91667 0.0037702 0.0037916 0.0037455 0.0038359 0.0036895 0.0036946 0.0036113 0.0034362 0.0032718 0.0030519 0.0027699 0.0024958 0.0021601 0.0018193 0.0015052 0.0011611 0.00085883 0.00073211 0.00046658 0.00037346 0.00024453 8.2953e-05 -2.2409e-05 -1.6872e-05 -0.00011459 -0.00027228 -0.00050778 -0.00073372 -0.0010367 -0.0015276 -0.0020461 -0.002621 -0.0033535 -0.0041685 -0.0052114 -0.006344 -0.0076268 -0.0091934 -0.01069 -0.012144 -0.013452 -0.014605 -0.015331 -0.015596 -0.015237 -0.01424 -0.012652 -0.010817 -0.0084435 -0.006079 -0.0036645 -0.0012077 0.0010755 0.0033373 0.0053795 0.0072639 0.0088799 0.01017 0.011096 0.011748 0.01208 0.012166 0.012079 0.011788 0.011378 0.01093 0.010402 0.0099011 0.0092395 0.0087925 0.0082182 0.007633 0.007091 0.0065817 0.0061595 0.0057563 0.0053108 0.0049955 0.0046628 0.0043799 0.0041793 0.0038373 0.0036959 0.0034842 0.0033985 0.0032446 0.0030554 0.0030205 0.0029226 0.002811 0.0028463 0.0027096 0.0028132 0.0026818 0.0025444 0.0024966 0.002469 0.0023281 0.0023061 0.0021666
1 0.0034448 0.0034623 0.0034532 0.0035426 0.0034395 0.0034398 0.0034088 0.0032959 0.0031481 0.0029167 0.0025924 0.0023612 0.0019182 0.0015797 0.0012261 0.00095565 0.00061018 0.00046785 0.00024281 7.9882e-05 -6.9787e-05 -0.00023385 -0.00034919 -0.00036929 -0.00049422 -0.00057609 -0.00080982 -0.0010678 -0.001373 -0.0018044 -0.0023625 -0.0029059 -0.0036525 -0.0044816 -0.0055067 -0.0066981 -0.0080077 -0.0095598 -0.010954 -0.012574 -0.013851 -0.014977 -0.015628 -0.015865 -0.015483 -0.014482 -0.012904 -0.010891 -0.0085377 -0.0061466 -0.0036127 -0.0012033 0.00097958 0.0033209 0.0053979 0.0072568 0.0088647 0.010125 0.011011 0.011646 0.011935 0.011991 0.011873 0.011535 0.011124 0.01067 0.010122 0.0096085 0.0089181 0.0083666 0.0078019 0.0072106 0.0066109 0.0061391 0.0056886 0.0052468 0.0048134 0.0044426 0.0041255 0.0038468 0.0036059 0.0032627 0.003073 0.0028946 0.0027466 0.0026372 0.0024122 0.0023431 0.0022936 0.0022499 0.0021889 0.0021411 0.0020612 0.0020233 0.0018738 0.0018694 0.0018399 0.0016243 0.0016356 0.0013302
1.0833 0.0024002 0.0024478 0.0025109 0.0025663 0.0024787 0.0023741 0.0023366 0.0020463 0.0018575 0.0015987 0.0012889 0.0009903 0.00061943 0.0003255 -3.9907e-05 -0.00025455 -0.00058672 -0.00069027 -0.00090914 -0.00094808 -0.001078 -0.0012315 -0.0012554 -0.0012252 -0.0013006 -0.0014033 -0.0015837 -0.0018065 -0.0021681 -0.0026186 -0.0031548 -0.0038498 -0.0045419 -0.0054984 -0.0064742 -0.0076607 -0.0089379 -0.01039 -0.011857 -0.013326 -0.014546 -0.015682 -0.016333 -0.016515 -0.016101 -0.014969 -0.013403 -0.011338 -0.0090281 -0.0066266 -0.0041824 -0.0018171 0.00035825 0.002548 0.0045662 0.0064235 0.0079431 0.0091755 0.010029 0.010545 0.010819 0.010771 0.010637 0.010204 0.0097654 0.009269 0.0087062 0.0080529 0.0074607 0.0069258 0.0063416 0.005757 0.0051787 0.004645 0.004267 0.0038542 0.0034357 0.0031125 0.0028152 0.0025637 0.0024434 0.0020545 0.0019048 0.0017678 0.001648 0.0015019 0.0013685 0.0013286 0.0012988 0.001231 0.0011604 0.0010741 0.0011889 0.0011276 0.00092136 0.00091884 0.0007644 0.00052649 0.00050436 0.00041644
1.1667 0.0026407 0.0026806 0.0026828 0.0027742 0.0026035 0.0025901 0.0024684 0.0021646 0.0019374 0.00172 0.0013697 0.0011405 0.00078713 0.00051547 0.00020485 -7.3425e-05 -0.00026706 -0.00037934 -0.00056309 -0.00064554 -0.00072958 -0.00085953 -0.00093358 -0.00089173 -0.0010297 -0.0011123 -0.0013885 -0.0016741 -0.0020137 -0.0024782 -0.0029789 -0.003577 -0.0042747 -0.0050622 -0.0059627 -0.0071234 -0.0082325 -0.0096486 -0.011063 -0.012396 -0.013576 -0.014538 -0.01505 -0.015216 -0.014783 -0.013606 -0.01197 -0.010098 -0.0077938 -0.0054726 -0.0032194 -0.0010016 0.0011093 0.0031396 0.0050947 0.0067651 0.0082465 0.0093041 0.010115 0.010599 0.010865 0.010824 0.010654 0.010278 0.0098352 0.0093008 0.0087851 0.0082369 0.0076232 0.0070762 0.0065106 0.0059201 0.0054296 0.0049361 0.0045929 0.004123 0.0037953 0.0034757 0.003165 0.0028741 0.0027399 0.0023442 0.0022276 0.0021415 0.0019029 0.0017641 0.0016549 0.0016185 0.0016443 0.0015009 0.0014326 0.0013142 0.0013455 0.0013086 0.0010437 0.0010664 0.00099286 0.00083662 0.00074398 0.00058822
1.25 0.0023598 0.0023883 0.0024431 0.0024696 0.0022887 0.0021893 0.0020153 0.0017343 0.0014963 0.001212 0.00093616 0.00066118 0.0003582 7.0151e-05 -0.00016517 -0.00043639 -0.0006614 -0.00076113 -0.00093721 -0.00094023 -0.0010861 -0.0011659 -0.00125 -0.0012668 -0.0013427 -0.0014835 -0.0017334 -0.0020162 -0.002366 -0.0028108 -0.0033305 -0.0038948 -0.0045171 -0.0053142 -0.0061948 -0.0071781 -0.0083783 -0.0096726 -0.01096 -0.012388 -0.013341 -0.0144 -0.014791 -0.014923 -0.014493 -0.013393 -0.011783 -0.0098392 -0.007637 -0.0054177 -0.0032505 -0.0010942 0.0009203 0.0028792 0.004726 0.006305 0.0077707 0.0087997 0.0095493 0.01 0.010204 0.010138 0.0099597 0.0095995 0.0091246 0.0086581 0.0080744 0.007591 0.0069359 0.0064381 0.0058581 0.0052868 0.0047775 0.0043558 0.0039967 0.0035566 0.0031806 0.0028395 0.0025528 0.0022963 0.0021526 0.0017917 0.001751 0.0015914 0.0014638 0.0012824 0.0012147 0.0011206 0.0011256 0.0010534 0.00092871 0.00087828 0.00086428 0.00078602 0.00064026 0.00061435 0.0006211 0.00040035 0.00039372 0.0001716
1.3333 0.0025559 0.0025866 0.0025583 0.0026323 0.0024866 0.0024292 0.0023642 0.0021394 0.0019456 0.0017162 0.0014417 0.0011965 0.00089009 0.0005602 0.00026051 6.5745e-05 -0.00021302 -0.000373 -0.00051328 -0.0005941 -0.00070601 -0.00085384 -0.00090199 -0.00094878 -0.0010326 -0.0011411 -0.0014286 -0.0016902 -0.002023 -0.0024766 -0.0029895 -0.0035217 -0.0041538 -0.0049514 -0.0058265 -0.0069971 -0.0080614 -0.0093813 -0.010741 -0.012112 -0.013267 -0.014143 -0.01472 -0.014769 -0.01421 -0.013133 -0.01144 -0.0095646 -0.0072713 -0.0050756 -0.0028365 -0.00066934 0.0013618 0.003343 0.0052067 0.0068072 0.0082492 0.0092319 0.010062 0.010516 0.010695 0.010672 0.010491 0.010108 0.0096621 0.0091612 0.0085552 0.0080578 0.0073671 0.0069093 0.0063326 0.0058101 0.0052266 0.0047639 0.004386 0.0039773 0.0035963 0.0032493 0.0029695 0.0027143 0.0025446 0.0021842 0.0020246 0.0019567 0.0017698 0.0016008 0.0014469 0.0014182 0.0013523 0.001243 0.0011245 0.001067 0.0010361 0.0010632 0.00091911 0.00085626 0.00085871 0.00071131 0.00060171 0.00047143
1.4167 0.0025584 0.0025915 0.0026064 0.0027074 0.0026002 0.0026495 0.0026157 0.0024148 0.0022766 0.0020465 0.0017747 0.0015577 0.0011906 0.00090343 0.00051853 0.00026761 -3.273e-06 -0.0001717 -0.00037331 -0.00046762 -0.00063789 -0.00081826 -0.00086654 -0.00091219 -0.00090073 -0.0010218 -0.0011899 -0.0013453 -0.0015728 -0.0020305 -0.0025014 -0.0029689 -0.0036385 -0.004419 -0.0052812 -0.0063443 -0.0074875 -0.0089354 -0.010266 -0.011667 -0.01274 -0.013733 -0.014212 -0.014325 -0.013858 -0.012635 -0.011069 -0.0091657 -0.0068865 -0.0046844 -0.0024596 -0.00029827 0.0017014 0.0036917 0.0055124 0.0071031 0.0085136 0.0095904 0.010358 0.010854 0.011014 0.01106 0.010829 0.010382 0.0099663 0.0095341 0.0088801 0.0083439 0.0077021 0.0071826 0.0065933 0.0059852 0.005376 0.0049136 0.0045042 0.0040917 0.0036819 0.0032681 0.0030148 0.0027327 0.0025607 0.0021525 0.0019901 0.0018823 0.001734 0.0015666 0.0013672 0.0013755 0.001331 0.0012169 0.0012038 0.0011609 0.0011557 0.0011266 0.0009555 0.0009354 0.00097815 0.000801 0.0007059 0.00044321
1.5 0.002673 0.0026818 0.0026526 0.0026451 0.0025154 0.0025319 0.0024961 0.0023015 0.0021669 0.0019937 0.0017137 0.0015584 0.0012087 0.00088786 0.00058676 0.00034381 4.7839e-05 -6.5469e-05 -0.00022911 -0.00027085 -0.00033946 -0.00053705 -0.00057923 -0.00060695 -0.00073076 -0.00076176 -0.001017 -0.0012188 -0.0015273 -0.0018988 -0.0023748 -0.0029059 -0.0035301 -0.0042792 -0.0051955 -0.0061888 -0.0072361 -0.0086542 -0.0099172 -0.011275 -0.012308 -0.013226 -0.013609 -0.013685 -0.013143 -0.011962 -0.010209 -0.008368 -0.006146 -0.0039067 -0.001761 0.00035186 0.0022208 0.0040635 0.0057985 0.0073101 0.0086615 0.0096048 0.01029 0.010719 0.010892 0.010833 0.010594 0.010216 0.0097533 0.0092607 0.0087193 0.0081441 0.007495 0.0070289 0.0064835 0.005902 0.0053755 0.0049445 0.0045182 0.0041026 0.0037182 0.0033456 0.0031366 0.0027982 0.0026364 0.002276 0.0021898 0.0020109 0.0018423 0.0017095 0.0015389 0.0015349 0.0014631 0.0013206 0.0013319 0.0011712 0.0012663 0.0011001 0.00095981 0.0009436 0.00088961 0.00056109 0.00052532 0.00027806
1.5833 0.0029275 0.0029817 0.0030308 0.0030906 0.0030288 0.0029667 0.0029801 0.0028175 0.0026757 0.002476 0.0021688 0.0019482 0.0016485 0.0013485 0.0010549 0.00083047 0.00054357 0.00044708 0.00026559 0.00019435 8.1241e-05 -6.2068e-05 -0.00014737 -0.00011944 -0.00021089 -0.00029645 -0.00050085 -0.00066954 -0.00093466 -0.0013033 -0.0017147 -0.0022399 -0.0027682 -0.0034885 -0.0043718 -0.0053367 -0.0064186 -0.0077272 -0.0089214 -0.010192 -0.011243 -0.01213 -0.012639 -0.012571 -0.012061 -0.01095 -0.0093095 -0.0074763 -0.0053094 -0.0032249 -0.0011431 0.00090968 0.0028179 0.0045756 0.0062672 0.0078025 0.009121 0.01003 0.01074 0.011127 0.011259 0.011236 0.011019 0.010645 0.010138 0.009671 0.0091222 0.00854 0.0079358 0.0074599 0.0068178 0.0063282 0.005795 0.0053416 0.0049685 0.0045413 0.0041328 0.0038534 0.0036078 0.003289 0.0031177 0.0027135 0.0026134 0.0024122 0.0024101 0.0021714 0.0020485 0.001991 0.0019438 0.0018986 0.001789 0.0016973 0.0016592 0.0017019 0.0014401 0.0014564 0.0013952 0.0012443 0.0012051 0.00099421
1.6667 0.0024306 0.0025059 0.0026188 0.0027023 0.0026031 0.0025374 0.002474 0.0022439 0.0020161 0.0017175 0.0013589 0.001114 0.0007967 0.00043786 0.0002051 -4.3483e-05 -0.00027979 -0.00040255 -0.00055478 -0.00063254 -0.00074836 -0.00078543 -0.0008452 -0.00080604 -0.00090056 -0.00096511 -0.0011798 -0.0013871 -0.0017005 -0.0020677 -0.0025399 -0.0030487 -0.0036972 -0.0043648 -0.0052011 -0.0062336 -0.0072632 -0.0085219 -0.009659 -0.010939 -0.011921 -0.012724 -0.013174 -0.013138 -0.012578 -0.011495 -0.0099342 -0.0080752 -0.0059668 -0.0038701 -0.0018518 4.2273e-05 0.001943 0.0037934 0.0054453 0.0069315 0.0081848 0.0091404 0.0097613 0.010144 0.010261 0.010151 0.0099141 0.0095141 0.008985 0.0085113 0.0078754 0.0073098 0.0066995 0.0061674 0.0056467 0.0050749 0.0045452 0.0041658 0.0037035 0.0033979 0.0030467 0.0027497 0.0025009 0.0021953 0.002103 0.0016998 0.001664 0.0015387 0.0013724 0.0012855 0.0010783 0.0011023 0.0011624 0.0009649 0.00093 0.00093663 0.0008802 0.00094009 0.0006578 0.00069276 0.00067806 0.00058137 0.00047364 0.00032019
1.75 0.0020567 0.0021241 0.0022538 0.0023781 0.0022536 0.0021668 0.0019899 0.0016887 0.0013799 0.001065 0.0006743 0.00039707 5.1142e-05 -0.00023843 -0.00057599 -0.00073489 -0.0010006 -0.0010887 -0.0011781 -0.0011632 -0.001242 -0.0012456 -0.0012371 -0.0012075 -0.0011892 -0.001253 -0.0014523 -0.0016861 -0.001979 -0.0024641 -0.0029997 -0.0035876 -0.0043226 -0.0051022 -0.00601 -0.0070108 -0.0081889 -0.0093944 -0.010652 -0.0118 -0.012856 -0.013645 -0.013934 -0.013849 -0.013302 -0.011998 -0.010396 -0.0084562 -0.0062869 -0.0042327 -0.0022116 -0.00024713 0.0016016 0.0034408 0.0050768 0.0065132 0.0077263 0.0085404 0.0091585 0.009454 0.0094425 0.0093214 0.0089618 0.0084849 0.0079332 0.0073745 0.0067459 0.0061532 0.0055616 0.0050573 0.0044611 0.003918 0.003449 0.0030065 0.0027037 0.0023197 0.0020467 0.0017777 0.0015613 0.0013389 0.0012367 0.00093113 0.00084196 0.00076749 0.00065655 0.00055206 0.00046448 0.00043322 0.00048835 0.00042491 0.0003363 0.00029665 0.00033773 0.00022283 9.2003e-05 9.4375e-06 6.0468e-05 -0.00027084 -0.00028418 -0.00043032
1.8333 0.0027527 0.002734 0.0027841 0.0028172 0.0027474 0.0026968 0.0026619 0.0025084 0.0023487 0.0021893 0.001854 0.0016953 0.0013689 0.0010778 0.00078321 0.00057393 0.00034639 0.00024099 1.4047e-05 -3.6067e-05 -0.0001001 -0.0002702 -0.00030989 -0.00031436 -0.00042583 -0.00049393 -0.00073006 -0.00085918 -0.0011442 -0.0014945 -0.002006 -0.0024101 -0.0029889 -0.0036946 -0.0044821 -0.0054873 -0.0065168 -0.0077012 -0.0088958 -0.010139 -0.011086 -0.011906 -0.012196 -0.012287 -0.01181 -0.010598 -0.0090622 -0.0072839 -0.0051106 -0.0031998 -0.0012039 0.00072644 0.0024678 0.0042321 0.0058175 0.0072556 0.0084775 0.0093315 0.0099946 0.010337 0.010408 0.010333 0.01014 0.0097255 0.009265 0.0087755 0.0082151 0.0077009 0.0070771 0.0065987 0.0060388 0.0054655 0.0050299 0.0045423 0.0042089 0.0037974 0.0034379 0.0031406 0.00283 0.0025836 0.0023964 0.0020498 0.0019493 0.0018248 0.0016885 0.0015239 0.0014034 0.0013605 0.0013059 0.0012159 0.0010929 0.0011068 0.0010792 0.00099321 0.00088364 0.00089213 0.00091927 0.00066586 0.000535 0.00045225
1.9167 0.0019531 0.0019471 0.002039 0.0020973 0.001993 0.0019998 0.0019028 0.0017072 0.0015234 0.0013647 0.00099848 0.00084457 0.0005595 0.0002738 -6.0995e-06 -0.00018416 -0.00044654 -0.00054217 -0.00069371 -0.00073083 -0.00079968 -0.0009044 -0.00095338 -0.00090859 -0.00093279 -0.00095695 -0.0011549 -0.0013193 -0.0015252 -0.0018503 -0.0023239 -0.0027258 -0.0033162 -0.0039996 -0.0047205 -0.0057188 -0.0067132 -0.0078701 -0.0090598 -0.010308 -0.011126 -0.011896 -0.012328 -0.012389 -0.011819 -0.010605 -0.0091838 -0.0074286 -0.0054288 -0.0035551 -0.0015681 0.00021952 0.0019749 0.0035913 0.0051597 0.0064913 0.0076743 0.0085401 0.0091553 0.0094824 0.00954 0.0094578 0.0092119 0.0087724 0.0083173 0.0078188 0.0073056 0.0067233 0.0061603 0.0056905 0.0051495 0.0046276 0.004172 0.0037343 0.0033608 0.0030104 0.002714 0.0023711 0.0021239 0.0018805 0.0017382 0.0014185 0.0013031 0.0012956 0.0011651 0.00096238 0.00090768 0.0009145 0.00084607 0.00078809 0.0007666 0.0008238 0.00076528 0.00074324 0.00057436 0.00057104 0.00046215 0.00035307 0.00034047 8.0045e-05
2 0.0024231 0.0024952 0.0025364 0.0026211 0.0025396 0.0025476 0.0024467 0.0023251 0.002164 0.0019595 0.0016858 0.0014732 0.0011882 0.00090207 0.00064359 0.00042612 0.00024455 0.00010242 -5.496e-06 -7.0474e-05 -0.00015761 -0.00025765 -0.00030491 -0.00027023 -0.00033522 -0.00030871 -0.00049701 -0.00063578 -0.00089836 -0.0012146 -0.0016425 -0.0020475 -0.0026315 -0.0032618 -0.0040182 -0.0049594 -0.0059074 -0.0070986 -0.0082054 -0.0094033 -0.01032 -0.011009 -0.011329 -0.011314 -0.010753 -0.0096472 -0.0081211 -0.0064205 -0.0044805 -0.0025515 -0.00072104 0.0010896 0.002693 0.0043645 0.0057988 0.0071762 0.0082677 0.0090751 0.0096757 0.0099658 0.010082 0.0099282 0.0096909 0.0092967 0.0087952 0.0083511 0.0078099 0.007244 0.0066383 0.0061808 0.0056156 0.0051336 0.0046521 0.0042343 0.0039133 0.0035211 0.0031529 0.0028663 0.002625 0.0023587 0.0022922 0.0019438 0.0018222 0.0017194 0.0016054 0.0014694 0.0013171 0.0013196 0.0012951 0.0011999 0.0010955 0.0010759 0.0011694 0.0010586 0.00085237 0.00093704 0.00087382 0.00068361 0.00069292 0.00042966
4 0.0016588 0.0017343 0.001865 0.001999 0.0019358 0.0019004 0.0018041 0.0016166 0.0013708 0.0011393 0.0009285 0.00071953 0.00052862 0.00036886 0.00017582 7.4584e-05 -0.00010197 -0.00014081 -0.00019938 -0.0002027 -0.00028181 -0.00029928 -0.00032789 -0.00024453 -0.00023052 -0.00020662 -0.00029572 -0.00043877 -0.00055868 -0.00082379 -0.0010634 -0.0013686 -0.0017876 -0.0022495 -0.0027799 -0.003463 -0.0041608 -0.0049535 -0.0057501 -0.0065717 -0.0071156 -0.0076222 -0.0077219 -0.0075445 -0.0070423 -0.0061047 -0.0050058 -0.0037576 -0.0024864 -0.001225 1.4083e-05 0.0011142 0.0022239 0.0033356 0.0043868 0.0052274 0.00598 0.0064664 0.006797 0.0068863 0.0068533 0.0066322 0.006338 0.0059409 0.0055449 0.0051501 0.0046965 0.0043248 0.0038016 0.003517 0.0031088 0.0027359 0.0024291 0.0021069 0.0019349 0.0016707 0.0014759 0.0012822 0.0011488 0.0010343 0.00094574 0.00070385 0.00061908 0.00065339 0.00061986 0.00047574 0.00042096 0.0004281 0.00042151 0.0004418 0.0003874 0.00032874 0.00044794 0.00035857 0.00023928 0.00016833 0.00021886 -2.7212e-05 -3.4183e-05 -0.00022133
6 0.0012184 0.0013008 0.0013372 0.0014054 0.0012436 0.0011901 0.0011287 0.00094888 0.00077496 0.00068706 0.00047023 0.00037773 0.00022127 0.00011782 5.4113e-05 7.5966e-05 -1.642e-05 4.4464e-05 5.7724e-05 8.5301e-05 0.0001636 0.00012192 0.00015664 0.00028703 0.00030029 0.00033481 0.00023619 0.00016481 0.00010721 -9.7866e-05 -0.00023683 -0.00038858 -0.00068706 -0.00095005 -0.0012682 -0.0017454 -0.0020684 -0.0025668 -0.003024 -0.0034931 -0.0036792 -0.0038572 -0.0037907 -0.00364 -0.0032405 -0.0025477 -0.0018519 -0.0011445 -0.00034791 0.00032497 0.0010108 0.0016538 0.002229 0.0028802 0.0034461 0.0039823 0.0043963 0.0046701 0.0048514 0.0048404 0.0047326 0.0045467 0.0043467 0.0040548 0.0037681 0.0034636 0.0031617 0.0028645 0.0025611 0.0023518 0.0021171 0.0018657 0.0016567 0.0014708 0.0013395 0.0012103 0.0011042 0.0009921 0.00095685 0.00081095 0.00074855 0.00058395 0.0005757 0.00065087 0.00058779 0.00055759 0.00047477 0.00058184 0.00061459 0.00051401 0.00052012 0.00049956 0.00049047 0.00055667 0.00039728 0.00041103 0.0004509 0.00027511 0.00021338 7.1078e-05
8 0.00029965 0.00034606 0.00036401 0.00039279 0.00023824 0.00015506 0.00013018 -7.249e-05 -0.00020002 -0.0002333 -0.00040494 -0.00045944 -0.00058992 -0.00060747 -0.00069813 -0.0006227 -0.00072198 -0.00065267 -0.00066794 -0.00065486 -0.00065092 -0.00065373 -0.00062664 -0.00059719 -0.00058288 -0.00055319 -0.00062661 -0.00068129 -0.0007272 -0.00088612 -0.001041 -0.0010823 -0.0012723 -0.0014522 -0.0016929 -0.0019985 -0.0021877 -0.0025924 -0.0028877 -0.0032083 -0.0033988 -0.0036712 -0.0035958 -0.0035348 -0.0032246 -0.0027027 -0.0022255 -0.0018871 -0.001278 -0.00079559 -0.0002772 0.00021525 0.00063042 0.0011696 0.0016368 0.0020584 0.0024923 0.0026548 0.0028145 0.0028815 0.0028863 0.0027074 0.0026007 0.0023654 0.0021648 0.0019608 0.0017423 0.001578 0.001361 0.0012243 0.0009607 0.00082218 0.00062085 0.00055059 0.00042941 0.00033473 0.00018444 5.6911e-05 9.1412e-05 -8.17e-06 -2.9521e-05 -0.00015032 -0.00017845 -7.5111e-05 -0.000161 -0.00017203 -0.00022482 -9.9804e-05 -4.8195e-05 -0.00019503 -0.000116 -0.00010224 -0.00013931 -6.0752e-05 -0.00018302 -0.00026482 -0.00018201 -0.00045473 -0.00039403 -0.00038439
10 0.00029513 0.00038451 0.00038079 0.00046409 0.00035113 0.00028179 0.0002543 3.5131e-05 -5.0214e-05 -0.00010809 -0.00028581 -0.00031996 -0.00042846 -0.00044219 -0.0005044 -0.00053312 -0.00063313 -0.00054776 -0.0005483 -0.00050832 -0.00049792 -0.00053362 -0.00049706 -0.00046285 -0.00043959 -0.00043789 -0.00054051 -0.00059628 -0.00058393 -0.00078329 -0.00085056 -0.00088333 -0.0010566 -0.0012034 -0.001375 -0.0015963 -0.0017066 -0.0020553 -0.0022416 -0.0025135 -0.0026711 -0.0027419 -0.0026643 -0.0026962 -0.0023974 -0.0019862 -0.0017283 -0.001415 -0.0010156 -0.00063487 -0.00025934 0.00017247 0.00044667 0.00084395 0.0011612 0.0015312 0.0017807 0.0019709 0.002057 0.0021055 0.0021009 0.0019937 0.0018631 0.0016675 0.0014768 0.0013627 0.0011746 0.0010508 0.00083383 0.00078394 0.00063549 0.00042546 0.00032392 0.00017971 0.00018355 0.00012732 4.409e-05 -5.672e-05 -7.8136e-05 -0.00010721 -0.00010084 -0.00024 -0.00024166 -0.00021365 -0.00020928 -0.0001644 -0.00028558 -0.00021059 -0.00021484 -0.00019823 -0.00015553 -0.00020048 -0.0001577 -0.00010283 -0.00025124 -0.00026076 -0.00032164 -0.00050611 -0.00043936 -0.00052782
12 0.00037865 0.00037239 0.00048964 0.00060906 0.00056905 0.00068376 0.00073165 0.0006467 0.00063642 0.00058561 0.00049829 0.00043615 0.00042424 0.00030542 0.00022597 0.00023092 3.0681e-05 3.4564e-05 -4.7437e-05 -4.343e-05 -0.00013569 -0.00015757 -0.00021073 -0.00016449 -7.7915e-05 -1.8635e-05 1.6925e-06 5.6567e-05 8.0431e-05 0.00012884 7.8509e-05 9.677e-05 4.76e-05 -8.8478e-05 -0.00023523 -0.00033781 -0.0003991 -0.00074526 -0.00089985 -0.001221 -0.0011655 -0.0013438 -0.0012883 -0.001361 -0.0012212 -0.00098602 -0.00076244 -0.00064392 -0.00036698 -0.00021702 0.00013206 0.00036723 0.00069229 0.00093231 0.00119 0.0015049 0.0017614 0.0018891 0.0020083 0.0020636 0.0020696 0.0020653 0.0020122 0.0018579 0.0016911 0.0016314 0.0014679 0.0013806 0.0012246 0.0011967 0.0010626 0.00089853 0.00079146 0.00068276 0.0006226 0.00054823 0.00044151 0.00035584 0.00024052 0.0002601 0.00026178 4.5641e-05 7.7723e-05 8.6229e-05 2.3845e-05 5.2304e-05 -2.2828e-05 -7.089e-06 5.2864e-05 4.0119e-05 0.00010461 0.00011715 0.00019262 0.000268 0.00019873 0.00023456 0.00018314 7.5486e-05 7.953e-06 8.1782e-05
14 0.00083029 0.00080725 0.00077 0.00086238 0.00076779 0.00077631 0.00084181 0.00079624 0.00085583 0.00084129 0.0008439 0.00083779 0.00077471 0.00077897 0.0007325 0.00070935 0.00068821 0.00069008 0.00066901 0.00066811 0.00061107 0.00056207 0.00052357 0.00059852 0.00053294 0.00060319 0.0005364 0.00056527 0.00059923 0.00056526 0.00058751 0.0005739 0.00055999 0.00055628 0.00052017 0.00044116 0.0004936 0.0003001 0.00020945 -7.145e-06 0.00012234 -1.3025e-05 7.9695e-05 9.0985e-05 0.00021464 0.00043143 0.00045225 0.00055539 0.00075719 0.00085473 0.0010574 0.0011518 0.0012398 0.0013523 0.0014686 0.0016383 0.0017545 0.0018579 0.0018598 0.0019096 0.0019002 0.0018941 0.0018559 0.0017825 0.0016884 0.0016437 0.0015666 0.0015004 0.0013882 0.0013793 0.0012546 0.0011686 0.0010849 0.00096715 0.0010055 0.00087469 0.00076974 0.0007001 0.00067868 0.00057268 0.00066614 0.00046048 0.00051696 0.00042719 0.0004597 0.00036572 0.00032549 0.0003962 0.00039163 0.0003978 0.00036787 0.00042468 0.00047573 0.00048696 0.00034978 0.00041912 0.00042421 0.00035909 0.0004267 0.00021768
16 7.836e-05 0.00022385 0.00027324 0.00038551 0.00033132 0.00027163 0.00027673 0.00011529 2.3654e-05 -4.2657e-05 -0.00022943 -0.00020189 -0.00031104 -0.00036061 -0.00038518 -0.0003878 -0.00051517 -0.0004459 -0.00048005 -0.00049715 -0.00048553 -0.00056536 -0.00054196 -0.00042279 -0.00039 -0.00028362 -0.00030042 -0.0003435 -0.0002785 -0.0003858 -0.00041897 -0.00044266 -0.00051201 -0.00058865 -0.00066209 -0.00079214 -0.00089784 -0.0010827 -0.001128 -0.0012497 -0.0012595 -0.001417 -0.0013415 -0.001266 -0.0013394 -0.001096 -0.00098321 -0.00097749 -0.00074082 -0.00056494 -0.00035777 -0.00016594 -5.0519e-05 0.000192 0.00034229 0.0005473 0.00074088 0.00081591 0.00087292 0.0008808 0.00084256 0.00077087 0.00068765 0.0005851 0.00049164 0.00043786 0.00027567 0.00021003 6.2031e-05 4.5188e-05 -1.976e-05 -0.00011357 -0.00014983 -0.00024888 -0.00018046 -0.00029539 -0.0003564 -0.00038231 -0.00040102 -0.0003925 -0.00032893 -0.00043758 -0.00049292 -0.00031628 -0.00035135 -0.00038324 -0.00032535 -0.00037105 -0.00024949 -0.00016201 -0.00016026 -0.00013642 -0.00014612 -6.4665e-05 -0.0002074 -0.00020835 -0.00012009 -0.00022739 -0.00026517 -0.00020776
18 0.00032571 0.00044111 0.00052417 0.00070324 0.00065646 0.00067815 0.0006344 0.00048436 0.00039329 0.00033011 0.00021945 0.0001729 0.00012796 8.5785e-05 8.1605e-06 1.7821e-05 -5.2539e-05 8.1775e-06 -0.00011446 -9.9962e-05 -0.00012704 -0.00022277 -0.00021389 -0.0001477 -0.00013439 -0.00011166 -6.8148e-05 -9.312e-05 -1.3214e-05 -3.6192e-05 -4.0604e-05 -1.9144e-05 -3.5148e-05 -9.3372e-05 -6.2491e-05 -9.8334e-05 -7.4652e-05 -0.00022648 -0.00021556 -0.00038067 -0.00033893 -0.00042133 -0.00034083 -0.00036633 -0.00049813 -0.00035983 -0.00028864 -0.00042448 -0.00025345 -0.00018759 -0.00018973 -8.1721e-05 3.9711e-05 0.00019306 0.00033729 0.00043939 0.00058498 0.00070785 0.00073735 0.00078919 0.00081504 0.0007283 0.0007159 0.00059774 0.00057435 0.00053119 0.00046992 0.00045439 0.00029986 0.0003598 0.00029374 0.00018122 0.0001267 9.7587e-05 7.9553e-05 6.7733e-05 -1.0326e-05 9.161e-06 3.0424e-05 1.1807e-06 6.0902e-05 -0.00014636 -6.1914e-05 1.4894e-05 3.6827e-05 -8.1717e-05 -0.00010602 -6.2114e-05 4.7557e-05 6.2545e-05 5.5576e-05 7.6523e-05 0.00013199 0.0001844 8.0082e-05 8.8771e-05 0.00015449 -1.7198e-05 8.9689e-05 8.8324e-05
20 -8.9604e-05 -1.4707e-05 -2.0088e-05 8.4628e-05 -3.2593e-05 -5.3354e-05 -3.917e-05 -0.00020778 -0.00026762 -0.00028661 -0.0003429 -0.00034616 -0.00037483 -0.00040416 -0.00042394 -0.00035948 -0.00039057 -0.00038223 -0.00031499 -0.00030523 -0.00028066 -0.00033123 -0.00032406 -0.00022123 -0.00021363 -0.00021476 -0.00022222 -0.0002211 -0.00017715 -0.00022624 -0.00028596 -0.00025891 -0.00031527 -0.000346 -0.00032654 -0.00033012 -0.00036937 -0.0004573 -0.00044058 -0.00047179 -0.00048096 -0.00046863 -0.00032481 -0.00032968 -0.00026495 -8.8794e-05 -0.00013009 -0.00015215 -6.3107e-05 -5.8772e-05 -6.6148e-05 3.1916e-05 2.626e-05 0.00010263 0.00018291 0.00022503 0.00029534 0.00030183 0.00034347 0.00036562 0.00027016 0.00022954 0.00021267 0.00015066 4.575e-06 2.1983e-05 -2.6657e-05 -9.9343e-05 -0.00016178 -0.00013889 -0.00019505 -0.00024414 -0.00031926 -0.00033537 -0.00031869 -0.0003345 -0.00032936 -0.00034241 -0.00034159 -0.00041797 -0.00032111 -0.00046498 -0.00042513 -0.00034397 -0.00036171 -0.0003378 -0.00041078 -0.00026853 -0.00022761 -0.00022745 -0.00026207 -0.00029015 -0.00016213 -0.0001353 -0.00022837 -0.0002006 -0.00014649 -0.00032509 -0.00030542 -0.00037992
22 -0.00049463 -0.00045696 -0.00042615 -0.00032278 -0.00041466 -0.0003465 -0.0003082 -0.00043469 -0.0004438 -0.00044766 -0.00050493 -0.00052438 -0.00053882 -0.0005867 -0.00065732 -0.00060256 -0.00070008 -0.00064171 -0.00070387 -0.00072543 -0.00073813 -0.00082534 -0.0007947 -0.00074603 -0.00069864 -0.00069565 -0.00066983 -0.00061541 -0.00056282 -0.00064538 -0.00062722 -0.00058864 -0.00060602 -0.00068824 -0.00070218 -0.00076468 -0.00071922 -0.00081115 -0.00083742 -0.00099632 -0.00094698 -0.0010958 -0.00095093 -0.00098587 -0.0010158 -0.00086896 -0.00092662 -0.00092107 -0.00083395 -0.00080166 -0.0005818 -0.00057232 -0.00055676 -0.00038657 -0.00029604 -0.00016982 -8.9139e-05 -4.9743e-05 5.028e-05 9.5674e-05 4.0199e-05 3.2252e-05 -1.511e-06 -4.6657e-05 -0.00013775 -0.00010128 -0.00018025 -0.00016068 -0.00027486 -0.00020784 -0.00025172 -0.00036851 -0.00041749 -0.00045463 -0.00039006 -0.0003927 -0.00048595 -0.00053832 -0.00052288 -0.00055996 -0.00051136 -0.00055869 -0.00056763 -0.00043848 -0.00052092 -0.00050227 -0.0005214 -0.00046294 -0.00045653 -0.00032927 -0.00033944 -0.00028551 -0.00028342 -0.00024611 -0.00036447 -0.0002685 -0.0003315 -0.00048432 -0.00046061 -0.00050658
24 3.1796e-05 0.00010799 0.00019666 0.00032046 0.00030276 0.00033357 0.00033219 0.00030036 0.00023548 0.00022361 0.00015584 0.00011988 7.3304e-05 -4.2025e-05 -8.4399e-05 -0.00011444 -0.00020603 -0.0001612 -0.00022182 -0.00024086 -0.00028833 -0.00031154 -0.00037897 -0.0002314 -0.00023879 -0.00019087 -0.00016775 -0.00015165 -7.2722e-05 -8.4373e-05 -0.00020988 -0.00011322 -0.00012576 -0.00017031 -0.00024526 -0.00020867 -0.00028611 -0.00031112 -0.00033784 -0.00042378 -0.00039301 -0.00046009 -0.0003134 -0.00042093 -0.00043776 -0.00020998 -0.0002612 -0.00023451 -0.00010044 -0.0001457 -1.6152e-05 4.5809e-05 4.2418e-05 9.956e-05 0.00022269 0.00028835 0.0003726 0.00041159 0.00043502 0.0004585 0.00040966 0.0004356 0.00038958 0.0002755 0.00023227 0.00019987 0.00015454 0.00012596 0.00011158 0.00015577 9.8936e-05 -1.1414e-05 -4.598e-05 -4.3173e-05 1.2355e-05 -3.366e-05 -9.334e-05 -0.00011049 -0.00013502 -0.00011357 -8.5218e-05 -0.00021308 -6.7397e-05 -3.9618e-05 -4.966e-05 -4.961e-06 -7.7021e-05 -6.5988e-06 1.849e-05 5.9158e-05 6.9856e-05 7.3431e-05 0.0001645 0.00021424 0.00013546 0.00018819 -2.1043e-06 8.95e-05 0.00010941 6.739e-06
26 -0.00018102 -3.9678e-05 0.00013873 0.0003263 0.00031385 0.00042685 0.00044111 0.00032969 0.00026944 0.00018747 2.0884e-05 2.7187e-05 -3.9025e-05 -0.00014298 -0.00025045 -0.00025058 -0.00038983 -0.00042829 -0.00054396 -0.00055075 -0.00061504 -0.00064553 -0.00064783 -0.00056006 -0.00048973 -0.00029935 -0.00031667 -0.00020037 -7.4937e-05 -4.4448e-05 -6.4319e-05 1.553e-06 -8.1835e-06 -0.0001036 -7.7156e-05 -0.00013633 -0.00014339 -0.00027626 -0.00034769 -0.0004218 -0.00046941 -0.0005352 -0.00049899 -0.00053885 -0.0006015 -0.0005589 -0.00064556 -0.00065638 -0.00065179 -0.00067142 -0.00055071 -0.00049438 -0.0004624 -0.00026328 -0.00017385 -6.0941e-05 3.1842e-05 0.00014547 0.00026134 0.00027414 0.00030012 0.00025992 0.00025851 0.0001192 0.00013238 0.00010712 4.0597e-05 -3.2261e-05 -9.3071e-05 -7.3318e-05 -0.00014175 -0.00020747 -0.000297 -0.00037958 -0.00033437 -0.0004109 -0.00043587 -0.0004168 -0.00055496 -0.00056583 -0.00051226 -0.00070938 -0.00063735 -0.00059332 -0.00054177 -0.00057844 -0.0005514 -0.00045603 -0.00039538 -0.00043594 -0.00031496 -0.00028701 -0.00016487 -0.00012173 -0.00034596 -0.00020111 -0.00021657 -0.00037896 -0.00029029 -0.00045615
28 -0.00011296 -5.7392e-05 2.4675e-05 0.0001822 0.00010103 0.0001313 0.00019747 9.3836e-05 5.8118e-05 4.251e-05 -7.5619e-05 -8.786e-05 -0.00011157 -0.00015751 -0.00020199 -0.00021226 -0.00028469 -0.00025799 -0.00031734 -0.00032326 -0.00036437 -0.00039683 -0.00037915 -0.00036469 -0.00028215 -0.0001224 -0.00012916 -2.9105e-05 4.5562e-05 8.0485e-06 3.5144e-05 6.0981e-05 3.9897e-05 2.3065e-05 2.9643e-05 -7.1965e-06 -3.7632e-05 -6.9884e-05 -4.4082e-05 -0.00020781 -0.00011699 -8.7413e-05 -4.914e-05 -0.00011801 -0.00020077 -0.00011476 -0.00015778 -0.00023042 -0.00023316 -0.00019773 -0.00019826 -0.00010774 -0.00016647 -9.431e-05 -2.5971e-05 8.0006e-05 0.00010757 0.00014758 0.00020069 0.00025838 0.00023025 0.00023373 0.00019277 0.00011436 9.3523e-05 5.8384e-05 -1.8232e-05 -1.6449e-05 -9.8281e-05 -7.8257e-05 -0.00015391 -0.00021227 -0.00030597 -0.00027656 -0.00032607 -0.00031501 -0.00044198 -0.00047707 -0.0004681 -0.00048514 -0.00046338 -0.0005294 -0.00053988 -0.00046032 -0.00047819 -0.00044631 -0.00050655 -0.00037115 -0.00029203 -0.0002866 -0.00037744 -0.00025908 -0.0002337 -7.546e-05 -0.00033693 -0.00014217 -0.00024181 -0.00038649 -0.00034361 -0.00047873
30 0.00054886 0.00052652 0.00059954 0.00077027 0.00075186 0.00087474 0.00098818 0.00095499 0.0010092 0.001007 0.00096691 0.00097455 0.00091142 0.00088405 0.00076874 0.00074364 0.00066047 0.00060823 0.00052455 0.00046162 0.00038085 0.00026759 0.00021146 0.00022347 0.00026456 0.00041544 0.00039141 0.00050522 0.0006136 0.00061297 0.00063986 0.00078767 0.00085948 0.00091161 0.00090958 0.0009551 0.0010459 0.00090979 0.00097843 0.00080174 0.00097607 0.00089701 0.00095075 0.00086019 0.0007819 0.00084043 0.00072706 0.00070338 0.00072394 0.00059559 0.00066734 0.00068218 0.00057924 0.00063481 0.00058198 0.00068303 0.00075629 0.00080683 0.00089066 0.0009248 0.00094188 0.00097198 0.00095582 0.00096517 0.0009188 0.00098015 0.00097811 0.00096181 0.00087575 0.00092159 0.00087755 0.00082427 0.00073696 0.00069734 0.00068151 0.00061255 0.00054019 0.00043011 0.00043417 0.00034855 0.00038611 0.00017517 0.0002154 0.00022003 0.00023077 0.00019192 0.00015421 0.00020291 0.00022308 0.00024296 0.00031804 0.00034033 0.00038312 0.00041976 0.0003375 0.00043812 0.00045047 0.00032105 0.0003895 6.4456e-05
32 0.00017067 0.00018199 0.00025182 0.00040684 0.00034181 0.00036985 0.00034402 0.00025345 0.00018305 0.00017383 6.3379e-05 8.983e-05 1.3392e-05 -1.0889e-05 -5.4104e-05 -1.451e-05 -7.2156e-05 -1.7484e-05 -4.8392e-05 -1.2011e-05 -7.3742e-05 -0.00013245 -0.00010912 -2.715e-05 1.4929e-05 0.0001107 7.967e-05 0.00014615 0.00021544 0.00020233 0.00017938 0.00020425 0.0002603 0.0002077 0.0002341 0.00029504 0.00027418 0.00019379 0.00023954 0.00018991 0.00028376 0.00023682 0.00041465 0.00023299 0.00027914 0.00035598 0.00027967 0.00022942 0.00023512 0.00017793 0.00020491 0.00024138 0.00016467 0.00021398 0.00016444 0.00026584 0.00031356 0.00031363 0.00038124 0.00039443 0.00032449 0.00036517 0.00036202 0.0002755 0.00021167 0.00023505 0.00019753 0.00012537 6.39e-05 0.0001054 6.4548e-05 -8.1105e-06 -9.183e-06 -3.5567e-05 -2.0746e-05 -6.0455e-05 -4.7487e-05 -0.00011855 -0.00010691 -7.6009e-05 -2.8297e-05 -0.0002051 -0.0001494 -2.5086e-05 -9.4864e-05 -4.1803e-05 -5.116e-05 2.2213e-05 0.00013256 0.00016816 0.00014135 0.0001525 0.00023585 0.00029424 0.00016325 0.00018726 0.00028319 8.7552e-05 4.4284e-05 9.7262e-05
34 -7.5558e-05 -0.00013796 -7.1377e-05 7.1512e-05 -3.4593e-05 3.2589e-05 7.2497e-05 5.848e-06 -4.825e-07 -2.8512e-05 -9.5955e-05 -7.5376e-05 -4.992e-05 -0.00011214 -0.00012863 -0.00013865 -0.00016182 -0.00010105 -0.00020041 -0.00011797 -0.00021128 -0.00024477 -0.00021016 -0.00017685 -0.00015611 -3.3701e-05 -6.1511e-05 1.7916e-05 7.0373e-05 5.3814e-05 -5.42e-06 0.00011513 6.9927e-05 9.5957e-05 0.00012082 0.00010844 0.00014445 2.8953e-05 6.4771e-05 -3.0945e-05 8.9844e-05 -3.5636e-05 7.2853e-05 1.2447e-05 -2.8736e-05 0.00013099 -1.0146e-05 -9.5e-05 5.0569e-05 -7.9588e-05 7.374e-05 6.8913e-05 5.7632e-05 8.3178e-05 9.3133e-05 0.00013237 0.00022946 0.00021503 0.00029321 0.00029594 0.00029546 0.00026478 0.00025923 0.00027642 0.00019779 0.00018202 0.0001824 0.00018399 7.3558e-05 0.00017495 0.00013431 4.8446e-05 -1.2675e-06 -1.5446e-05 2.4057e-05 -7.2703e-05 -9.3886e-05 -0.00011372 -7.3808e-05 -0.0001576 -7.3941e-05 -0.00024542 -0.00016828 -0.00010387 -9.7188e-05 -0.00010371 -0.00016409 -4.3222e-05 2.9646e-05 6.5046e-05 2.5315e-05 9.9941e-05 0.00015447 0.0002244 0.00011566 0.00015235 0.00014306 -6.1914e-05 -8.4867e-05 -0.00011227
36 0.00010077 0.00015944 0.00025406 0.00037608 0.00026849 0.0002949 0.00023395 7.5195e-05 4.94e-06 -6.6064e-05 -0.00017588 -0.00014238 -0.00022774 -0.00018531 -0.00018261 -0.00016099 -0.00023817 -0.00018923 -0.00019543 -0.00020124 -0.00017531 -0.00023415 -0.00022301 -0.00011119 -6.7204e-05 4.189e-06 -6.5169e-05 -2.7467e-05 1.998e-05 -1.6949e-05 -3.3992e-05 2.4139e-05 1.4588e-05 -7.4175e-06 -9.499e-05 7.2955e-06 2.1054e-05 -0.00011614 -0.00010133 -0.0001591 -3.8102e-05 -0.0001395 -2.7594e-05 -0.0001272 -0.00015153 -3.2315e-05 -0.00010269 -9.4158e-05 -2.1254e-05 -7.4486e-05 2.9576e-05 2.1783e-05 4.2632e-05 8.5535e-05 0.00016873 0.00019326 0.0002527 0.0002635 0.00028428 0.00030012 0.00024624 0.00020318 0.00021474 0.00016413 9.5495e-05 8.7929e-05 8.7134e-05 6.8983e-05 -3.4026e-05 -3.95e-06 -5.725e-05 -0.00011557 -0.00012388 -0.00017208 -0.00017749 -0.00018596 -0.00020448 -0.00022055 -0.00026267 -0.00024527 -0.00019211 -0.00024676 -0.00033347 -0.00014928 -0.00016861 -0.00025025 -0.00025458 -8.7525e-05 -6.1579e-05 -3.9667e-05 3.4598e-05 3.8767e-05 8.2149e-05 6.0393e-05 -0.00011968 -0.00015082 -3.909e-05 -0.00023423 -0.00024006 -0.00043625
38 0.00019059 0.00033493 0.00029405 0.00038395 0.00031839 0.00027093 0.00029244 0.00010285 3.7266e-05 5.0388e-05 -0.0001036 -8.7781e-05 -0.00012536 -9.2203e-05 -0.0001155 -7.6563e-05 -0.00012283 -5.4361e-05 -2.6554e-05 -1.9022e-05 -1.2091e-05 1.9083e-05 -1.8862e-05 0.00010934 8.4912e-05 0.00012757 8.0908e-05 9.9855e-05 0.00010297 1.8103e-05 -7.0119e-05 -7.0056e-05 -7.5449e-05 -0.00012073 -3.4266e-05 -5.912e-05 2.6103e-05 -8.2609e-05 2.7335e-05 -0.00011045 -4.239e-06 2.8973e-05 6.6658e-05 0.00010223 0.00012949 0.00020437 0.00022805 0.00017428 0.00021215 0.00026042 0.00018931 0.00025003 0.00017789 0.00016154 0.00019534 0.00020347 0.00020393 0.00018828 0.00017874 0.00014659 7.1526e-05 9.8248e-05 4.0364e-05 9.823e-06 -1.3263e-05 -2.5244e-05 -4.3568e-05 -7.5138e-05 -0.00013432 -9.5142e-05 -0.00017003 -0.00019084 -0.00020407 -0.00020994 -0.00021163 -0.00016247 -0.00019228 -0.00015472 -0.0002502 -0.00021735 -0.00017226 -0.00023781 -0.00019943 -7.3643e-05 -6.9265e-05 -0.00010965 -0.00012528 -3.4181e-05 4.9763e-05 -6.3215e-05 2.7576e-05 3.1739e-05 1.2712e-05 0.00011203 -0.00019879 -9.9441e-05 -0.00013745 -0.00024445 -0.00026782 -0.00036989
40 -0.0001335 -0.00010728 -5.946e-05 8.453e-07 -0.00010107 -0.0001085 -0.00013071 -0.00024402 -0.00028743 -0.00031866 -0.00038091 -0.00042883 -0.00045379 -0.00045339 -0.00043381 -0.00043035 -0.00049461 -0.00038912 -0.00045861 -0.00041913 -0.00040796 -0.00039084 -0.00041651 -0.00033573 -0.00026463 -0.00019925 -0.00027913 -0.00029827 -0.00029637 -0.00039896 -0.00044142 -0.00046329 -0.00053569 -0.00058782 -0.00053111 -0.00059349 -0.00056852 -0.00063757 -0.00061158 -0.00061301 -0.00055356 -0.00058438 -0.00042366 -0.00048757 -0.00053172 -0.00042028 -0.00041439 -0.00045636 -0.00041384 -0.00038093 -0.00036393 -0.00031693 -0.00033647 -0.00032898 -0.00041176 -0.00032234 -0.0003004 -0.00030853 -0.00036634 -0.00035906 -0.00042201 -0.00044009 -0.00050565 -0.00055711 -0.00059122 -0.00059035 -0.00069217 -0.00066947 -0.00063648 -0.00067291 -0.00065792 -0.00073813 -0.00073257 -0.00068518 -0.00069353 -0.00068278 -0.00074558 -0.00069888 -0.00070701 -0.00070819 -0.00060366 -0.00071661 -0.00064043 -0.0005543 -0.00050847 -0.0006035 -0.00063237 -0.00054679 -0.00049323 -0.00040915 -0.00056246 -0.00042609 -0.00052068 -0.00042622 -0.00061526 -0.0005952 -0.00065007 -0.00075867 -0.00083021 -0.00099762
42 -8.3682e-05 -3.0096e-05 2.4098e-05 0.0001483 9.3904e-05 0.00011005 0.00012976 2.578e-05 -5.5006e-05 -0.00012236 -0.00024743 -0.0002182 -0.00031929 -0.00033614 -0.00038586 -0.00038414 -0.0004187 -0.00039661 -0.0004608 -0.00036492 -0.00039918 -0.00045445 -0.00040878 -0.00030604 -0.00031168 -0.00018317 -0.00022573 -0.00021207 -0.00018149 -0.00031222 -0.00031619 -0.00036428 -0.00041584 -0.0004152 -0.00053263 -0.00057511 -0.00044682 -0.00056264 -0.0005275 -0.00064076 -0.0005223 -0.00048743 -0.0004282 -0.00042385 -0.00045081 -0.00037916 -0.00038173 -0.00043687 -0.00035416 -0.00032952 -0.0003362 -0.00030408 -0.00028784 -0.00029872 -0.00028824 -0.00030845 -0.00028437 -0.00028851 -0.00027248 -0.00030819 -0.0003648 -0.00040012 -0.00044365 -0.00053044 -0.00055058 -0.0006302 -0.00065668 -0.00067839 -0.00072232 -0.00069478 -0.00073451 -0.00079119 -0.00084983 -0.00086737 -0.00076441 -0.00075658 -0.00080906 -0.00080691 -0.00079243 -0.00083695 -0.00072985 -0.00079903 -0.00071662 -0.00073463 -0.00061698 -0.00070028 -0.00063314 -0.00059465 -0.00048289 -0.00046474 -0.00045871 -0.00051167 -0.0004319 -0.00039919 -0.00066673 -0.00055721 -0.00055066 -0.00087016 -0.00075548 -0.0010598
44 -0.00016271 -4.9972e-05 8.7078e-05 0.00023065 0.00017889 0.00025598 0.00028716 0.00014573 7.4882e-05 2.1879e-05 -0.00011896 -0.00012946 -0.00022144 -0.00028242 -0.00032152 -0.00036474 -0.00039881 -0.00034832 -0.000412 -0.00038392 -0.00041471 -0.00037693 -0.00042601 -0.0002435 -0.00021823 -0.00016699 -0.0001404 -9.8021e-05 -2.5549e-05 -0.00013652 -0.00015713 -0.0001748 -0.00027189 -0.00034216 -0.00038046 -0.00040013 -0.00039355 -0.00046156 -0.00052796 -0.0005248 -0.00042887 -0.00043163 -0.00022845 -0.0003696 -0.00040519 -0.00031847 -0.00031035 -0.00046141 -0.00035828 -0.00037243 -0.000343 -0.00031421 -0.00030146 -0.00031059 -0.00026623 -0.00026773 -0.00021467 -0.00024945 -0.00019366 -0.00024549 -0.00024328 -0.00035794 -0.00034375 -0.00046983 -0.00052135 -0.00055019 -0.000612 -0.00065115 -0.00074968 -0.00072265 -0.00075419 -0.00082296 -0.00084076 -0.00085259 -0.00081736 -0.00083849 -0.00087647 -0.00088875 -0.00088659 -0.00080242 -0.00077168 -0.00089827 -0.00085433 -0.00078438 -0.00066745 -0.00068363 -0.000784 -0.00065759 -0.00064693 -0.00052569 -0.0005441 -0.00056047 -0.00040782 -0.00049746 -0.00059043 -0.00058866 -0.00062322 -0.00072894 -0.00071081 -0.00086931
46 0.0003138 0.00034884 0.00044089 0.00063278 0.00062274 0.00075781 0.0007945 0.00077918 0.00076631 0.00075607 0.00066451 0.00069188 0.00060429 0.00056547 0.00051186 0.00042665 0.00032885 0.00029799 0.00025609 0.00020539 0.0001427 9.0912e-05 6.2061e-05 0.00010919 0.00020114 0.00031077 0.00035812 0.00046931 0.00058102 0.00052265 0.000612 0.00067505 0.00057682 0.00062329 0.00055687 0.00051792 0.00052209 0.00050531 0.00043948 0.00026448 0.00037978 0.00027398 0.00022063 0.00021333 0.00012037 0.00022326 5.4976e-05 1.4528e-05 0.00018543 0.00010767 0.00013486 0.00019507 0.00019366 0.0002752 0.00033696 0.00033978 0.00042669 0.00046765 0.00054339 0.00054064 0.00055344 0.0005506 0.00058972 0.0004693 0.00046352 0.00048074 0.00044111 0.00043103 0.00030992 0.00037522 0.000376 0.00029176 0.00024952 0.00023164 0.00025599 0.00018158 0.00014065 0.00010031 4.6796e-05 9.2703e-05 8.3905e-05 -4.4785e-05 -1.293e-05 8.4007e-05 2.0823e-05 2.9801e-05 -3.4647e-05 0.00010352 9.3216e-05 0.00013113 0.00020716 0.00019818 0.00027942 0.00026957 8.7332e-05 0.00022402 0.00016522 6.0297e-05 8.0469e-05 -0.0001569
48 0.00015272 0.00015608 0.00027232 0.00046363 0.00043898 0.00053308 0.00064293 0.00059293 0.00057521 0.00052106 0.00045708 0.00049918 0.00038222 0.0003376 0.00029491 0.00023609 9.7752e-05 0.00015275 5.6085e-05 -1.8594e-05 -5.4584e-05 -0.0001032 -0.00013051 -3.5568e-05 -1.3916e-05 0.00011566 0.00019283 0.0002726 0.00037459 0.00040155 0.0003856 0.00044187 0.00037167 0.00042973 0.0004047 0.00039228 0.00039519 0.00024237 0.00034297 0.000268 0.00031628 0.00025458 0.00036423 0.0002249 0.00021839 0.00027042 0.00013305 -4.4958e-05 7.7243e-05 -4.4994e-05 -7.8384e-05 -3.7511e-05 -7.4114e-05 -4.0589e-05 -4.4745e-05 -4.0003e-06 4.2237e-05 6.5025e-05 0.00011227 0.00013382 0.00013864 0.00011117 0.0001552 7.635e-05 7.7181e-05 2.377e-05 3.9182e-06 2.4371e-05 -4.3585e-05 -1.7752e-05 -6.545e-05 -0.00010763 -0.00015578 -0.00020519 -0.00012181 -0.00014966 -0.00023925 -0.00027404 -0.000248 -0.0002372 -0.00028403 -0.00034624 -0.00033482 -0.00023189 -0.00024341 -0.00032211 -0.00030677 -0.000143 -0.00014568 -0.00012631 -0.0002009 -7.4298e-05 -1.1786e-05 5.194e-05 -4.4789e-05 3.3726e-05 -5.9883e-05 -0.00025958 -0.00016269 -0.00040741
50 -4.1612e-05 2.1722e-05 4.0403e-05 0.00021158 0.00019712 0.00022411 0.00034033 0.00025031 0.00025446 0.00025048 0.00017853 0.00023526 8.8086e-05 9.3939e-05 6.0139e-05 1.9664e-05 -6.1234e-05 -5.2449e-05 -0.00014542 -0.00014732 -0.00022024 -0.00027228 -0.00029111 -0.00022624 -0.00021855 -0.00015273 -0.00017663 -0.00012995 -8.2236e-05 -8.994e-05 -0.00011583 -0.00010659 -6.8132e-05 -2.4333e-05 -9.841e-05 -6.2895e-05 -6.9414e-05 -0.00017948 -8.336e-05 -0.00018579 -0.00012784 -0.00018876 -7.2087e-05 -0.00017118 -0.00020162 -0.00014729 -0.00012791 -0.00022436 -0.00015822 -0.00016926 -0.00014954 -0.00010566 -0.00017574 -0.00010511 -0.00012819 -2.751e-05 3.2982e-05 -1.1667e-05 3.5091e-05 6.7824e-05 6.5262e-05 8.3857e-05 9.0994e-05 3.9645e-05 -2.847e-06 -6.957e-06 -3.0015e-06 1.0406e-05 -4.1189e-05 -9.577e-06 -2.718e-05 -3.8168e-05 -0.00013802 -0.00015396 -0.00010433 -0.00015427 -0.00017784 -0.0002398 -0.00018155 -0.00024224 -0.00017836 -0.00034551 -0.00029268 -0.00020698 -0.00023464 -0.00027781 -0.00030101 -0.00018528 -0.00014432 -0.00023198 -0.00017606 -0.0001774 -0.00016963 -6.7663e-05 -0.00029501 -0.00010637 -0.0001044 -0.00011642 -0.00019848 -0.0004163
