400,0.040783
400.02,0.040937
400.03,0.041092
400.05,0.041247
400.06,0.041403
400.08,0.041559
400.1,0.041715
400.11,0.041872
400.13,0.04203
400.14,0.042188
400.16,0.042346
400.18,0.042505
400.19,0.042665
400.21,0.042825
400.22,0.042985
400.24,0.043146
400.26,0.043307
400.27,0.043469
400.29,0.043632
400.3,0.043794
400.32,0.043958
400.34,0.044121
400.35,0.044286
400.37,0.04445
400.38,0.044616
400.4,0.044781
400.42,0.044948
400.43,0.045114
400.45,0.045282
400.46,0.045449
400.48,0.045618
400.5,0.045786
400.51,0.045955
400.53,0.046125
400.54,0.046295
400.56,0.046466
400.58,0.046637
400.59,0.046809
400.61,0.046981
400.62,0.047154
400.64,0.047327
400.66,0.047501
400.67,0.047675
400.69,0.04785
400.71,0.048025
400.72,0.048201
400.74,0.048377
400.75,0.048554
400.77,0.048731
400.79,0.048909
400.8,0.049087
400.82,0.049266
400.83,0.049445
400.85,0.049625
400.87,0.049805
400.88,0.049986
400.9,0.050167
400.91,0.050349
400.93,0.050532
400.95,0.050715
400.96,0.050898
400.98,0.051082
400.99,0.051267
401.01,0.051452
401.03,0.051637
401.04,0.051823
401.06,0.05201
401.07,0.052197
401.09,0.052385
401.11,0.052573
401.12,0.052761
401.14,0.052951
401.16,0.05314
401.17,0.053331
401.19,0.053522
401.2,0.053713
401.22,0.053905
401.24,0.054097
401.25,0.05429
401.27,0.054484
401.28,0.054678
401.3,0.054872
401.32,0.055067
401.33,0.055263
401.35,0.055459
401.36,0.055656
401.38,0.055853
401.4,0.056051
401.41,0.05625
401.43,0.056449
401.45,0.056648
401.46,0.056848
401.48,0.057049
401.49,0.05725
401.51,0.057451
401.53,0.057654
401.54,0.057856
401.56,0.05806
401.57,0.058264
401.59,0.058468
401.61,0.058673
401.62,0.058878
401.64,0.059085
401.65,0.059291
401.67,0.059498
401.69,0.059706
401.7,0.059914
401.72,0.060123
401.74,0.060333
401.75,0.060543
401.77,0.060753
401.78,0.060964
401.8,0.061176
401.82,0.061388
401.83,0.061601
401.85,0.061815
401.86,0.062029
401.88,0.062243
401.9,0.062458
401.91,0.062674
401.93,0.06289
401.95,0.063107
401.96,0.063324
401.98,0.063542
401.99,0.063761
402.01,0.06398
402.03,0.064199
402.04,0.06442
402.06,0.06464
402.07,0.064862
402.09,0.065084
402.11,0.065306
402.12,0.06553
402.14,0.065753
402.16,0.065978
402.17,0.066202
402.19,0.066428
402.2,0.066654
402.22,0.06688
402.24,0.067108
402.25,0.067335
402.27,0.067564
402.28,0.067793
402.3,0.068022
402.32,0.068252
402.33,0.068483
402.35,0.068714
402.37,0.068946
402.38,0.069179
402.4,0.069412
402.41,0.069646
402.43,0.06988
402.45,0.070115
402.46,0.07035
402.48,0.070586
402.5,0.070823
402.51,0.07106
402.53,0.071298
402.54,0.071536
402.56,0.071775
402.58,0.072015
402.59,0.072255
402.61,0.072496
402.63,0.072737
402.64,0.07298
402.66,0.073222
402.67,0.073465
402.69,0.073709
402.71,0.073954
402.72,0.074199
402.74,0.074444
402.75,0.074691
402.77,0.074937
402.79,0.075185
402.8,0.075433
402.82,0.075682
402.84,0.075931
402.85,0.076181
402.87,0.076431
402.88,0.076683
402.9,0.076934
402.92,0.077187
402.93,0.07744
402.95,0.077693
402.97,0.077947
402.98,0.078202
403,0.078458
403.01,0.078714
403.03,0.07897
403.05,0.079227
403.06,0.079485
403.08,0.079744
403.1,0.080003
403.11,0.080263
403.13,0.080523
403.14,0.080784
403.16,0.081046
403.18,0.081308
403.19,0.081571
403.21,0.081834
403.23,0.082098
403.24,0.082363
403.26,0.082628
403.27,0.082894
403.29,0.083161
403.31,0.083428
403.32,0.083696
403.34,0.083964
403.36,0.084233
403.37,0.084503
403.39,0.084773
403.4,0.085044
403.42,0.085316
403.44,0.085588
403.45,0.085861
403.47,0.086135
403.49,0.086409
403.5,0.086683
403.52,0.086959
403.53,0.087235
403.55,0.087512
403.57,0.087789
403.58,0.088067
403.6,0.088345
403.62,0.088624
403.63,0.088904
403.65,0.089185
403.67,0.089466
403.68,0.089748
403.7,0.09003
403.71,0.090313
403.73,0.090597
403.75,0.090881
403.76,0.091166
403.78,0.091451
403.8,0.091738
403.81,0.092024
403.83,0.092312
403.84,0.0926
403.86,0.092889
403.88,0.093178
403.89,0.093468
403.91,0.093759
403.93,0.09405
403.94,0.094342
403.96,0.094635
403.98,0.094928
403.99,0.095222
404.01,0.095517
404.02,0.095812
404.04,0.096108
404.06,0.096404
404.07,0.096701
404.09,0.096999
404.11,0.097297
404.12,0.097597
404.14,0.097896
404.15,0.098197
404.17,0.098498
404.19,0.098799
404.2,0.099102
404.22,0.099405
404.24,0.099708
404.25,0.10001
404.27,0.10032
404.29,0.10062
404.3,0.10093
404.32,0.10124
404.33,0.10154
404.35,0.10185
404.37,0.10216
404.38,0.10247
404.4,0.10278
404.42,0.10309
404.43,0.1034
404.45,0.10371
404.47,0.10403
404.48,0.10434
404.5,0.10465
404.51,0.10497
404.53,0.10528
404.55,0.1056
404.56,0.10592
404.58,0.10623
404.6,0.10655
404.61,0.10687
404.63,0.10719
404.65,0.10751
404.66,0.10783
404.68,0.10815
404.69,0.10847
404.71,0.1088
404.73,0.10912
404.74,0.10944
404.76,0.10977
404.78,0.11009
404.79,0.11042
404.81,0.11075
404.83,0.11107
404.84,0.1114
404.86,0.11173
404.87,0.11206
404.89,0.11239
404.91,0.11272
404.92,0.11305
404.94,0.11338
404.96,0.11371
404.97,0.11405
404.99,0.11438
405.01,0.11471
405.02,0.11505
405.04,0.11539
405.06,0.11572
405.07,0.11606
405.09,0.1164
405.1,0.11673
405.12,0.11707
405.14,0.11741
405.15,0.11775
405.17,0.11809
405.19,0.11844
405.2,0.11878
405.22,0.11912
405.24,0.11946
405.25,0.11981
405.27,0.12015
405.28,0.1205
405.3,0.12085
405.32,0.12119
405.33,0.12154
405.35,0.12189
405.37,0.12224
405.38,0.12259
405.4,0.12294
405.42,0.12329
405.43,0.12364
405.45,0.12399
405.47,0.12434
405.48,0.1247
405.5,0.12505
405.52,0.12541
405.53,0.12576
405.55,0.12612
405.56,0.12647
405.58,0.12683
405.6,0.12719
405.61,0.12755
405.63,0.12791
405.65,0.12827
405.66,0.12863
405.68,0.12899
405.7,0.12935
405.71,0.12972
405.73,0.13008
405.75,0.13044
405.76,0.13081
405.78,0.13117
405.79,0.13154
405.81,0.1319
405.83,0.13227
405.84,0.13264
405.86,0.13301
405.88,0.13338
405.89,0.13375
405.91,0.13412
405.93,0.13449
405.94,0.13486
405.96,0.13523
405.98,0.13561
405.99,0.13598
406.01,0.13635
406.03,0.13673
406.04,0.13711
406.06,0.13748
406.07,0.13786
406.09,0.13824
406.11,0.13861
406.12,0.13899
406.14,0.13937
406.16,0.13975
406.17,0.14013
406.19,0.14052
406.21,0.1409
406.22,0.14128
406.24,0.14166
406.26,0.14205
406.27,0.14243
406.29,0.14282
406.31,0.14321
406.32,0.14359
406.34,0.14398
406.36,0.14437
406.37,0.14476
406.39,0.14515
406.4,0.14554
406.42,0.14593
406.44,0.14632
406.45,0.14671
406.47,0.1471
406.49,0.14749
406.5,0.14789
406.52,0.14828
406.54,0.14868
406.55,0.14907
406.57,0.14947
406.59,0.14987
406.6,0.15026
406.62,0.15066
406.64,0.15106
406.65,0.15146
406.67,0.15186
406.69,0.15226
406.7,0.15266
406.72,0.15307
406.74,0.15347
406.75,0.15387
406.77,0.15428
406.79,0.15468
406.8,0.15509
406.82,0.15549
406.83,0.1559
406.85,0.1563
406.87,0.15671
406.88,0.15712
406.9,0.15753
406.92,0.15794
406.93,0.15835
406.95,0.15876
406.97,0.15917
406.98,0.15958
407,0.16
407.02,0.16041
407.03,0.16082
407.05,0.16124
407.07,0.16165
407.08,0.16207
407.1,0.16249
407.12,0.1629
407.13,0.16332
407.15,0.16374
407.17,0.16416
407.18,0.16458
407.2,0.165
407.22,0.16542
407.23,0.16584
407.25,0.16626
407.27,0.16668
407.28,0.16711
407.3,0.16753
407.32,0.16796
407.33,0.16838
407.35,0.16881
407.37,0.16923
407.38,0.16966
407.4,0.17009
407.41,0.17052
407.43,0.17094
407.45,0.17137
407.46,0.1718
407.48,0.17223
407.5,0.17266
407.51,0.1731
407.53,0.17353
407.55,0.17396
407.56,0.17439
407.58,0.17483
407.6,0.17526
407.61,0.1757
407.63,0.17613
407.65,0.17657
407.66,0.17701
407.68,0.17745
407.7,0.17788
407.71,0.17832
407.73,0.17876
407.75,0.1792
407.76,0.17964
407.78,0.18008
407.8,0.18053
407.81,0.18097
407.83,0.18141
407.85,0.18185
407.86,0.1823
407.88,0.18274
407.9,0.18319
407.91,0.18363
407.93,0.18408
407.95,0.18453
407.96,0.18497
407.98,0.18542
408,0.18587
408.01,0.18632
408.03,0.18677
408.05,0.18722
408.06,0.18767
408.08,0.18812
408.1,0.18857
408.11,0.18903
408.13,0.18948
408.15,0.18993
408.16,0.19039
408.18,0.19084
408.2,0.1913
408.21,0.19175
408.23,0.19221
408.25,0.19267
408.26,0.19312
408.28,0.19358
408.3,0.19404
408.31,0.1945
408.33,0.19496
408.35,0.19542
408.36,0.19588
408.38,0.19634
408.4,0.1968
408.41,0.19727
408.43,0.19773
408.45,0.19819
408.46,0.19866
408.48,0.19912
408.5,0.19959
408.51,0.20005
408.53,0.20052
408.55,0.20098
408.56,0.20145
408.58,0.20192
408.6,0.20239
408.61,0.20286
408.63,0.20333
408.65,0.2038
408.66,0.20427
408.68,0.20474
408.7,0.20521
408.71,0.20568
408.73,0.20615
408.75,0.20663
408.76,0.2071
408.78,0.20757
408.8,0.20805
408.81,0.20852
408.83,0.209
408.85,0.20947
408.86,0.20995
408.88,0.21043
408.9,0.2109
408.91,0.21138
408.93,0.21186
408.95,0.21234
408.96,0.21282
408.98,0.2133
409,0.21378
409.01,0.21426
409.03,0.21474
409.05,0.21522
409.06,0.21571
409.08,0.21619
409.1,0.21667
409.12,0.21716
409.13,0.21764
409.15,0.21812
409.17,0.21861
409.18,0.2191
409.2,0.21958
409.22,0.22007
409.23,0.22055
409.25,0.22104
409.27,0.22153
409.28,0.22202
409.3,0.22251
409.32,0.223
409.33,0.22349
409.35,0.22398
409.37,0.22447
409.38,0.22496
409.4,0.22545
409.42,0.22594
409.43,0.22644
409.45,0.22693
409.47,0.22742
409.48,0.22792
409.5,0.22841
409.52,0.2289
409.53,0.2294
409.55,0.2299
409.57,0.23039
409.58,0.23089
409.6,0.23138
409.62,0.23188
409.63,0.23238
409.65,0.23288
409.67,0.23338
409.68,0.23388
409.7,0.23437
409.72,0.23487
409.74,0.23537
409.75,0.23588
409.77,0.23638
409.79,0.23688
409.8,0.23738
409.82,0.23788
409.84,0.23838
409.85,0.23889
409.87,0.23939
409.89,0.23989
409.9,0.2404
409.92,0.2409
409.94,0.24141
409.95,0.24191
409.97,0.24242
409.99,0.24293
410,0.24343
410.02,0.24394
410.04,0.24445
410.05,0.24495
410.07,0.24546
410.09,0.24597
410.1,0.24648
410.12,0.24699
410.14,0.2475
410.16,0.24801
410.17,0.24852
410.19,0.24903
410.21,0.24954
410.22,0.25005
410.24,0.25056
410.26,0.25107
410.27,0.25159
410.29,0.2521
410.31,0.25261
410.32,0.25313
410.34,0.25364
410.36,0.25415
410.37,0.25467
410.39,0.25518
410.41,0.2557
410.42,0.25621
410.44,0.25673
410.46,0.25725
410.48,0.25776
410.49,0.25828
410.51,0.2588
410.53,0.25931
410.54,0.25983
410.56,0.26035
410.58,0.26087
410.59,0.26138
410.61,0.2619
410.63,0.26242
410.64,0.26294
410.66,0.26346
410.68,0.26398
410.69,0.2645
410.71,0.26502
410.73,0.26554
410.75,0.26607
410.76,0.26659
410.78,0.26711
410.8,0.26763
410.81,0.26815
410.83,0.26868
410.85,0.2692
410.86,0.26972
410.88,0.27024
410.9,0.27077
410.91,0.27129
410.93,0.27182
410.95,0.27234
410.96,0.27287
410.98,0.27339
411,0.27392
411.02,0.27444
411.03,0.27497
411.05,0.27549
411.07,0.27602
411.08,0.27655
411.1,0.27707
411.12,0.2776
411.13,0.27813
411.15,0.27865
411.17,0.27918
411.18,0.27971
411.2,0.28024
411.22,0.28076
411.23,0.28129
411.25,0.28182
411.27,0.28235
411.29,0.28288
411.3,0.28341
411.32,0.28394
411.34,0.28447
411.35,0.285
411.37,0.28553
411.39,0.28606
411.4,0.28659
411.42,0.28712
411.44,0.28765
411.45,0.28818
411.47,0.28871
411.49,0.28924
411.51,0.28977
411.52,0.29031
411.54,0.29084
411.56,0.29137
411.57,0.2919
411.59,0.29243
411.61,0.29297
411.62,0.2935
411.64,0.29403
411.66,0.29457
411.68,0.2951
411.69,0.29563
411.71,0.29616
411.73,0.2967
411.74,0.29723
411.76,0.29777
411.78,0.2983
411.79,0.29883
411.81,0.29937
411.83,0.2999
411.84,0.30044
411.86,0.30097
411.88,0.30151
411.9,0.30204
411.91,0.30258
411.93,0.30311
411.95,0.30365
411.96,0.30418
411.98,0.30472
412,0.30525
412.01,0.30579
412.03,0.30632
412.05,0.30686
412.07,0.30739
412.08,0.30793
412.1,0.30847
412.12,0.309
412.13,0.30954
412.15,0.31007
412.17,0.31061
412.18,0.31115
412.2,0.31168
412.22,0.31222
412.24,0.31275
412.25,0.31329
412.27,0.31383
412.29,0.31436
412.3,0.3149
412.32,0.31544
412.34,0.31597
412.35,0.31651
412.37,0.31705
412.39,0.31758
412.41,0.31812
412.42,0.31866
412.44,0.31919
412.46,0.31973
412.47,0.32027
412.49,0.32081
412.51,0.32134
412.52,0.32188
412.54,0.32242
412.56,0.32295
412.58,0.32349
412.59,0.32403
412.61,0.32456
412.63,0.3251
412.64,0.32564
412.66,0.32617
412.68,0.32671
412.69,0.32725
412.71,0.32778
412.73,0.32832
412.75,0.32886
412.76,0.32939
412.78,0.32993
412.8,0.33047
412.81,0.331
412.83,0.33154
412.85,0.33208
412.86,0.33261
412.88,0.33315
412.9,0.33369
412.92,0.33422
412.93,0.33476
412.95,0.33529
412.97,0.33583
412.98,0.33637
413,0.3369
413.02,0.33744
413.04,0.33797
413.05,0.33851
413.07,0.33904
413.09,0.33958
413.1,0.34012
413.12,0.34065
413.14,0.34119
413.15,0.34172
413.17,0.34226
413.19,0.34279
413.21,0.34332
413.22,0.34386
413.24,0.34439
413.26,0.34493
413.27,0.34546
413.29,0.346
413.31,0.34653
413.33,0.34706
413.34,0.3476
413.36,0.34813
413.38,0.34866
413.39,0.3492
413.41,0.34973
413.43,0.35026
413.45,0.3508
413.46,0.35133
413.48,0.35186
413.5,0.35239
413.51,0.35292
413.53,0.35346
413.55,0.35399
413.56,0.35452
413.58,0.35505
413.6,0.35558
413.62,0.35611
413.63,0.35664
413.65,0.35717
413.67,0.35771
413.68,0.35824
413.7,0.35877
413.72,0.35929
413.74,0.35982
413.75,0.36035
413.77,0.36088
413.79,0.36141
413.8,0.36194
413.82,0.36247
413.84,0.363
413.86,0.36352
413.87,0.36405
413.89,0.36458
413.91,0.36511
413.92,0.36563
413.94,0.36616
413.96,0.36669
413.98,0.36721
413.99,0.36774
414.01,0.36826
414.03,0.36879
414.04,0.36932
414.06,0.36984
414.08,0.37036
414.1,0.37089
414.11,0.37141
414.13,0.37194
414.15,0.37246
414.16,0.37298
414.18,0.37351
414.2,0.37403
414.22,0.37455
414.23,0.37507
414.25,0.37559
414.27,0.37612
414.28,0.37664
414.3,0.37716
414.32,0.37768
414.34,0.3782
414.35,0.37872
414.37,0.37924
414.39,0.37976
414.4,0.38027
414.42,0.38079
414.44,0.38131
414.46,0.38183
414.47,0.38235
414.49,0.38286
414.51,0.38338
414.52,0.3839
414.54,0.38441
414.56,0.38493
414.58,0.38544
414.59,0.38596
414.61,0.38647
414.63,0.38699
414.65,0.3875
414.66,0.38801
414.68,0.38852
414.7,0.38904
414.71,0.38955
414.73,0.39006
414.75,0.39057
414.77,0.39108
414.78,0.39159
414.8,0.3921
414.82,0.39261
414.83,0.39312
414.85,0.39363
414.87,0.39414
414.89,0.39465
414.9,0.39515
414.92,0.39566
414.94,0.39617
414.95,0.39667
414.97,0.39718
414.99,0.39769
415.01,0.39819
415.02,0.39869
415.04,0.3992
415.06,0.3997
415.08,0.4002
415.09,0.40071
415.11,0.40121
415.13,0.40171
415.14,0.40221
415.16,0.40271
415.18,0.40321
415.2,0.40371
415.21,0.40421
415.23,0.40471
415.25,0.40521
415.27,0.40571
415.28,0.4062
415.3,0.4067
415.32,0.4072
415.33,0.40769
415.35,0.40819
415.37,0.40868
415.39,0.40917
415.4,0.40967
415.42,0.41016
415.44,0.41065
415.45,0.41115
415.47,0.41164
415.49,0.41213
415.51,0.41262
415.52,0.41311
415.54,0.4136
415.56,0.41409
415.58,0.41457
415.59,0.41506
415.61,0.41555
415.63,0.41603
415.64,0.41652
415.66,0.41701
415.68,0.41749
415.7,0.41797
415.71,0.41846
415.73,0.41894
415.75,0.41942
415.77,0.4199
415.78,0.42039
415.8,0.42087
415.82,0.42135
415.83,0.42183
415.85,0.4223
415.87,0.42278
415.89,0.42326
415.9,0.42374
415.92,0.42421
415.94,0.42469
415.96,0.42516
415.97,0.42564
415.99,0.42611
416.01,0.42659
416.03,0.42706
416.04,0.42753
416.06,0.428
416.08,0.42847
416.09,0.42894
416.11,0.42941
416.13,0.42988
416.15,0.43035
416.16,0.43081
416.18,0.43128
416.2,0.43175
416.22,0.43221
416.23,0.43268
416.25,0.43314
416.27,0.4336
416.29,0.43407
416.3,0.43453
416.32,0.43499
416.34,0.43545
416.35,0.43591
416.37,0.43637
416.39,0.43683
416.41,0.43729
416.42,0.43774
416.44,0.4382
416.46,0.43865
416.48,0.43911
416.49,0.43956
416.51,0.44002
416.53,0.44047
416.55,0.44092
416.56,0.44137
416.58,0.44182
416.6,0.44227
416.61,0.44272
416.63,0.44317
416.65,0.44362
416.67,0.44407
416.68,0.44451
416.7,0.44496
416.72,0.4454
416.74,0.44585
416.75,0.44629
416.77,0.44673
416.79,0.44717
416.81,0.44761
416.82,0.44805
416.84,0.44849
416.86,0.44893
416.88,0.44937
416.89,0.44981
416.91,0.45024
416.93,0.45068
416.94,0.45111
416.96,0.45155
416.98,0.45198
417,0.45241
417.01,0.45284
417.03,0.45327
417.05,0.4537
417.07,0.45413
417.08,0.45456
417.1,0.45499
417.12,0.45542
417.14,0.45584
417.15,0.45627
417.17,0.45669
417.19,0.45711
417.21,0.45754
417.22,0.45796
417.24,0.45838
417.26,0.4588
417.28,0.45922
417.29,0.45964
417.31,0.46005
417.33,0.46047
417.34,0.46089
417.36,0.4613
417.38,0.46172
417.4,0.46213
417.41,0.46254
417.43,0.46295
417.45,0.46336
417.47,0.46377
417.48,0.46418
417.5,0.46459
417.52,0.465
417.54,0.46541
417.55,0.46581
417.57,0.46622
417.59,0.46662
417.61,0.46702
417.62,0.46742
417.64,0.46783
417.66,0.46823
417.68,0.46863
417.69,0.46902
417.71,0.46942
417.73,0.46982
417.75,0.47021
417.76,0.47061
417.78,0.471
417.8,0.4714
417.82,0.47179
417.83,0.47218
417.85,0.47257
417.87,0.47296
417.89,0.47335
417.9,0.47374
417.92,0.47412
417.94,0.47451
417.96,0.47489
417.97,0.47528
417.99,0.47566
418.01,0.47604
418.03,0.47642
418.04,0.4768
418.06,0.47718
418.08,0.47756
418.1,0.47794
418.11,0.47832
418.13,0.47869
418.15,0.47907
418.17,0.47944
418.18,0.47981
418.2,0.48019
418.22,0.48056
418.24,0.48093
418.25,0.4813
418.27,0.48166
418.29,0.48203
418.31,0.4824
418.32,0.48276
418.34,0.48313
418.36,0.48349
418.38,0.48385
418.39,0.48422
418.41,0.48458
418.43,0.48494
418.45,0.48529
418.46,0.48565
418.48,0.48601
418.5,0.48636
418.52,0.48672
418.53,0.48707
418.55,0.48743
418.57,0.48778
418.59,0.48813
418.6,0.48848
418.62,0.48883
418.64,0.48918
418.66,0.48952
418.67,0.48987
418.69,0.49021
418.71,0.49056
418.73,0.4909
418.74,0.49124
418.76,0.49158
418.78,0.49192
418.8,0.49226
418.81,0.4926
418.83,0.49294
418.85,0.49327
418.87,0.49361
418.88,0.49394
418.9,0.49428
418.92,0.49461
418.94,0.49494
418.95,0.49527
418.97,0.4956
418.99,0.49593
419.01,0.49625
419.02,0.49658
419.04,0.49691
419.06,0.49723
419.08,0.49755
419.09,0.49788
419.11,0.4982
419.13,0.49852
419.15,0.49884
419.16,0.49915
419.18,0.49947
419.2,0.49979
419.22,0.5001
419.23,0.50042
419.25,0.50073
419.27,0.50104
419.29,0.50135
419.3,0.50166
419.32,0.50197
419.34,0.50228
419.36,0.50259
419.38,0.50289
419.39,0.5032
419.41,0.5035
419.43,0.50381
419.45,0.50411
419.46,0.50441
419.48,0.50471
419.5,0.50501
419.52,0.50531
419.53,0.50561
419.55,0.5059
419.57,0.5062
419.59,0.50649
419.6,0.50678
419.62,0.50708
419.64,0.50737
419.66,0.50766
419.67,0.50795
419.69,0.50823
419.71,0.50852
419.73,0.50881
419.74,0.50909
419.76,0.50938
419.78,0.50966
419.8,0.50994
419.82,0.51022
419.83,0.5105
419.85,0.51078
419.87,0.51106
419.89,0.51134
419.9,0.51161
419.92,0.51189
419.94,0.51216
419.96,0.51243
419.97,0.51271
419.99,0.51298
420.01,0.51325
420.03,0.51352
420.04,0.51378
420.06,0.51405
420.08,0.51432
420.1,0.51458
420.12,0.51485
420.13,0.51511
420.15,0.51537
420.17,0.51563
420.19,0.51589
420.2,0.51615
420.22,0.51641
420.24,0.51667
420.26,0.51692
420.27,0.51718
420.29,0.51743
420.31,0.51769
420.33,0.51794
420.34,0.51819
420.36,0.51844
420.38,0.51869
420.4,0.51894
420.42,0.51918
420.43,0.51943
420.45,0.51968
420.47,0.51992
420.49,0.52016
420.5,0.52041
420.52,0.52065
420.54,0.52089
420.56,0.52113
420.57,0.52137
420.59,0.5216
420.61,0.52184
420.63,0.52208
420.65,0.52231
420.66,0.52254
420.68,0.52278
420.7,0.52301
420.72,0.52324
420.73,0.52347
420.75,0.5237
420.77,0.52393
420.79,0.52415
420.8,0.52438
420.82,0.52461
420.84,0.52483
420.86,0.52505
420.88,0.52528
420.89,0.5255
420.91,0.52572
420.93,0.52594
420.95,0.52616
420.96,0.52638
420.98,0.52659
421,0.52681
421.02,0.52702
421.03,0.52724
421.05,0.52745
421.07,0.52766
421.09,0.52788
421.11,0.52809
421.12,0.5283
421.14,0.52851
421.16,0.52871
421.18,0.52892
421.19,0.52913
421.21,0.52933
421.23,0.52954
421.25,0.52974
421.27,0.52994
421.28,0.53015
421.3,0.53035
421.32,0.53055
421.34,0.53075
421.35,0.53095
421.37,0.53114
421.39,0.53134
421.41,0.53154
421.43,0.53173
421.44,0.53193
421.46,0.53212
421.48,0.53231
421.5,0.5325
421.51,0.53269
421.53,0.53288
421.55,0.53307
421.57,0.53326
421.59,0.53345
421.6,0.53364
421.62,0.53382
421.64,0.53401
421.66,0.53419
421.67,0.53438
421.69,0.53456
421.71,0.53474
421.73,0.53492
421.75,0.5351
421.76,0.53528
421.78,0.53546
421.8,0.53564
421.82,0.53582
421.83,0.53599
421.85,0.53617
421.87,0.53635
421.89,0.53652
421.91,0.53669
421.92,0.53687
421.94,0.53704
421.96,0.53721
421.98,0.53738
421.99,0.53755
422.01,0.53772
422.03,0.53789
422.05,0.53806
422.07,0.53822
422.08,0.53839
422.1,0.53856
422.12,0.53872
422.14,0.53889
422.15,0.53905
422.17,0.53921
422.19,0.53938
422.21,0.53954
422.23,0.5397
422.24,0.53986
422.26,0.54002
422.28,0.54018
422.3,0.54034
422.32,0.5405
422.33,0.54065
422.35,0.54081
422.37,0.54097
422.39,0.54112
422.4,0.54128
422.42,0.54143
422.44,0.54158
422.46,0.54174
422.48,0.54189
422.49,0.54204
422.51,0.54219
422.53,0.54234
422.55,0.54249
422.56,0.54264
422.58,0.54279
422.6,0.54294
422.62,0.54309
422.64,0.54323
422.65,0.54338
422.67,0.54353
422.69,0.54367
422.71,0.54382
422.73,0.54396
422.74,0.54411
422.76,0.54425
422.78,0.54439
422.8,0.54454
422.82,0.54468
422.83,0.54482
422.85,0.54496
422.87,0.5451
422.89,0.54524
422.9,0.54538
422.92,0.54552
422.94,0.54566
422.96,0.5458
422.98,0.54594
422.99,0.54608
423.01,0.54621
423.03,0.54635
423.05,0.54649
423.07,0.54662
423.08,0.54676
423.1,0.5469
423.12,0.54703
423.14,0.54717
423.16,0.5473
423.17,0.54743
423.19,0.54757
423.21,0.5477
423.23,0.54783
423.24,0.54797
423.26,0.5481
423.28,0.54823
423.3,0.54836
423.32,0.54849
423.33,0.54862
423.35,0.54875
423.37,0.54888
423.39,0.54901
423.41,0.54914
423.42,0.54927
423.44,0.5494
423.46,0.54953
423.48,0.54966
423.5,0.54979
423.51,0.54992
423.53,0.55005
423.55,0.55017
423.57,0.5503
423.59,0.55043
423.6,0.55056
423.62,0.55068
423.64,0.55081
423.66,0.55094
423.67,0.55106
423.69,0.55119
423.71,0.55132
423.73,0.55144
423.75,0.55157
423.76,0.5517
423.78,0.55182
423.8,0.55195
423.82,0.55207
423.84,0.5522
423.85,0.55232
423.87,0.55245
423.89,0.55257
423.91,0.5527
423.93,0.55282
423.94,0.55295
423.96,0.55307
423.98,0.5532
424,0.55332
424.02,0.55345
424.03,0.55357
424.05,0.5537
424.07,0.55382
424.09,0.55395
424.11,0.55407
424.12,0.5542
424.14,0.55432
424.16,0.55445
424.18,0.55457
424.2,0.5547
424.21,0.55482
424.23,0.55495
424.25,0.55508
424.27,0.5552
424.29,0.55533
424.3,0.55545
424.32,0.55558
424.34,0.5557
424.36,0.55583
424.38,0.55596
424.39,0.55608
424.41,0.55621
424.43,0.55634
424.45,0.55646
424.47,0.55659
424.48,0.55672
424.5,0.55684
424.52,0.55697
424.54,0.5571
424.56,0.55723
424.57,0.55736
424.59,0.55749
424.61,0.55761
424.63,0.55774
424.65,0.55787
424.66,0.558
424.68,0.55813
424.7,0.55826
424.72,0.55839
424.74,0.55852
424.75,0.55865
424.77,0.55879
424.79,0.55892
424.81,0.55905
424.83,0.55918
424.84,0.55931
424.86,0.55945
424.88,0.55958
424.9,0.55972
424.92,0.55985
424.94,0.55998
424.95,0.56012
424.97,0.56026
424.99,0.56039
425.01,0.56053
425.03,0.56066
425.04,0.5608
425.06,0.56094
425.08,0.56108
425.1,0.56122
425.12,0.56136
425.13,0.56149
425.15,0.56164
425.17,0.56178
425.19,0.56192
425.21,0.56206
425.22,0.5622
425.24,0.56234
425.26,0.56249
425.28,0.56263
425.3,0.56278
425.31,0.56292
425.33,0.56307
425.35,0.56321
425.37,0.56336
425.39,0.56351
425.41,0.56366
425.42,0.5638
425.44,0.56395
425.46,0.5641
425.48,0.56425
425.5,0.56441
425.51,0.56456
425.53,0.56471
425.55,0.56486
425.57,0.56502
425.59,0.56517
425.6,0.56533
425.62,0.56548
425.64,0.56564
425.66,0.5658
425.68,0.56596
425.69,0.56612
425.71,0.56628
425.73,0.56644
425.75,0.5666
425.77,0.56676
425.79,0.56692
425.8,0.56709
425.82,0.56725
425.84,0.56742
425.86,0.56759
425.88,0.56775
425.89,0.56792
425.91,0.56809
425.93,0.56826
425.95,0.56843
425.97,0.5686
425.99,0.56877
426,0.56895
426.02,0.56912
426.04,0.5693
426.06,0.56947
426.08,0.56965
426.09,0.56983
426.11,0.57001
426.13,0.57019
426.15,0.57037
426.17,0.57055
426.18,0.57073
426.2,0.57092
426.22,0.5711
426.24,0.57129
426.26,0.57148
426.28,0.57166
426.29,0.57185
426.31,0.57204
426.33,0.57223
426.35,0.57243
426.37,0.57262
426.38,0.57281
426.4,0.57301
426.42,0.57321
426.44,0.5734
426.46,0.5736
426.48,0.5738
426.49,0.574
426.51,0.5742
426.53,0.57441
426.55,0.57461
426.57,0.57482
426.58,0.57502
426.6,0.57523
426.62,0.57544
426.64,0.57565
426.66,0.57586
426.68,0.57608
426.69,0.57629
426.71,0.5765
426.73,0.57672
426.75,0.57694
426.77,0.57716
426.79,0.57738
426.8,0.5776
426.82,0.57782
426.84,0.57804
426.86,0.57827
426.88,0.57849
426.89,0.57872
426.91,0.57895
426.93,0.57918
426.95,0.57941
426.97,0.57964
426.99,0.57988
427,0.58011
427.02,0.58035
427.04,0.58059
427.06,0.58083
427.08,0.58107
427.09,0.58131
427.11,0.58155
427.13,0.5818
427.15,0.58205
427.17,0.58229
427.19,0.58254
427.2,0.58279
427.22,0.58304
427.24,0.5833
427.26,0.58355
427.28,0.58381
427.3,0.58407
427.31,0.58432
427.33,0.58458
427.35,0.58485
427.37,0.58511
427.39,0.58537
427.41,0.58564
427.42,0.58591
427.44,0.58618
427.46,0.58645
427.48,0.58672
427.5,0.58699
427.51,0.58727
427.53,0.58755
427.55,0.58782
427.57,0.5881
427.59,0.58838
427.61,0.58867
427.62,0.58895
427.64,0.58924
427.66,0.58952
427.68,0.58981
427.7,0.5901
427.72,0.5904
427.73,0.59069
427.75,0.59099
427.77,0.59128
427.79,0.59158
427.81,0.59188
427.83,0.59218
427.84,0.59248
427.86,0.59279
427.88,0.5931
427.9,0.5934
427.92,0.59371
427.94,0.59402
427.95,0.59434
427.97,0.59465
427.99,0.59497
428.01,0.59529
428.03,0.59561
428.05,0.59593
428.06,0.59625
428.08,0.59657
428.1,0.5969
428.12,0.59723
428.14,0.59756
428.16,0.59789
428.17,0.59822
428.19,0.59855
428.21,0.59889
428.23,0.59923
428.25,0.59957
428.27,0.59991
428.28,0.60025
428.3,0.6006
428.32,0.60094
428.34,0.60129
428.36,0.60164
428.38,0.60199
428.39,0.60234
428.41,0.6027
428.43,0.60306
428.45,0.60341
428.47,0.60377
428.49,0.60414
428.5,0.6045
428.52,0.60486
428.54,0.60523
428.56,0.6056
428.58,0.60597
428.6,0.60634
428.61,0.60672
428.63,0.60709
428.65,0.60747
428.67,0.60785
428.69,0.60823
428.71,0.60861
428.72,0.609
428.74,0.60938
428.76,0.60977
428.78,0.61016
428.8,0.61055
428.82,0.61095
428.83,0.61134
428.85,0.61174
428.87,0.61214
428.89,0.61254
428.91,0.61294
428.93,0.61334
428.95,0.61375
428.96,0.61416
428.98,0.61457
429,0.61498
429.02,0.61539
429.04,0.61581
429.06,0.61622
429.07,0.61664
429.09,0.61706
429.11,0.61748
429.13,0.61791
429.15,0.61833
429.17,0.61876
429.18,0.61919
429.2,0.61962
429.22,0.62005
429.24,0.62049
429.26,0.62093
429.28,0.62136
429.3,0.6218
429.31,0.62225
429.33,0.62269
429.35,0.62314
429.37,0.62358
429.39,0.62403
429.41,0.62448
429.42,0.62494
429.44,0.62539
429.46,0.62585
429.48,0.6263
429.5,0.62676
429.52,0.62723
429.53,0.62769
429.55,0.62816
429.57,0.62862
429.59,0.62909
429.61,0.62956
429.63,0.63003
429.65,0.63051
429.66,0.63099
429.68,0.63146
429.7,0.63194
429.72,0.63242
429.74,0.63291
429.76,0.63339
429.77,0.63388
429.79,0.63437
429.81,0.63486
429.83,0.63535
429.85,0.63585
429.87,0.63634
429.89,0.63684
429.9,0.63734
429.92,0.63784
429.94,0.63834
429.96,0.63885
429.98,0.63935
430,0.63986
430.02,0.64037
430.03,0.64088
430.05,0.6414
430.07,0.64191
430.09,0.64243
430.11,0.64295
430.13,0.64347
430.14,0.64399
430.16,0.64452
430.18,0.64504
430.2,0.64557
430.22,0.6461
430.24,0.64663
430.26,0.64716
430.27,0.6477
430.29,0.64823
430.31,0.64877
430.33,0.64931
430.35,0.64985
430.37,0.6504
430.39,0.65094
430.4,0.65149
430.42,0.65204
430.44,0.65259
430.46,0.65314
430.48,0.65369
430.5,0.65425
430.51,0.6548
430.53,0.65536
430.55,0.65592
430.57,0.65648
430.59,0.65705
430.61,0.65761
430.63,0.65818
430.64,0.65875
430.66,0.65932
430.68,0.65989
430.7,0.66046
430.72,0.66104
430.74,0.66162
430.76,0.66219
430.77,0.66277
430.79,0.66336
430.81,0.66394
430.83,0.66453
430.85,0.66511
430.87,0.6657
430.89,0.66629
430.9,0.66688
430.92,0.66747
430.94,0.66807
430.96,0.66867
430.98,0.66926
431,0.66986
431.02,0.67046
431.03,0.67107
431.05,0.67167
431.07,0.67228
431.09,0.67288
431.11,0.67349
431.13,0.6741
431.15,0.67471
431.16,0.67533
431.18,0.67594
431.2,0.67656
431.22,0.67718
431.24,0.6778
431.26,0.67842
431.28,0.67904
431.29,0.67966
431.31,0.68029
431.33,0.68092
431.35,0.68154
431.37,0.68217
431.39,0.68281
431.41,0.68344
431.42,0.68407
431.44,0.68471
431.46,0.68535
431.48,0.68599
431.5,0.68663
431.52,0.68727
431.54,0.68791
431.56,0.68855
431.57,0.6892
431.59,0.68985
431.61,0.6905
431.63,0.69115
431.65,0.6918
431.67,0.69245
431.69,0.6931
431.7,0.69376
431.72,0.69442
431.74,0.69508
431.76,0.69573
431.78,0.6964
431.8,0.69706
431.82,0.69772
431.83,0.69839
431.85,0.69905
431.87,0.69972
431.89,0.70039
431.91,0.70106
431.93,0.70173
431.95,0.7024
431.97,0.70308
431.98,0.70375
432,0.70443
432.02,0.70511
432.04,0.70579
432.06,0.70647
432.08,0.70715
432.1,0.70783
432.11,0.70852
432.13,0.7092
432.15,0.70989
432.17,0.71057
432.19,0.71126
432.21,0.71195
432.23,0.71264
432.25,0.71334
432.26,0.71403
432.28,0.71473
432.3,0.71542
432.32,0.71612
432.34,0.71682
432.36,0.71752
432.38,0.71822
432.4,0.71892
432.41,0.71962
432.43,0.72032
432.45,0.72103
432.47,0.72173
432.49,0.72244
432.51,0.72315
432.53,0.72386
432.54,0.72457
432.56,0.72528
432.58,0.72599
432.6,0.72671
432.62,0.72742
432.64,0.72814
432.66,0.72885
432.68,0.72957
432.69,0.73029
432.71,0.73101
432.73,0.73173
432.75,0.73245
432.77,0.73317
432.79,0.73389
432.81,0.73462
432.83,0.73534
432.84,0.73607
432.86,0.7368
432.88,0.73752
432.9,0.73825
432.92,0.73898
432.94,0.73971
432.96,0.74045
432.98,0.74118
432.99,0.74191
433.01,0.74265
433.03,0.74338
433.05,0.74412
433.07,0.74485
433.09,0.74559
433.11,0.74633
433.13,0.74707
433.14,0.74781
433.16,0.74855
433.18,0.74929
433.2,0.75003
433.22,0.75078
433.24,0.75152
433.26,0.75227
433.28,0.75301
433.29,0.75376
433.31,0.7545
433.33,0.75525
433.35,0.756
433.37,0.75675
433.39,0.7575
433.41,0.75825
433.43,0.759
433.44,0.75975
433.46,0.76051
433.48,0.76126
433.5,0.76201
433.52,0.76277
433.54,0.76352
433.56,0.76428
433.58,0.76504
433.59,0.76579
433.61,0.76655
433.63,0.76731
433.65,0.76807
433.67,0.76883
433.69,0.76959
433.71,0.77035
433.73,0.77111
433.75,0.77187
433.76,0.77263
433.78,0.7734
433.8,0.77416
433.82,0.77492
433.84,0.77569
433.86,0.77645
433.88,0.77722
433.9,0.77798
433.91,0.77875
433.93,0.77952
433.95,0.78029
433.97,0.78105
433.99,0.78182
434.01,0.78259
434.03,0.78336
434.05,0.78413
434.07,0.7849
434.08,0.78567
434.1,0.78644
434.12,0.78721
434.14,0.78798
434.16,0.78875
434.18,0.78953
434.2,0.7903
434.22,0.79107
434.24,0.79185
434.25,0.79262
434.27,0.79339
434.29,0.79417
434.31,0.79494
434.33,0.79572
434.35,0.79649
434.37,0.79727
434.39,0.79804
434.4,0.79882
434.42,0.79959
434.44,0.80037
434.46,0.80115
434.48,0.80192
434.5,0.8027
434.52,0.80348
434.54,0.80426
434.56,0.80503
434.57,0.80581
434.59,0.80659
434.61,0.80737
434.63,0.80815
434.65,0.80892
434.67,0.8097
434.69,0.81048
434.71,0.81126
434.73,0.81204
434.74,0.81282
434.76,0.8136
434.78,0.81438
434.8,0.81516
434.82,0.81594
434.84,0.81671
434.86,0.81749
434.88,0.81827
434.9,0.81905
434.91,0.81983
434.93,0.82061
434.95,0.82139
434.97,0.82217
434.99,0.82295
435.01,0.82373
435.03,0.82451
435.05,0.82529
435.07,0.82607
435.09,0.82685
435.1,0.82763
435.12,0.82841
435.14,0.82918
435.16,0.82996
435.18,0.83074
435.2,0.83152
435.22,0.8323
435.24,0.83308
435.26,0.83386
435.27,0.83463
435.29,0.83541
435.31,0.83619
435.33,0.83697
435.35,0.83774
435.37,0.83852
435.39,0.8393
435.41,0.84007
435.43,0.84085
435.45,0.84163
435.46,0.8424
435.48,0.84318
435.5,0.84395
435.52,0.84473
435.54,0.8455
435.56,0.84628
435.58,0.84705
435.6,0.84783
435.62,0.8486
435.63,0.84937
435.65,0.85014
435.67,0.85092
435.69,0.85169
435.71,0.85246
435.73,0.85323
435.75,0.854
435.77,0.85477
435.79,0.85554
435.81,0.85631
435.82,0.85708
435.84,0.85785
435.86,0.85862
435.88,0.85938
435.9,0.86015
435.92,0.86092
435.94,0.86168
435.96,0.86245
435.98,0.86321
436,0.86398
436.01,0.86474
436.03,0.86551
436.05,0.86627
436.07,0.86703
436.09,0.86779
436.11,0.86855
436.13,0.86931
436.15,0.87007
436.17,0.87083
436.19,0.87159
436.21,0.87235
436.22,0.8731
436.24,0.87386
436.26,0.87461
436.28,0.87537
436.3,0.87612
436.32,0.87688
436.34,0.87763
436.36,0.87838
436.38,0.87913
436.4,0.87988
436.41,0.88063
436.43,0.88138
436.45,0.88213
436.47,0.88287
436.49,0.88362
436.51,0.88436
436.53,0.88511
436.55,0.88585
436.57,0.88659
436.59,0.88734
436.6,0.88808
436.62,0.88882
436.64,0.88955
436.66,0.89029
436.68,0.89103
436.7,0.89176
436.72,0.8925
436.74,0.89323
436.76,0.89396
436.78,0.8947
436.8,0.89543
436.81,0.89616
436.83,0.89688
436.85,0.89761
436.87,0.89834
436.89,0.89906
436.91,0.89978
436.93,0.90051
436.95,0.90123
436.97,0.90195
436.99,0.90267
437.01,0.90339
437.02,0.9041
437.04,0.90482
437.06,0.90553
437.08,0.90624
437.1,0.90696
437.12,0.90767
437.14,0.90838
437.16,0.90908
437.18,0.90979
437.2,0.91049
437.22,0.9112
437.23,0.9119
437.25,0.9126
437.27,0.9133
437.29,0.914
437.31,0.91469
437.33,0.91539
437.35,0.91608
437.37,0.91677
437.39,0.91746
437.41,0.91815
437.43,0.91884
437.45,0.91953
437.46,0.92021
437.48,0.92089
437.5,0.92157
437.52,0.92225
437.54,0.92293
437.56,0.92361
437.58,0.92428
437.6,0.92495
437.62,0.92563
437.64,0.92629
437.66,0.92696
437.68,0.92763
437.69,0.92829
437.71,0.92895
437.73,0.92962
437.75,0.93027
437.77,0.93093
437.79,0.93159
437.81,0.93224
437.83,0.93289
437.85,0.93354
437.87,0.93419
437.89,0.93483
437.91,0.93548
437.92,0.93612
437.94,0.93676
437.96,0.9374
437.98,0.93803
438,0.93866
438.02,0.9393
438.04,0.93993
438.06,0.94055
438.08,0.94118
438.1,0.9418
438.12,0.94242
438.14,0.94304
438.15,0.94366
438.17,0.94427
438.19,0.94488
438.21,0.94549
438.23,0.9461
438.25,0.94671
438.27,0.94731
438.29,0.94791
438.31,0.94851
438.33,0.94911
438.35,0.9497
438.37,0.95029
438.38,0.95088
438.4,0.95147
438.42,0.95205
438.44,0.95263
438.46,0.95321
438.48,0.95379
438.5,0.95436
438.52,0.95493
438.54,0.9555
438.56,0.95607
438.58,0.95663
438.6,0.9572
438.62,0.95775
438.63,0.95831
438.65,0.95886
438.67,0.95941
438.69,0.95996
438.71,0.96051
438.73,0.96105
438.75,0.96159
438.77,0.96213
438.79,0.96266
438.81,0.96319
438.83,0.96372
438.85,0.96424
438.87,0.96477
438.89,0.96529
438.9,0.9658
438.92,0.96632
438.94,0.96683
438.96,0.96733
438.98,0.96784
439,0.96834
439.02,0.96884
439.04,0.96934
439.06,0.96983
439.08,0.97032
439.1,0.9708
439.12,0.97129
439.14,0.97177
439.16,0.97224
439.17,0.97271
439.19,0.97318
439.21,0.97365
439.23,0.97411
439.25,0.97457
439.27,0.97503
439.29,0.97548
439.31,0.97593
439.33,0.97638
439.35,0.97682
439.37,0.97726
439.39,0.9777
439.41,0.97813
439.43,0.97856
439.44,0.97899
439.46,0.97941
439.48,0.97983
439.5,0.98024
439.52,0.98065
439.54,0.98106
439.56,0.98147
439.58,0.98187
439.6,0.98226
439.62,0.98265
439.64,0.98304
439.66,0.98343
439.68,0.98381
439.7,0.98419
439.72,0.98456
439.73,0.98493
439.75,0.9853
439.77,0.98566
439.79,0.98602
439.81,0.98637
439.83,0.98672
439.85,0.98707
439.87,0.98741
439.89,0.98775
439.91,0.98808
439.93,0.98841
439.95,0.98874
439.97,0.98906
439.99,0.98938
440.01,0.98969
440.02,0.99
440.04,0.9903
440.06,0.9906
440.08,0.9909
440.1,0.99119
440.12,0.99148
440.14,0.99176
440.16,0.99204
440.18,0.99231
440.2,0.99258
440.22,0.99285
440.24,0.99311
440.26,0.99337
440.28,0.99362
440.3,0.99387
440.32,0.99411
440.33,0.99435
440.35,0.99458
440.37,0.99481
440.39,0.99504
440.41,0.99526
440.43,0.99547
440.45,0.99568
440.47,0.99589
440.49,0.99609
440.51,0.99629
440.53,0.99648
440.55,0.99667
440.57,0.99685
440.59,0.99702
440.61,0.9972
440.63,0.99736
440.65,0.99753
440.66,0.99768
440.68,0.99784
440.7,0.99798
440.72,0.99813
440.74,0.99826
440.76,0.9984
440.78,0.99852
440.8,0.99864
440.82,0.99876
440.84,0.99887
440.86,0.99898
440.88,0.99908
440.9,0.99918
440.92,0.99927
440.94,0.99936
440.96,0.99944
440.98,0.99951
440.99,0.99958
441.01,0.99965
441.03,0.99971
441.05,0.99976
441.07,0.99981
441.09,0.99985
441.11,0.99989
441.13,0.99992
441.15,0.99995
441.17,0.99997
441.19,0.99999
441.21,1
441.23,1
441.25,1
441.27,0.99999
441.29,0.99998
441.31,0.99996
441.33,0.99994
441.35,0.99991
441.36,0.99988
441.38,0.99984
441.4,0.99979
441.42,0.99974
441.44,0.99968
441.46,0.99962
441.48,0.99955
441.5,0.99947
441.52,0.99939
441.54,0.9993
441.56,0.99921
441.58,0.99911
441.6,0.99901
441.62,0.9989
441.64,0.99878
441.66,0.99866
441.68,0.99853
441.7,0.9984
441.72,0.99826
441.74,0.99811
441.75,0.99796
441.77,0.9978
441.79,0.99763
441.81,0.99746
441.83,0.99729
441.85,0.9971
441.87,0.99691
441.89,0.99672
441.91,0.99652
441.93,0.99631
441.95,0.9961
441.97,0.99588
441.99,0.99565
442.01,0.99542
442.03,0.99518
442.05,0.99493
442.07,0.99468
442.09,0.99442
442.11,0.99416
442.13,0.99389
442.15,0.99361
442.16,0.99333
442.18,0.99304
442.2,0.99274
442.22,0.99244
442.24,0.99213
442.26,0.99181
442.28,0.99149
442.3,0.99116
442.32,0.99083
442.34,0.99049
442.36,0.99014
442.38,0.98979
442.4,0.98942
442.42,0.98906
442.44,0.98868
442.46,0.9883
442.48,0.98792
442.5,0.98752
442.52,0.98712
442.54,0.98671
442.56,0.9863
442.58,0.98588
442.6,0.98545
442.61,0.98502
442.63,0.98458
442.65,0.98413
442.67,0.98368
442.69,0.98322
442.71,0.98275
442.73,0.98228
442.75,0.9818
442.77,0.98131
442.79,0.98082
442.81,0.98032
442.83,0.97981
442.85,0.97929
442.87,0.97877
442.89,0.97825
442.91,0.97771
442.93,0.97717
442.95,0.97662
442.97,0.97607
442.99,0.97551
443.01,0.97494
443.03,0.97436
443.05,0.97378
443.07,0.97319
443.09,0.9726
443.11,0.97199
443.12,0.97138
443.14,0.97077
443.16,0.97014
443.18,0.96951
443.2,0.96888
443.22,0.96823
443.24,0.96758
443.26,0.96693
443.28,0.96626
443.3,0.96559
443.32,0.96491
443.34,0.96423
443.36,0.96353
443.38,0.96284
443.4,0.96213
443.42,0.96142
443.44,0.9607
443.46,0.95997
443.48,0.95924
443.5,0.9585
443.52,0.95775
443.54,0.957
443.56,0.95624
443.58,0.95547
443.6,0.9547
443.62,0.95391
443.64,0.95313
443.66,0.95233
443.68,0.95153
443.7,0.95072
443.71,0.9499
443.73,0.94908
443.75,0.94825
443.77,0.94741
443.79,0.94657
443.81,0.94572
443.83,0.94486
443.85,0.944
443.87,0.94313
443.89,0.94225
443.91,0.94137
443.93,0.94048
443.95,0.93958
443.97,0.93867
443.99,0.93776
444.01,0.93684
444.03,0.93592
444.05,0.93499
444.07,0.93405
444.09,0.9331
444.11,0.93215
444.13,0.93119
444.15,0.93022
444.17,0.92925
444.19,0.92827
444.21,0.92729
444.23,0.92629
444.25,0.92529
444.27,0.92429
444.29,0.92327
444.31,0.92225
444.33,0.92123
444.35,0.92019
444.37,0.91915
444.39,0.91811
444.4,0.91705
444.42,0.91599
444.44,0.91493
444.46,0.91385
444.48,0.91277
444.5,0.91169
444.52,0.9106
444.54,0.9095
444.56,0.90839
444.58,0.90728
444.6,0.90616
444.62,0.90503
444.64,0.9039
444.66,0.90276
444.68,0.90162
444.7,0.90047
444.72,0.89931
444.74,0.89815
444.76,0.89697
444.78,0.8958
444.8,0.89461
444.82,0.89342
444.84,0.89223
444.86,0.89103
444.88,0.88982
444.9,0.8886
444.92,0.88738
444.94,0.88615
444.96,0.88492
444.98,0.88368
445,0.88243
445.02,0.88118
445.04,0.87992
445.06,0.87866
445.08,0.87739
445.1,0.87611
445.12,0.87483
445.14,0.87354
445.16,0.87224
445.18,0.87094
445.2,0.86964
445.22,0.86832
445.24,0.867
445.26,0.86568
445.28,0.86435
445.3,0.86301
445.32,0.86167
445.34,0.86032
445.35,0.85897
445.37,0.85761
445.39,0.85624
445.41,0.85487
445.43,0.85349
445.45,0.85211
445.47,0.85072
445.49,0.84932
445.51,0.84792
445.53,0.84652
445.55,0.84511
445.57,0.84369
445.59,0.84227
445.61,0.84084
445.63,0.8394
445.65,0.83797
445.67,0.83652
445.69,0.83507
445.71,0.83362
445.73,0.83215
445.75,0.83069
445.77,0.82922
445.79,0.82774
445.81,0.82626
445.83,0.82477
445.85,0.82328
445.87,0.82178
445.89,0.82028
445.91,0.81877
445.93,0.81726
445.95,0.81574
445.97,0.81422
445.99,0.81269
446.01,0.81116
446.03,0.80962
446.05,0.80808
446.07,0.80653
446.09,0.80498
446.11,0.80342
446.13,0.80186
446.15,0.80029
446.17,0.79872
446.19,0.79714
446.21,0.79556
446.23,0.79397
446.25,0.79238
446.27,0.79079
446.29,0.78919
446.31,0.78758
446.33,0.78598
446.35,0.78436
446.37,0.78275
446.39,0.78112
446.41,0.7795
446.43,0.77787
446.45,0.77623
446.47,0.77459
446.49,0.77295
446.51,0.7713
446.53,0.76965
446.55,0.768
446.57,0.76634
446.59,0.76467
446.61,0.763
446.63,0.76133
446.65,0.75966
446.67,0.75798
446.69,0.75629
446.71,0.7546
446.73,0.75291
446.75,0.75122
446.77,0.74952
446.79,0.74782
446.81,0.74611
446.83,0.7444
446.85,0.74269
446.87,0.74097
446.89,0.73925
446.91,0.73752
446.93,0.7358
446.95,0.73407
446.97,0.73233
446.99,0.73059
447.01,0.72885
447.03,0.72711
447.05,0.72536
447.07,0.72361
447.09,0.72185
447.11,0.7201
447.13,0.71834
447.15,0.71657
447.17,0.71481
447.19,0.71304
447.21,0.71127
447.23,0.70949
447.25,0.70771
447.27,0.70593
447.29,0.70415
447.31,0.70236
447.33,0.70057
447.35,0.69878
447.37,0.69698
447.39,0.69519
447.41,0.69339
447.43,0.69158
447.45,0.68978
447.47,0.68797
447.49,0.68616
447.51,0.68435
447.53,0.68254
447.55,0.68072
447.57,0.6789
447.59,0.67708
447.61,0.67525
447.63,0.67343
447.65,0.6716
447.67,0.66977
447.69,0.66794
447.71,0.6661
447.73,0.66427
447.75,0.66243
447.77,0.66059
447.79,0.65875
447.81,0.65691
447.83,0.65506
447.85,0.65321
447.87,0.65136
447.89,0.64951
447.91,0.64766
447.93,0.64581
447.95,0.64395
447.97,0.6421
447.99,0.64024
448.01,0.63838
448.03,0.63652
448.05,0.63466
448.07,0.63279
448.09,0.63093
448.11,0.62906
448.13,0.62719
448.15,0.62533
448.17,0.62346
448.19,0.62159
448.21,0.61971
448.23,0.61784
448.25,0.61597
448.27,0.61409
448.29,0.61222
448.31,0.61034
448.33,0.60846
448.35,0.60659
448.37,0.60471
448.39,0.60283
448.41,0.60095
448.43,0.59907
448.45,0.59719
448.47,0.59531
448.49,0.59342
448.51,0.59154
448.53,0.58966
448.55,0.58778
448.57,0.58589
448.59,0.58401
448.61,0.58212
448.63,0.58024
448.65,0.57835
448.67,0.57647
448.69,0.57458
448.71,0.5727
448.73,0.57081
448.75,0.56893
448.77,0.56704
448.79,0.56516
448.81,0.56327
448.83,0.56139
448.85,0.55951
448.87,0.55762
448.89,0.55574
448.91,0.55385
448.93,0.55197
448.95,0.55009
448.97,0.5482
448.99,0.54632
449.01,0.54444
449.03,0.54256
449.05,0.54068
449.07,0.5388
449.1,0.53692
449.12,0.53504
449.14,0.53316
449.16,0.53129
449.18,0.52941
449.2,0.52753
449.22,0.52566
449.24,0.52378
449.26,0.52191
449.28,0.52004
449.3,0.51817
449.32,0.5163
449.34,0.51443
449.36,0.51256
449.38,0.51069
449.4,0.50883
449.42,0.50696
449.44,0.5051
449.46,0.50324
449.48,0.50138
449.5,0.49952
449.52,0.49766
449.54,0.4958
449.56,0.49395
449.58,0.49209
449.6,0.49024
449.62,0.48839
449.64,0.48654
449.66,0.48469
449.68,0.48285
449.7,0.481
449.72,0.47916
449.74,0.47732
449.76,0.47548
449.78,0.47364
449.8,0.47181
449.82,0.46997
449.84,0.46814
449.86,0.46631
449.88,0.46448
449.9,0.46266
449.92,0.46083
449.94,0.45901
449.96,0.45719
449.98,0.45538
450,0.45356
450.02,0.45175
450.05,0.44994
450.07,0.44813
450.09,0.44632
450.11,0.44452
450.13,0.44271
450.15,0.44091
450.17,0.43912
450.19,0.43732
450.21,0.43553
450.23,0.43374
450.25,0.43195
450.27,0.43017
450.29,0.42838
450.31,0.4266
450.33,0.42483
450.35,0.42305
450.37,0.42128
450.39,0.41951
450.41,0.41774
450.43,0.41598
450.45,0.41422
450.47,0.41246
450.49,0.4107
450.51,0.40895
450.53,0.4072
450.55,0.40545
450.57,0.40371
450.59,0.40197
450.61,0.40023
450.63,0.3985
450.65,0.39676
450.67,0.39504
450.69,0.39331
450.71,0.39159
450.73,0.38987
450.76,0.38815
450.78,0.38644
450.8,0.38473
450.82,0.38302
450.84,0.38132
450.86,0.37962
450.88,0.37792
450.9,0.37623
450.92,0.37453
450.94,0.37285
450.96,0.37116
450.98,0.36948
451,0.36781
451.02,0.36613
451.04,0.36446
451.06,0.3628
451.08,0.36113
451.1,0.35947
451.12,0.35782
451.14,0.35617
451.16,0.35452
451.18,0.35287
451.2,0.35123
451.22,0.34959
451.24,0.34796
451.26,0.34633
451.28,0.3447
451.3,0.34308
451.32,0.34146
451.35,0.33984
451.37,0.33823
451.39,0.33662
451.41,0.33502
451.43,0.33342
451.45,0.33182
451.47,0.33023
451.49,0.32864
451.51,0.32706
451.53,0.32547
451.55,0.3239
451.57,0.32233
451.59,0.32076
451.61,0.31919
451.63,0.31763
451.65,0.31607
451.67,0.31452
451.69,0.31297
451.71,0.31143
451.73,0.30989
451.75,0.30835
451.77,0.30682
451.79,0.30529
451.81,0.30376
451.83,0.30224
451.85,0.30073
451.88,0.29922
451.9,0.29771
451.92,0.29621
451.94,0.29471
451.96,0.29321
451.98,0.29172
452,0.29023
452.02,0.28875
452.04,0.28727
452.06,0.2858
452.08,0.28433
452.1,0.28287
452.12,0.28141
452.14,0.27995
452.16,0.2785
452.18,0.27705
452.2,0.27561
452.22,0.27417
452.24,0.27273
452.26,0.2713
452.28,0.26988
452.3,0.26846
452.32,0.26704
452.35,0.26563
452.37,0.26422
452.39,0.26282
452.41,0.26142
452.43,0.26002
452.45,0.25863
452.47,0.25725
452.49,0.25587
452.51,0.25449
452.53,0.25312
452.55,0.25175
452.57,0.25039
452.59,0.24903
452.61,0.24767
452.63,0.24632
452.65,0.24498
452.67,0.24364
452.69,0.2423
452.71,0.24097
452.73,0.23965
452.76,0.23832
452.78,0.23701
452.8,0.23569
452.82,0.23439
452.84,0.23308
452.86,0.23178
452.88,0.23049
452.9,0.2292
452.92,0.22791
452.94,0.22663
452.96,0.22536
452.98,0.22408
453,0.22282
453.02,0.22156
453.04,0.2203
453.06,0.21905
453.08,0.2178
453.1,0.21655
453.12,0.21531
453.14,0.21408
453.17,0.21285
453.19,0.21163
453.21,0.21041
453.23,0.20919
453.25,0.20798
453.27,0.20677
453.29,0.20557
453.31,0.20437
453.33,0.20318
453.35,0.20199
453.37,0.20081
453.39,0.19963
453.41,0.19846
453.43,0.19729
453.45,0.19612
453.47,0.19496
453.49,0.19381
453.51,0.19266
453.54,0.19151
453.56,0.19037
453.58,0.18923
453.6,0.1881
453.62,0.18698
453.64,0.18585
453.66,0.18473
453.68,0.18362
453.7,0.18251
453.72,0.18141
453.74,0.18031
453.76,0.17921
453.78,0.17812
453.8,0.17704
453.82,0.17596
453.84,0.17488
453.86,0.17381
453.89,0.17274
453.91,0.17168
453.93,0.17062
453.95,0.16957
453.97,0.16852
453.99,0.16747
454.01,0.16643
454.03,0.1654
454.05,0.16437
454.07,0.16334
454.09,0.16232
454.11,0.16131
454.13,0.16029
454.15,0.15929
454.17,0.15828
454.19,0.15728
454.22,0.15629
454.24,0.1553
454.26,0.15432
454.28,0.15333
454.3,0.15236
454.32,0.15139
454.34,0.15042
454.36,0.14946
454.38,0.1485
454.4,0.14755
454.42,0.1466
454.44,0.14565
454.46,0.14471
454.48,0.14378
454.5,0.14285
454.52,0.14192
454.55,0.141
454.57,0.14008
454.59,0.13917
454.61,0.13826
454.63,0.13735
454.65,0.13645
454.67,0.13556
454.69,0.13466
454.71,0.13378
454.73,0.13289
454.75,0.13202
454.77,0.13114
454.79,0.13027
454.81,0.12941
454.83,0.12855
454.86,0.12769
454.88,0.12684
454.9,0.12599
454.92,0.12514
454.94,0.1243
454.96,0.12347
454.98,0.12264
455,0.12181
455.02,0.12099
455.04,0.12017
455.06,0.11936
455.08,0.11854
455.1,0.11774
455.12,0.11694
455.15,0.11614
455.17,0.11535
455.19,0.11456
455.21,0.11377
455.23,0.11299
455.25,0.11221
455.27,0.11144
455.29,0.11067
455.31,0.10991
455.33,0.10915
455.35,0.10839
455.37,0.10764
455.39,0.10689
455.41,0.10615
455.44,0.10541
455.46,0.10467
455.48,0.10394
455.5,0.10321
455.52,0.10249
455.54,0.10177
455.56,0.10105
455.58,0.10034
455.6,0.099629
455.62,0.098924
455.64,0.098223
455.66,0.097527
455.68,0.096834
455.71,0.096145
455.73,0.09546
455.75,0.094779
455.77,0.094101
455.79,0.093428
455.81,0.092758
455.83,0.092092
455.85,0.09143
455.87,0.090772
455.89,0.090117
455.91,0.089466
455.93,0.088819
455.95,0.088176
455.98,0.087536
456,0.0869
456.02,0.086268
456.04,0.085639
456.06,0.085014
456.08,0.084393
456.1,0.083775
456.12,0.083161
456.14,0.082551
456.16,0.081944
456.18,0.081341
456.2,0.080741
456.23,0.080145
456.25,0.079553
456.27,0.078964
456.29,0.078378
456.31,0.077796
456.33,0.077218
456.35,0.076643
456.37,0.076071
456.39,0.075503
456.41,0.074939
456.43,0.074378
456.45,0.07382
456.48,0.073266
456.5,0.072715
456.52,0.072167
456.54,0.071623
456.56,0.071082
456.58,0.070545
456.6,0.070011
456.62,0.06948
456.64,0.068952
456.66,0.068428
456.68,0.067907
456.7,0.06739
456.73,0.066875
456.75,0.066364
456.77,0.065856
456.79,0.065351
456.81,0.06485
456.83,0.064351
456.85,0.063856
456.87,0.063364
456.89,0.062875
456.91,0.062389
456.93,0.061906
456.95,0.061427
456.98,0.06095
457,0.060477
457.02,0.060007
457.04,0.059539
457.06,0.059075
457.08,0.058614
457.1,0.058155
457.12,0.0577
457.14,0.057248
457.16,0.056799
457.18,0.056352
457.21,0.055909
457.23,0.055468
457.25,0.055031
457.27,0.054596
457.29,0.054164
457.31,0.053735
457.33,0.053309
457.35,0.052886
457.37,0.052466
457.39,0.052048
457.41,0.051633
457.44,0.051221
457.46,0.050812
457.48,0.050406
457.5,0.050002
457.52,0.049601
457.54,0.049203
457.56,0.048808
457.58,0.048415
457.6,0.048025
457.62,0.047637
457.64,0.047252
457.67,0.04687
457.69,0.046491
457.71,0.046114
457.73,0.04574
457.75,0.045368
457.77,0.044999
457.79,0.044632
457.81,0.044269
457.83,0.043907
457.85,0.043548
457.88,0.043192
457.9,0.042838
457.92,0.042487
457.94,0.042138
457.96,0.041791
457.98,0.041447
458,0.041106
458.02,0.040767
458.04,0.04043
458.06,0.040096
458.09,0.039764
458.11,0.039434
458.13,0.039107
458.15,0.038782
458.17,0.03846
458.19,0.038139
458.21,0.037821
458.23,0.037506
458.25,0.037193
458.27,0.036882
458.3,0.036573
458.32,0.036266
458.34,0.035962
458.36,0.03566
458.38,0.03536
458.4,0.035062
458.42,0.034767
458.44,0.034474
458.46,0.034183
458.48,0.033894
458.51,0.033607
458.53,0.033322
458.55,0.033039
458.57,0.032759
458.59,0.032481
458.61,0.032204
458.63,0.03193
458.65,0.031658
458.67,0.031388
458.69,0.031119
458.72,0.030853
458.74,0.030589
458.76,0.030327
458.78,0.030067
458.8,0.029809
458.82,0.029552
458.84,0.029298
458.86,0.029046
458.88,0.028795
458.91,0.028547
458.93,0.0283
458.95,0.028055
458.97,0.027813
458.99,0.027572
459.01,0.027332
459.03,0.027095
459.05,0.02686
459.07,0.026626
459.09,0.026394
459.12,0.026164
459.14,0.025936
459.16,0.025709
459.18,0.025485
459.2,0.025262
459.22,0.02504
459.24,0.024821
459.26,0.024603
459.28,0.024387
459.31,0.024173
459.33,0.02396
459.35,0.023749
459.37,0.02354
459.39,0.023332
459.41,0.023126
459.43,0.022922
459.45,0.022719
459.47,0.022518
459.5,0.022318
459.52,0.02212
459.54,0.021924
459.56,0.021729
459.58,0.021536
459.6,0.021344
459.62,0.021154
459.64,0.020965
459.66,0.020778
459.69,0.020593
459.71,0.020408
459.73,0.020226
459.75,0.020045
459.77,0.019865
459.79,0.019687
459.81,0.01951
459.83,0.019335
459.85,0.019161
459.88,0.018988
459.9,0.018817
459.92,0.018648
459.94,0.01848
459.96,0.018313
459.98,0.018147
460,0.017983
460.02,0.01782
460.05,0.017659
460.07,0.017499
460.09,0.01734
460.11,0.017183
460.13,0.017026
460.15,0.016872
460.17,0.016718
460.19,0.016566
460.21,0.016415
460.24,0.016265
460.26,0.016117
460.28,0.015969
460.3,0.015823
460.32,0.015679
460.34,0.015535
460.36,0.015393
460.38,0.015252
460.41,0.015112
460.43,0.014973
460.45,0.014835
460.47,0.014699
460.49,0.014564
460.51,0.01443
460.53,0.014297
460.55,0.014165
460.57,0.014034
460.6,0.013905
460.62,0.013776
460.64,0.013649
460.66,0.013522
460.68,0.013397
460.7,0.013273
460.72,0.01315
460.74,0.013028
460.77,0.012907
460.79,0.012787
460.81,0.012669
460.83,0.012551
460.85,0.012434
460.87,0.012318
460.89,0.012203
460.91,0.01209
460.94,0.011977
460.96,0.011865
460.98,0.011754
461,0.011644
461.02,0.011536
461.04,0.011428
461.06,0.011321
461.08,0.011215
461.11,0.011109
461.13,0.011005
461.15,0.010902
461.17,0.0108
461.19,0.010698
461.21,0.010598
461.23,0.010498
461.25,0.010399
461.28,0.010301
461.3,0.010204
461.32,0.010108
461.34,0.010013
461.36,0.0099185
461.38,0.0098249
461.4,0.0097321
461.42,0.0096401
461.45,0.009549
461.47,0.0094587
461.49,0.0093692
461.51,0.0092806
461.53,0.0091927
461.55,0.0091056
461.57,0.0090193
461.6,0.0089337
461.62,0.008849
461.64,0.008765
461.66,0.0086818
461.68,0.0085993
461.7,0.0085175
461.72,0.0084366
461.74,0.0083563
461.77,0.0082768
461.79,0.008198
461.81,0.0081199
461.83,0.0080425
461.85,0.0079659
461.87,0.0078899
461.89,0.0078147
461.92,0.0077401
461.94,0.0076662
461.96,0.007593
461.98,0.0075205
462,0.0074486
462.02,0.0073774
462.04,0.0073068
462.06,0.0072369
462.09,0.0071677
462.11,0.0070991
462.13,0.0070311
462.15,0.0069637
462.17,0.006897
462.19,0.0068309
462.21,0.0067654
462.24,0.0067005
462.26,0.0066362
462.28,0.0065725
462.3,0.0065094
462.32,0.0064469
462.34,0.006385
462.36,0.0063237
462.38,0.0062629
462.41,0.0062027
462.43,0.006143
462.45,0.006084
462.47,0.0060254
462.49,0.0059675
462.51,0.00591
462.53,0.0058531
462.56,0.0057968
462.58,0.005741
462.6,0.0056857
462.62,0.0056309
462.64,0.0055766
462.66,0.0055229
462.68,0.0054696
462.71,0.0054169
462.73,0.0053647
462.75,0.0053129
462.77,0.0052617
462.79,0.0052109
462.81,0.0051606
462.83,0.0051108
462.86,0.0050615
462.88,0.0050126
462.9,0.0049643
462.92,0.0049163
462.94,0.0048688
462.96,0.0048218
462.98,0.0047752
463.01,0.0047291
463.03,0.0046834
463.05,0.0046382
463.07,0.0045934
463.09,0.004549
463.11,0.004505
463.13,0.0044615
463.16,0.0044184
463.18,0.0043757
463.2,0.0043334
463.22,0.0042915
463.24,0.00425
463.26,0.0042089
463.28,0.0041682
463.31,0.0041279
463.33,0.004088
463.35,0.0040485
463.37,0.0040094
463.39,0.0039706
463.41,0.0039322
463.43,0.0038942
463.46,0.0038566
463.48,0.0038193
463.5,0.0037824
463.52,0.0037458
463.54,0.0037096
463.56,0.0036738
463.59,0.0036383
463.61,0.0036031
463.63,0.0035683
463.65,0.0035339
463.67,0.0034997
463.69,0.0034659
463.71,0.0034324
463.74,0.0033993
463.76,0.0033665
463.78,0.003334
463.8,0.0033018
463.82,0.0032699
463.84,0.0032384
463.86,0.0032071
463.89,0.0031762
463.91,0.0031455
463.93,0.0031152
463.95,0.0030851
463.97,0.0030554
463.99,0.0030259
464.02,0.0029968
464.04,0.0029679
464.06,0.0029393
464.08,0.002911
464.1,0.002883
464.12,0.0028552
464.14,0.0028277
464.17,0.0028005
464.19,0.0027736
464.21,0.0027469
464.23,0.0027205
464.25,0.0026943
464.27,0.0026684
464.3,0.0026428
464.32,0.0026174
464.34,0.0025922
464.36,0.0025674
464.38,0.0025427
464.4,0.0025183
464.43,0.0024942
464.45,0.0024702
464.47,0.0024466
464.49,0.0024231
464.51,0.0023999
464.53,0.0023769
464.55,0.0023542
464.58,0.0023316
464.6,0.0023093
464.62,0.0022872
464.64,0.0022654
464.66,0.0022437
464.68,0.0022223
464.71,0.0022011
464.73,0.0021801
464.75,0.0021593
464.77,0.0021387
464.79,0.0021183
464.81,0.0020981
464.84,0.0020781
464.86,0.0020583
464.88,0.0020387
464.9,0.0020193
464.92,0.0020001
464.94,0.0019811
464.96,0.0019623
464.99,0.0019437
465.01,0.0019252
465.03,0.0019069
465.05,0.0018889
465.07,0.001871
465.09,0.0018532
465.12,0.0018357
465.14,0.0018183
465.16,0.0018011
465.18,0.0017841
465.2,0.0017672
465.22,0.0017505
465.25,0.001734
465.27,0.0017177
465.29,0.0017015
465.31,0.0016854
465.33,0.0016696
465.35,0.0016538
465.38,0.0016383
465.4,0.0016229
465.42,0.0016076
465.44,0.0015925
465.46,0.0015776
465.48,0.0015628
465.51,0.0015481
465.53,0.0015336
465.55,0.0015193
465.57,0.0015051
465.59,0.001491
465.61,0.001477
465.64,0.0014632
465.66,0.0014496
465.68,0.0014361
465.7,0.0014227
465.72,0.0014094
465.74,0.0013963
465.77,0.0013833
465.79,0.0013705
465.81,0.0013577
465.83,0.0013451
465.85,0.0013326
465.87,0.0013203
465.9,0.001308
465.92,0.0012959
465.94,0.0012839
465.96,0.0012721
465.98,0.0012603
466,0.0012487
466.03,0.0012372
466.05,0.0012258
466.07,0.0012145
466.09,0.0012033
466.11,0.0011922
466.14,0.0011813
466.16,0.0011704
466.18,0.0011597
466.2,0.001149
466.22,0.0011385
466.24,0.0011281
466.27,0.0011178
466.29,0.0011075
466.31,0.0010974
466.33,0.0010874
466.35,0.0010775
466.37,0.0010677
466.4,0.0010579
466.42,0.0010483
466.44,0.0010388
466.46,0.0010294
466.48,0.00102
466.5,0.0010108
466.53,0.0010016
466.55,0.00099253
466.57,0.00098355
466.59,0.00097466
466.61,0.00096586
466.64,0.00095714
466.66,0.00094851
466.68,0.00093997
466.7,0.00093151
466.72,0.00092313
466.74,0.00091484
466.77,0.00090662
466.79,0.00089849
466.81,0.00089044
466.83,0.00088247
466.85,0.00087457
466.88,0.00086676
466.9,0.00085902
466.92,0.00085135
466.94,0.00084376
466.96,0.00083625
466.98,0.00082881
467.01,0.00082144
467.03,0.00081414
467.05,0.00080692
467.07,0.00079976
467.09,0.00079268
467.12,0.00078566
467.14,0.00077872
467.16,0.00077184
467.18,0.00076503
467.2,0.00075828
467.22,0.0007516
467.25,0.00074499
467.27,0.00073843
467.29,0.00073195
467.31,0.00072552
467.33,0.00071916
467.36,0.00071286
467.38,0.00070662
467.4,0.00070045
467.42,0.00069433
467.44,0.00068827
467.46,0.00068227
467.49,0.00067633
467.51,0.00067044
467.53,0.00066461
467.55,0.00065884
467.57,0.00065312
467.6,0.00064746
467.62,0.00064185
467.64,0.0006363
467.66,0.0006308
467.68,0.00062535
467.7,0.00061996
467.73,0.00061462
467.75,0.00060932
467.77,0.00060408
467.79,0.00059889
467.81,0.00059375
467.84,0.00058866
467.86,0.00058361
467.88,0.00057862
467.9,0.00057367
467.92,0.00056877
467.95,0.00056391
467.97,0.00055911
467.99,0.00055434
468.01,0.00054963
468.03,0.00054495
468.06,0.00054032
468.08,0.00053574
468.1,0.0005312
468.12,0.0005267
468.14,0.00052224
468.16,0.00051783
468.19,0.00051346
468.21,0.00050913
468.23,0.00050484
468.25,0.00050059
468.27,0.00049638
468.3,0.0004922
468.32,0.00048807
468.34,0.00048398
468.36,0.00047992
468.38,0.00047591
468.41,0.00047193
468.43,0.00046799
468.45,0.00046408
468.47,0.00046021
468.49,0.00045638
468.52,0.00045258
468.54,0.00044882
468.56,0.00044509
468.58,0.0004414
468.6,0.00043774
468.63,0.00043411
468.65,0.00043052
468.67,0.00042696
468.69,0.00042344
468.71,0.00041995
468.74,0.00041649
468.76,0.00041306
468.78,0.00040966
468.8,0.00040629
468.82,0.00040296
468.85,0.00039965
468.87,0.00039638
468.89,0.00039313
468.91,0.00038992
468.93,0.00038673
468.96,0.00038357
468.98,0.00038044
469,0.00037734
469.02,0.00037427
469.04,0.00037123
469.07,0.00036821
469.09,0.00036522
469.11,0.00036226
469.13,0.00035933
469.15,0.00035642
469.18,0.00035353
469.2,0.00035068
469.22,0.00034785
469.24,0.00034504
469.26,0.00034226
469.29,0.0003395
469.31,0.00033677
469.33,0.00033407
469.35,0.00033138
469.37,0.00032873
469.4,0.00032609
469.42,0.00032348
469.44,0.00032089
469.46,0.00031833
469.48,0.00031578
469.51,0.00031326
469.53,0.00031077
469.55,0.00030829
469.57,0.00030584
469.59,0.0003034
469.62,0.00030099
469.64,0.0002986
469.66,0.00029623
469.68,0.00029389
469.7,0.00029156
469.73,0.00028925
469.75,0.00028697
469.77,0.0002847
469.79,0.00028245
469.81,0.00028022
469.84,0.00027802
469.86,0.00027583
469.88,0.00027366
469.9,0.00027151
469.92,0.00026937
469.95,0.00026726
469.97,0.00026516
469.99,0.00026309
470.01,0.00026103
470.04,0.00025899
470.06,0.00025696
470.08,0.00025495
470.1,0.00025296
470.12,0.00025099
470.15,0.00024904
470.17,0.0002471
470.19,0.00024517
470.21,0.00024327
470.23,0.00024138
470.26,0.0002395
470.28,0.00023765
470.3,0.0002358
470.32,0.00023398
470.34,0.00023217
470.37,0.00023037
470.39,0.00022859
470.41,0.00022682
470.43,0.00022507
470.46,0.00022334
470.48,0.00022162
470.5,0.00021991
470.52,0.00021822
470.54,0.00021654
470.57,0.00021487
470.59,0.00021322
470.61,0.00021159
470.63,0.00020996
470.65,0.00020835
470.68,0.00020676
470.7,0.00020517
470.72,0.0002036
470.74,0.00020205
470.77,0.0002005
470.79,0.00019897
470.81,0.00019746
470.83,0.00019595
470.85,0.00019446
470.88,0.00019297
470.9,0.00019151
470.92,0.00019005
470.94,0.0001886
470.97,0.00018717
470.99,0.00018575
471.01,0.00018434
471.03,0.00018294
471.05,0.00018155
471.08,0.00018018
471.1,0.00017881
471.12,0.00017746
471.14,0.00017612
471.16,0.00017479
471.19,0.00017347
471.21,0.00017216
471.23,0.00017086
471.25,0.00016957
471.28,0.00016829
471.3,0.00016702
471.32,0.00016576
471.34,0.00016452
471.36,0.00016328
471.39,0.00016205
471.41,0.00016083
471.43,0.00015962
471.45,0.00015843
471.48,0.00015724
471.5,0.00015606
471.52,0.00015489
471.54,0.00015373
471.56,0.00015258
471.59,0.00015143
471.61,0.0001503
471.63,0.00014918
471.65,0.00014806
471.68,0.00014695
471.7,0.00014586
471.72,0.00014477
471.74,0.00014369
471.76,0.00014261
471.79,0.00014155
471.81,0.00014049
471.83,0.00013945
471.85,0.00013841
471.88,0.00013738
471.9,0.00013636
471.92,0.00013534
471.94,0.00013433
471.97,0.00013334
471.99,0.00013234
472.01,0.00013136
472.03,0.00013039
472.05,0.00012942
472.08,0.00012846
472.1,0.0001275
472.12,0.00012656
472.14,0.00012562
472.17,0.00012469
472.19,0.00012377
472.21,0.00012285
472.23,0.00012194
472.26,0.00012104
472.28,0.00012014
472.3,0.00011925
472.32,0.00011837
472.34,0.0001175
472.37,0.00011663
472.39,0.00011577
472.41,0.00011491
472.43,0.00011406
472.46,0.00011322
472.48,0.00011238
472.5,0.00011156
472.52,0.00011073
472.55,0.00010992
472.57,0.00010911
472.59,0.0001083
472.61,0.0001075
472.63,0.00010671
472.66,0.00010593
472.68,0.00010515
472.7,0.00010437
472.72,0.0001036
472.75,0.00010284
472.77,0.00010208
472.79,0.00010133
472.81,0.00010059
472.84,9.9848e-05
472.86,9.9114e-05
472.88,9.8386e-05
472.9,9.7663e-05
472.93,9.6945e-05
472.95,9.6233e-05
472.97,9.5526e-05
472.99,9.4824e-05
473.01,9.4128e-05
473.04,9.3437e-05
473.06,9.2751e-05
473.08,9.2071e-05
473.1,9.1395e-05
473.13,9.0724e-05
473.15,9.0059e-05
473.17,8.9398e-05
473.19,8.8743e-05
473.22,8.8092e-05
473.24,8.7446e-05
473.26,8.6805e-05
473.28,8.6169e-05
473.31,8.5537e-05
473.33,8.491e-05
473.35,8.4288e-05
473.37,8.367e-05
473.4,8.3057e-05
473.42,8.2449e-05
473.44,8.1845e-05
473.46,8.1245e-05
473.48,8.065e-05
473.51,8.006e-05
473.53,7.9473e-05
473.55,7.8892e-05
473.57,7.8314e-05
473.6,7.7741e-05
473.62,7.7171e-05
473.64,7.6606e-05
473.66,7.6046e-05
473.69,7.5489e-05
473.71,7.4937e-05
473.73,7.4388e-05
473.75,7.3844e-05
473.78,7.3303e-05
473.8,7.2767e-05
473.82,7.2234e-05
473.84,7.1706e-05
473.87,7.1181e-05
473.89,7.066e-05
473.91,7.0143e-05
473.93,6.963e-05
473.96,6.912e-05
473.98,6.8614e-05
474,6.8112e-05
474.02,6.7614e-05
474.05,6.7119e-05
474.07,6.6628e-05
474.09,6.614e-05
474.11,6.5656e-05
474.14,6.5176e-05
474.16,6.4699e-05
474.18,6.4226e-05
474.2,6.3755e-05
474.23,6.3289e-05
474.25,6.2826e-05
474.27,6.2366e-05
474.29,6.1909e-05
474.32,6.1456e-05
474.34,6.1006e-05
474.36,6.056e-05
474.38,6.0116e-05
474.41,5.9676e-05
474.43,5.9239e-05
474.45,5.8806e-05
474.47,5.8375e-05
474.5,5.7948e-05
474.52,5.7523e-05
474.54,5.7102e-05
474.56,5.6684e-05
474.59,5.6269e-05
474.61,5.5856e-05
474.63,5.5447e-05
474.65,5.5041e-05
474.68,5.4638e-05
474.7,5.4237e-05
474.72,5.384e-05
474.74,5.3445e-05
474.77,5.3053e-05
474.79,5.2664e-05
474.81,5.2278e-05
474.83,5.1895e-05
474.86,5.1514e-05
474.88,5.1137e-05
474.9,5.0762e-05
474.92,5.0389e-05
474.95,5.002e-05
474.97,4.9653e-05
474.99,4.9288e-05
475.01,4.8926e-05
475.04,4.8567e-05
475.06,4.8211e-05
475.08,4.7857e-05
475.1,4.7505e-05
475.13,4.7157e-05
475.15,4.681e-05
475.17,4.6466e-05
475.19,4.6125e-05
475.22,4.5786e-05
475.24,4.545e-05
475.26,4.5116e-05
475.29,4.4784e-05
475.31,4.4455e-05
475.33,4.4128e-05
475.35,4.3803e-05
475.38,4.3481e-05
475.4,4.3161e-05
475.42,4.2843e-05
475.44,4.2528e-05
475.47,4.2215e-05
475.49,4.1904e-05
475.51,4.1596e-05
475.53,4.129e-05
475.56,4.0985e-05
475.58,4.0683e-05
475.6,4.0384e-05
475.62,4.0086e-05
475.65,3.9791e-05
475.67,3.9497e-05
475.69,3.9206e-05
475.71,3.8917e-05
475.74,3.863e-05
475.76,3.8345e-05
475.78,3.8062e-05
475.81,3.7781e-05
475.83,3.7502e-05
475.85,3.7225e-05
475.87,3.695e-05
475.9,3.6677e-05
475.92,3.6406e-05
475.94,3.6137e-05
475.96,3.587e-05
475.99,3.5605e-05
476.01,3.5342e-05
476.03,3.508e-05
476.05,3.4821e-05
476.08,3.4563e-05
476.1,3.4307e-05
476.12,3.4054e-05
476.15,3.3801e-05
476.17,3.3551e-05
476.19,3.3303e-05
476.21,3.3056e-05
476.24,3.2811e-05
476.26,3.2568e-05
476.28,3.2326e-05
476.3,3.2087e-05
476.33,3.1849e-05
476.35,3.1612e-05
476.37,3.1378e-05
476.39,3.1145e-05
476.42,3.0914e-05
476.44,3.0684e-05
476.46,3.0456e-05
476.49,3.023e-05
476.51,3.0005e-05
476.53,2.9782e-05
476.55,2.9561e-05
476.58,2.9341e-05
476.6,2.9123e-05
476.62,2.8906e-05
476.64,2.8691e-05
476.67,2.8477e-05
476.69,2.8265e-05
476.71,2.8055e-05
476.74,2.7846e-05
476.76,2.7638e-05
476.78,2.7432e-05
476.8,2.7228e-05
476.83,2.7025e-05
476.85,2.6823e-05
476.87,2.6623e-05
476.89,2.6424e-05
476.92,2.6227e-05
476.94,2.6031e-05
476.96,2.5837e-05
476.99,2.5644e-05
477.01,2.5452e-05
477.03,2.5262e-05
477.05,2.5073e-05
477.08,2.4886e-05
477.1,2.47e-05
477.12,2.4515e-05
477.14,2.4331e-05
477.17,2.4149e-05
477.19,2.3968e-05
477.21,2.3789e-05
477.24,2.361e-05
477.26,2.3433e-05
477.28,2.3258e-05
477.3,2.3083e-05
477.33,2.291e-05
477.35,2.2738e-05
477.37,2.2568e-05
477.4,2.2398e-05
477.42,2.223e-05
477.44,2.2063e-05
477.46,2.1897e-05
477.49,2.1733e-05
477.51,2.1569e-05
477.53,2.1407e-05
477.55,2.1246e-05
477.58,2.1086e-05
477.6,2.0927e-05
477.62,2.077e-05
477.65,2.0613e-05
477.67,2.0458e-05
477.69,2.0304e-05
477.71,2.0151e-05
477.74,1.9999e-05
477.76,1.9848e-05
477.78,1.9698e-05
477.81,1.955e-05
477.83,1.9402e-05
477.85,1.9256e-05
477.87,1.911e-05
477.9,1.8966e-05
477.92,1.8822e-05
477.94,1.868e-05
477.97,1.8539e-05
477.99,1.8399e-05
478.01,1.8259e-05
478.03,1.8121e-05
478.06,1.7984e-05
478.08,1.7848e-05
478.1,1.7713e-05
478.13,1.7578e-05
478.15,1.7445e-05
478.17,1.7313e-05
478.19,1.7181e-05
478.22,1.7051e-05
478.24,1.6922e-05
478.26,1.6793e-05
478.29,1.6666e-05
478.31,1.6539e-05
478.33,1.6413e-05
478.35,1.6289e-05
478.38,1.6165e-05
478.4,1.6042e-05
478.42,1.592e-05
478.45,1.5798e-05
478.47,1.5678e-05
478.49,1.5559e-05
478.51,1.544e-05
478.54,1.5323e-05
478.56,1.5206e-05
478.58,1.509e-05
478.61,1.4975e-05
478.63,1.486e-05
478.65,1.4747e-05
478.68,1.4634e-05
478.7,1.4523e-05
478.72,1.4412e-05
478.74,1.4302e-05
478.77,1.4192e-05
478.79,1.4084e-05
478.81,1.3976e-05
478.84,1.3869e-05
478.86,1.3763e-05
478.88,1.3657e-05
478.9,1.3553e-05
478.93,1.3449e-05
478.95,1.3346e-05
478.97,1.3244e-05
479,1.3142e-05
479.02,1.3041e-05
479.04,1.2941e-05
479.06,1.2842e-05
479.09,1.2743e-05
479.11,1.2645e-05
479.13,1.2548e-05
479.16,1.2452e-05
479.18,1.2356e-05
479.2,1.2261e-05
479.23,1.2166e-05
479.25,1.2073e-05
479.27,1.198e-05
479.29,1.1888e-05
479.32,1.1796e-05
479.34,1.1705e-05
479.36,1.1615e-05
479.39,1.1525e-05
479.41,1.1436e-05
479.43,1.1348e-05
479.46,1.1261e-05
479.48,1.1174e-05
479.5,1.1087e-05
479.52,1.1002e-05
479.55,1.0917e-05
479.57,1.0832e-05
479.59,1.0748e-05
479.62,1.0665e-05
479.64,1.0583e-05
479.66,1.0501e-05
479.69,1.0419e-05
479.71,1.0339e-05
479.73,1.0259e-05
479.75,1.0179e-05
479.78,1.01e-05
479.8,1.0022e-05
479.82,9.944e-06
479.85,9.8668e-06
479.87,9.7902e-06
479.89,9.7141e-06
479.92,9.6386e-06
479.94,9.5637e-06
479.96,9.4894e-06
479.98,9.4155e-06
480.01,9.3423e-06
480.03,9.2696e-06
480.05,9.1974e-06
480.08,9.1258e-06
480.1,9.0547e-06
480.12,8.9841e-06
480.15,8.914e-06
480.17,8.8445e-06
480.19,8.7755e-06
480.22,8.707e-06
480.24,8.6391e-06
480.26,8.5716e-06
480.28,8.5046e-06
480.31,8.4382e-06
480.33,8.3722e-06
480.35,8.3067e-06
480.38,8.2418e-06
480.4,8.1773e-06
480.42,8.1133e-06
480.45,8.0497e-06
480.47,7.9867e-06
480.49,7.9241e-06
480.52,7.862e-06
480.54,7.8004e-06
480.56,7.7392e-06
480.58,7.6784e-06
480.61,7.6182e-06
480.63,7.5584e-06
480.65,7.499e-06
480.68,7.4401e-06
480.7,7.3816e-06
480.72,7.3236e-06
480.75,7.266e-06
480.77,7.2088e-06
480.79,7.1521e-06
480.82,7.0958e-06
480.84,7.0399e-06
480.86,6.9845e-06
480.88,6.9294e-06
480.91,6.8748e-06
480.93,6.8206e-06
480.95,6.7668e-06
480.98,6.7134e-06
481,6.6604e-06
481.02,6.6078e-06
481.05,6.5556e-06
481.07,6.5038e-06
481.09,6.4524e-06
481.12,6.4014e-06
481.14,6.3507e-06
481.16,6.3005e-06
481.19,6.2506e-06
481.21,6.2011e-06
481.23,6.152e-06
481.26,6.1033e-06
481.28,6.0549e-06
481.3,6.0069e-06
481.32,5.9593e-06
481.35,5.912e-06
481.37,5.8651e-06
481.39,5.8185e-06
481.42,5.7723e-06
481.44,5.7264e-06
481.46,5.6809e-06
481.49,5.6358e-06
481.51,5.591e-06
481.53,5.5465e-06
481.56,5.5023e-06
481.58,5.4585e-06
481.6,5.4151e-06
481.63,5.3719e-06
481.65,5.3291e-06
481.67,5.2867e-06
481.7,5.2445e-06
481.72,5.2027e-06
481.74,5.1612e-06
481.77,5.12e-06
481.79,5.0791e-06
481.81,5.0385e-06
481.83,4.9983e-06
481.86,4.9583e-06
481.88,4.9187e-06
481.9,4.8793e-06
481.93,4.8403e-06
481.95,4.8015e-06
481.97,4.7631e-06
482,4.725e-06
482.02,4.6871e-06
482.04,4.6495e-06
482.07,4.6123e-06
482.09,4.5753e-06
482.11,4.5386e-06
482.14,4.5022e-06
482.16,4.466e-06
482.18,4.4301e-06
482.21,4.3946e-06
482.23,4.3592e-06
482.25,4.3242e-06
482.28,4.2894e-06
482.3,4.2549e-06
482.32,4.2207e-06
482.35,4.1867e-06
482.37,4.153e-06
482.39,4.1196e-06
482.42,4.0864e-06
482.44,4.0534e-06
482.46,4.0207e-06
482.49,3.9883e-06
482.51,3.9561e-06
482.53,3.9242e-06
482.56,3.8925e-06
482.58,3.8611e-06
482.6,3.8299e-06
482.63,3.7989e-06
482.65,3.7682e-06
482.67,3.7377e-06
482.7,3.7075e-06
482.72,3.6775e-06
482.74,3.6477e-06
482.77,3.6182e-06
482.79,3.5889e-06
482.81,3.5598e-06
482.84,3.5309e-06
482.86,3.5023e-06
482.88,3.4739e-06
482.91,3.4457e-06
482.93,3.4177e-06
482.95,3.39e-06
482.98,3.3625e-06
483,3.3351e-06
483.02,3.308e-06
483.05,3.2811e-06
483.07,3.2544e-06
483.09,3.228e-06
483.12,3.2017e-06
483.14,3.1756e-06
483.16,3.1498e-06
483.19,3.1241e-06
483.21,3.0986e-06
483.23,3.0734e-06
483.26,3.0483e-06
483.28,3.0234e-06
483.3,2.9988e-06
483.33,2.9743e-06
483.35,2.95e-06
483.37,2.9259e-06
483.4,2.902e-06
483.42,2.8783e-06
483.44,2.8547e-06
483.47,2.8314e-06
483.49,2.8082e-06
483.51,2.7852e-06
483.54,2.7624e-06
483.56,2.7398e-06
483.58,2.7173e-06
483.61,2.6951e-06
483.63,2.673e-06
483.65,2.6511e-06
483.68,2.6293e-06
483.7,2.6077e-06
483.72,2.5863e-06
483.75,2.5651e-06
483.77,2.544e-06
483.79,2.5231e-06
483.82,2.5024e-06
483.84,2.4818e-06
483.86,2.4614e-06
483.89,2.4411e-06
483.91,2.421e-06
483.93,2.4011e-06
483.96,2.3813e-06
483.98,2.3617e-06
484,2.3422e-06
484.03,2.3229e-06
484.05,2.3037e-06
484.07,2.2847e-06
484.1,2.2659e-06
484.12,2.2472e-06
484.14,2.2286e-06
484.17,2.2102e-06
484.19,2.1919e-06
484.21,2.1738e-06
484.24,2.1558e-06
484.26,2.138e-06
484.28,2.1203e-06
484.31,2.1027e-06
484.33,2.0853e-06
484.36,2.0681e-06
484.38,2.0509e-06
484.4,2.0339e-06
484.43,2.0171e-06
484.45,2.0003e-06
484.47,1.9837e-06
484.5,1.9673e-06
484.52,1.9509e-06
484.54,1.9347e-06
484.57,1.9186e-06
484.59,1.9027e-06
484.61,1.8869e-06
484.64,1.8712e-06
484.66,1.8556e-06
484.68,1.8402e-06
484.71,1.8249e-06
484.73,1.8097e-06
484.75,1.7946e-06
484.78,1.7796e-06
484.8,1.7648e-06
484.82,1.7501e-06
484.85,1.7355e-06
484.87,1.721e-06
484.9,1.7066e-06
484.92,1.6924e-06
484.94,1.6783e-06
484.97,1.6642e-06
484.99,1.6503e-06
485.01,1.6365e-06
485.04,1.6228e-06
485.06,1.6093e-06
485.08,1.5958e-06
485.11,1.5824e-06
485.13,1.5692e-06
485.15,1.556e-06
485.18,1.543e-06
485.2,1.5301e-06
485.22,1.5172e-06
485.25,1.5045e-06
485.27,1.4919e-06
485.3,1.4794e-06
485.32,1.4669e-06
485.34,1.4546e-06
485.37,1.4424e-06
485.39,1.4303e-06
485.41,1.4182e-06
485.44,1.4063e-06
485.46,1.3945e-06
485.48,1.3828e-06
485.51,1.3711e-06
485.53,1.3596e-06
485.55,1.3481e-06
485.58,1.3368e-06
485.6,1.3255e-06
485.63,1.3143e-06
485.65,1.3032e-06
485.67,1.2922e-06
485.7,1.2813e-06
485.72,1.2705e-06
485.74,1.2598e-06
485.77,1.2491e-06
485.79,1.2386e-06
485.81,1.2281e-06
485.84,1.2177e-06
485.86,1.2074e-06
485.89,1.1972e-06
485.91,1.1871e-06
485.93,1.177e-06
485.96,1.167e-06
485.98,1.1572e-06
486,1.1473e-06
486.03,1.1376e-06
486.05,1.128e-06
486.07,1.1184e-06
486.1,1.1089e-06
486.12,1.0995e-06
486.14,1.0902e-06
486.17,1.0809e-06
486.19,1.0717e-06
486.22,1.0626e-06
486.24,1.0536e-06
486.26,1.0446e-06
486.29,1.0357e-06
486.31,1.0269e-06
486.33,1.0181e-06
486.36,1.0095e-06
486.38,1.0009e-06
486.4,9.9235e-07
486.43,9.8389e-07
486.45,9.755e-07
486.48,9.6717e-07
486.5,9.5892e-07
486.52,9.5073e-07
486.55,9.4262e-07
486.57,9.3456e-07
486.59,9.2658e-07
486.62,9.1866e-07
486.64,9.108e-07
486.67,9.0301e-07
486.69,8.9529e-07
486.71,8.8762e-07
486.74,8.8003e-07
486.76,8.7249e-07
486.78,8.6501e-07
486.81,8.576e-07
486.83,8.5025e-07
486.85,8.4296e-07
486.88,8.3573e-07
486.9,8.2856e-07
486.93,8.2145e-07
486.95,8.1439e-07
486.97,8.074e-07
487,8.0046e-07
487.02,7.9358e-07
487.04,7.8676e-07
487.07,7.7999e-07
487.09,7.7328e-07
487.12,7.6663e-07
487.14,7.6003e-07
487.16,7.5349e-07
487.19,7.47e-07
487.21,7.4056e-07
487.23,7.3418e-07
487.26,7.2785e-07
487.28,7.2157e-07
487.31,7.1534e-07
487.33,7.0917e-07
487.35,7.0305e-07
487.38,6.9698e-07
487.4,6.9096e-07
487.42,6.8499e-07
487.45,6.7906e-07
487.47,6.7319e-07
487.5,6.6737e-07
487.52,6.616e-07
487.54,6.5587e-07
487.57,6.5019e-07
487.59,6.4456e-07
487.61,6.3898e-07
487.64,6.3344e-07
487.66,6.2795e-07
487.69,6.225e-07
487.71,6.171e-07
487.73,6.1175e-07
487.76,6.0644e-07
487.78,6.0117e-07
487.8,5.9595e-07
487.83,5.9078e-07
487.85,5.8564e-07
487.88,5.8055e-07
487.9,5.755e-07
487.92,5.705e-07
487.95,5.6553e-07
487.97,5.6061e-07
488,5.5573e-07
488.02,5.5089e-07
488.04,5.4609e-07
488.07,5.4133e-07
488.09,5.3661e-07
488.11,5.3193e-07
488.14,5.2729e-07
488.16,5.2269e-07
488.19,5.1812e-07
488.21,5.136e-07
488.23,5.0911e-07
488.26,5.0467e-07
488.28,5.0025e-07
488.31,4.9588e-07
488.33,4.9154e-07
488.35,4.8724e-07
488.38,4.8298e-07
488.4,4.7875e-07
488.42,4.7456e-07
488.45,4.704e-07
488.47,4.6628e-07
488.5,4.6219e-07
488.52,4.5814e-07
488.54,4.5412e-07
488.57,4.5014e-07
488.59,4.4619e-07
488.62,4.4227e-07
488.64,4.3839e-07
488.66,4.3454e-07
488.69,4.3072e-07
488.71,4.2693e-07
488.73,4.2318e-07
488.76,4.1946e-07
488.78,4.1577e-07
488.81,4.1211e-07
488.83,4.0848e-07
488.85,4.0488e-07
488.88,4.0132e-07
488.9,3.9778e-07
488.93,3.9427e-07
488.95,3.908e-07
488.97,3.8735e-07
489,3.8393e-07
489.02,3.8055e-07
489.05,3.7719e-07
489.07,3.7385e-07
489.09,3.7055e-07
489.12,3.6728e-07
489.14,3.6403e-07
489.16,3.6081e-07
489.19,3.5762e-07
489.21,3.5446e-07
489.24,3.5132e-07
489.26,3.4821e-07
489.28,3.4513e-07
489.31,3.4207e-07
489.33,3.3904e-07
489.36,3.3603e-07
489.38,3.3305e-07
489.4,3.301e-07
489.43,3.2717e-07
489.45,3.2427e-07
489.48,3.2139e-07
489.5,3.1853e-07
489.52,3.157e-07
489.55,3.129e-07
489.57,3.1012e-07
489.6,3.0736e-07
489.62,3.0463e-07
489.64,3.0192e-07
489.67,2.9923e-07
489.69,2.9657e-07
489.72,2.9392e-07
489.74,2.9131e-07
489.76,2.8871e-07
489.79,2.8614e-07
489.81,2.8359e-07
489.84,2.8106e-07
489.86,2.7855e-07
489.88,2.7606e-07
489.91,2.736e-07
489.93,2.7115e-07
489.96,2.6873e-07
489.98,2.6633e-07
490,2.6395e-07
490.03,2.6159e-07
490.05,2.5925e-07
490.08,2.5693e-07
490.1,2.5463e-07
490.12,2.5235e-07
490.15,2.5009e-07
490.17,2.4785e-07
490.2,2.4563e-07
490.22,2.4343e-07
490.24,2.4125e-07
490.27,2.3908e-07
490.29,2.3694e-07
490.32,2.3481e-07
490.34,2.327e-07
490.36,2.3062e-07
490.39,2.2854e-07
490.41,2.2649e-07
490.44,2.2445e-07
490.46,2.2244e-07
490.48,2.2044e-07
490.51,2.1845e-07
490.53,2.1649e-07
490.56,2.1454e-07
490.58,2.1261e-07
490.6,2.1069e-07
490.63,2.0879e-07
490.65,2.0691e-07
490.68,2.0505e-07
490.7,2.032e-07
490.73,2.0136e-07
490.75,1.9955e-07
490.77,1.9775e-07
490.8,1.9596e-07
490.82,1.9419e-07
490.85,1.9244e-07
490.87,1.907e-07
490.89,1.8897e-07
490.92,1.8726e-07
490.94,1.8557e-07
490.97,1.8389e-07
490.99,1.8223e-07
491.01,1.8058e-07
491.04,1.7894e-07
491.06,1.7732e-07
491.09,1.7571e-07
491.11,1.7412e-07
491.14,1.7254e-07
491.16,1.7098e-07
491.18,1.6943e-07
491.21,1.6789e-07
491.23,1.6636e-07
491.26,1.6485e-07
491.28,1.6335e-07
491.3,1.6187e-07
491.33,1.604e-07
491.35,1.5894e-07
491.38,1.575e-07
491.4,1.5606e-07
491.42,1.5464e-07
491.45,1.5323e-07
491.47,1.5184e-07
491.5,1.5046e-07
491.52,1.4908e-07
491.55,1.4773e-07
491.57,1.4638e-07
491.59,1.4504e-07
491.62,1.4372e-07
491.64,1.4241e-07
491.67,1.4111e-07
491.69,1.3982e-07
491.71,1.3854e-07
491.74,1.3728e-07
491.76,1.3602e-07
491.79,1.3478e-07
491.81,1.3355e-07
491.84,1.3233e-07
491.86,1.3111e-07
491.88,1.2991e-07
491.91,1.2873e-07
491.93,1.2755e-07
491.96,1.2638e-07
491.98,1.2522e-07
492,1.2407e-07
492.03,1.2293e-07
492.05,1.2181e-07
492.08,1.2069e-07
492.1,1.1958e-07
492.13,1.1848e-07
492.15,1.174e-07
492.17,1.1632e-07
492.2,1.1525e-07
492.22,1.1419e-07
492.25,1.1314e-07
492.27,1.121e-07
492.3,1.1107e-07
492.32,1.1005e-07
492.34,1.0903e-07
492.37,1.0803e-07
492.39,1.0703e-07
492.42,1.0605e-07
492.44,1.0507e-07
492.47,1.041e-07
492.49,1.0314e-07
492.51,1.0219e-07
492.54,1.0125e-07
492.56,1.0031e-07
492.59,9.9386e-08
492.61,9.8468e-08
492.64,9.7558e-08
492.66,9.6657e-08
492.68,9.5763e-08
492.71,9.4878e-08
492.73,9.4e-08
492.76,9.3131e-08
492.78,9.2269e-08
492.81,9.1414e-08
492.83,9.0568e-08
492.85,8.9729e-08
492.88,8.8898e-08
492.9,8.8074e-08
492.93,8.7257e-08
492.95,8.6448e-08
492.98,8.5646e-08
493,8.4851e-08
493.02,8.4063e-08
493.05,8.3283e-08
493.07,8.2509e-08
493.1,8.1743e-08
493.12,8.0983e-08
493.15,8.023e-08
493.17,7.9484e-08
493.19,7.8745e-08
493.22,7.8012e-08
493.24,7.7286e-08
493.27,7.6567e-08
493.29,7.5854e-08
493.32,7.5147e-08
493.34,7.4447e-08
493.36,7.3753e-08
493.39,7.3065e-08
493.41,7.2384e-08
493.44,7.1708e-08
493.46,7.1039e-08
493.49,7.0376e-08
493.51,6.9719e-08
493.53,6.9068e-08
493.56,6.8423e-08
493.58,6.7783e-08
493.61,6.7149e-08
493.63,6.6522e-08
493.66,6.5899e-08
493.68,6.5283e-08
493.71,6.4672e-08
493.73,6.4066e-08
493.75,6.3466e-08
493.78,6.2872e-08
493.8,6.2283e-08
493.83,6.1699e-08
493.85,6.112e-08
493.88,6.0547e-08
493.9,5.9979e-08
493.92,5.9416e-08
493.95,5.8858e-08
493.97,5.8306e-08
494,5.7758e-08
494.02,5.7215e-08
494.05,5.6678e-08
494.07,5.6145e-08
494.1,5.5617e-08
494.12,5.5094e-08
494.14,5.4575e-08
494.17,5.4062e-08
494.19,5.3553e-08
494.22,5.3049e-08
494.24,5.2549e-08
494.27,5.2054e-08
494.29,5.1563e-08
494.32,5.1077e-08
494.34,5.0595e-08
494.36,5.0118e-08
494.39,4.9645e-08
494.41,4.9176e-08
494.44,4.8712e-08
494.46,4.8252e-08
494.49,4.7796e-08
494.51,4.7344e-08
494.54,4.6897e-08
494.56,4.6453e-08
494.58,4.6014e-08
494.61,4.5579e-08
494.63,4.5147e-08
494.66,4.472e-08
494.68,4.4296e-08
494.71,4.3877e-08
494.73,4.3461e-08
494.76,4.3049e-08
494.78,4.2641e-08
494.8,4.2237e-08
494.83,4.1836e-08
494.85,4.1439e-08
494.88,4.1046e-08
494.9,4.0656e-08
494.93,4.027e-08
494.95,3.9887e-08
494.98,3.9508e-08
495,3.9133e-08
495.02,3.8761e-08
495.05,3.8392e-08
495.07,3.8027e-08
495.1,3.7665e-08
495.12,3.7306e-08
495.15,3.6951e-08
495.17,3.6599e-08
495.2,3.6251e-08
495.22,3.5905e-08
495.25,3.5563e-08
495.27,3.5224e-08
495.29,3.4888e-08
495.32,3.4555e-08
495.34,3.4225e-08
495.37,3.3898e-08
495.39,3.3575e-08
495.42,3.3254e-08
495.44,3.2936e-08
495.47,3.2621e-08
495.49,3.231e-08
495.52,3.2001e-08
495.54,3.1694e-08
495.56,3.1391e-08
495.59,3.1091e-08
495.61,3.0793e-08
495.64,3.0498e-08
495.66,3.0206e-08
495.69,2.9917e-08
495.71,2.963e-08
495.74,2.9346e-08
495.76,2.9064e-08
495.79,2.8785e-08
495.81,2.8509e-08
495.83,2.8236e-08
495.86,2.7964e-08
495.88,2.7696e-08
495.91,2.743e-08
495.93,2.7166e-08
495.96,2.6905e-08
495.98,2.6646e-08
496.01,2.639e-08
496.03,2.6136e-08
496.06,2.5885e-08
496.08,2.5636e-08
496.11,2.5389e-08
496.13,2.5144e-08
496.15,2.4902e-08
496.18,2.4662e-08
496.2,2.4424e-08
496.23,2.4189e-08
496.25,2.3955e-08
496.28,2.3724e-08
496.3,2.3495e-08
496.33,2.3268e-08
496.35,2.3044e-08
496.38,2.2821e-08
496.4,2.2601e-08
496.43,2.2382e-08
496.45,2.2166e-08
496.48,2.1951e-08
496.5,2.1739e-08
496.52,2.1529e-08
496.55,2.132e-08
496.57,2.1114e-08
496.6,2.091e-08
496.62,2.0707e-08
496.65,2.0506e-08
496.67,2.0308e-08
496.7,2.0111e-08
496.72,1.9916e-08
496.75,1.9722e-08
496.77,1.9531e-08
496.8,1.9342e-08
496.82,1.9154e-08
496.85,1.8968e-08
496.87,1.8783e-08
496.89,1.8601e-08
496.92,1.842e-08
496.94,1.8241e-08
496.97,1.8064e-08
496.99,1.7888e-08
497.02,1.7714e-08
497.04,1.7541e-08
497.07,1.7371e-08
497.09,1.7201e-08
497.12,1.7034e-08
497.14,1.6868e-08
497.17,1.6703e-08
497.19,1.6541e-08
497.22,1.6379e-08
497.24,1.622e-08
497.27,1.6061e-08
497.29,1.5904e-08
497.31,1.5749e-08
497.34,1.5595e-08
497.36,1.5443e-08
497.39,1.5292e-08
497.41,1.5143e-08
497.44,1.4995e-08
497.46,1.4848e-08
497.49,1.4703e-08
497.51,1.4559e-08
497.54,1.4416e-08
497.56,1.4275e-08
497.59,1.4135e-08
497.61,1.3997e-08
497.64,1.386e-08
497.66,1.3724e-08
497.69,1.3589e-08
497.71,1.3456e-08
497.74,1.3324e-08
497.76,1.3193e-08
497.78,1.3064e-08
497.81,1.2935e-08
497.83,1.2808e-08
497.86,1.2683e-08
497.88,1.2558e-08
497.91,1.2434e-08
497.93,1.2312e-08
497.96,1.2191e-08
497.98,1.2071e-08
498.01,1.1952e-08
498.03,1.1835e-08
498.06,1.1718e-08
498.08,1.1603e-08
498.11,1.1488e-08
498.13,1.1375e-08
498.16,1.1263e-08
498.18,1.1152e-08
498.21,1.1042e-08
498.23,1.0933e-08
498.26,1.0825e-08
498.28,1.0718e-08
498.31,1.0613e-08
498.33,1.0508e-08
498.36,1.0404e-08
498.38,1.0301e-08
498.41,1.0199e-08
498.43,1.0098e-08
498.45,9.9985e-09
498.48,9.8996e-09
498.5,9.8017e-09
498.53,9.7046e-09
498.55,9.6085e-09
498.58,9.5134e-09
498.6,9.4191e-09
498.63,9.3258e-09
498.65,9.2333e-09
498.68,9.1418e-09
498.7,9.0511e-09
498.73,8.9613e-09
498.75,8.8724e-09
498.78,8.7843e-09
498.8,8.6971e-09
498.83,8.6107e-09
498.85,8.5252e-09
498.88,8.4405e-09
498.9,8.3566e-09
498.93,8.2735e-09
498.95,8.1912e-09
498.98,8.1097e-09
499,8.029e-09
499.03,7.9491e-09
499.05,7.87e-09
499.08,7.7916e-09
499.1,7.714e-09
499.13,7.6371e-09
499.15,7.561e-09
499.18,7.4856e-09
499.2,7.4109e-09
499.23,7.337e-09
499.25,7.2638e-09
499.28,7.1913e-09
499.3,7.1195e-09
499.33,7.0484e-09
499.35,6.978e-09
499.38,6.9083e-09
499.4,6.8392e-09
499.43,6.7708e-09
499.45,6.7031e-09
499.48,6.6361e-09
499.5,6.5697e-09
499.53,6.5039e-09
499.55,6.4388e-09
499.58,6.3743e-09
499.6,6.3105e-09
499.63,6.2473e-09
499.65,6.1846e-09
499.68,6.1226e-09
499.7,6.0612e-09
499.73,6.0004e-09
499.75,5.9402e-09
499.78,5.8806e-09
499.8,5.8216e-09
499.83,5.7631e-09
499.85,5.7052e-09
499.88,5.6479e-09
499.9,5.5912e-09
499.93,5.5349e-09
499.95,5.4793e-09
499.98,5.4242e-09
500,5.3696e-09
