XEAS1	EAS1	XEAS2	EAS2	XEAS3	EAS3	XEAS4	EAS4
399.337	0.00235275	399.337	0.00216576	399.337	0.000862982	399.337	-0.000412825
400.318	0.00216218	400.318	0.00205180	400.318	0.000448617	400.318	-0.000738486
401.298	0.00124141	401.298	0.00207699	401.298	-0.000239845	401.298	-0.00105000
402.278	0.000344611	402.278	0.00196958	402.278	-0.000734313	402.278	-0.00121535
403.259	-0.000302747	403.259	0.00175828	403.259	-0.000945889	403.259	-0.00121880
404.239	-0.000968567	404.239	0.00159995	404.239	-0.00103846	404.239	-0.00113145
405.219	-0.00162399	405.219	0.00139065	405.219	-0.000898885	405.219	-0.00110691
406.200	-0.00224527	406.200	0.00117687	406.200	-0.000758226	406.200	-0.00108400
407.180	-0.00325954	407.180	0.00101221	407.180	-0.000642130	407.180	-0.00111109
408.160	-0.00451474	408.160	0.000624020	408.160	-0.000707029	408.160	-0.00112642
409.141	-0.00648672	409.141	0.000138765	409.141	-0.00122559	409.141	-0.00116508
410.121	-0.00906705	410.121	-0.000498794	410.121	-0.00189587	410.121	-0.00122941
411.101	-0.0124214	411.101	-0.00122806	411.101	-0.00286634	411.101	-0.00123585
412.082	-0.0162896	412.082	-0.00240986	412.082	-0.00427419	412.082	-0.00131325
413.062	-0.0202539	413.062	-0.00394961	413.062	-0.00585299	413.062	-0.00139391
414.042	-0.0244128	414.042	-0.00602197	414.042	-0.00771467	414.042	-0.00149288
415.023	-0.0290562	415.023	-0.00854703	415.023	-0.00993500	415.023	-0.00162959
416.003	-0.0342936	416.003	-0.0114558	416.003	-0.0124866	416.003	-0.00174730
416.983	-0.0399803	416.983	-0.0148375	416.983	-0.0154745	416.983	-0.00187014
417.964	-0.0460253	417.964	-0.0187596	417.964	-0.0185723	417.964	-0.00200225
418.944	-0.0520836	418.944	-0.0231204	418.944	-0.0220076	418.944	-0.00214212
419.924	-0.0581923	419.924	-0.0276872	419.924	-0.0252618	419.924	-0.00224996
420.905	-0.0643400	420.905	-0.0323808	420.905	-0.0286071	420.905	-0.00239919
421.885	-0.0705345	421.885	-0.0368656	421.885	-0.0315292	421.885	-0.00253578
422.865	-0.0762080	422.865	-0.0407875	422.865	-0.0337570	422.865	-0.00259539
423.846	-0.0809347	423.846	-0.0439531	423.846	-0.0351076	423.846	-0.00266270
424.826	-0.0845476	424.826	-0.0458916	424.826	-0.0350932	424.826	-0.00269622
425.806	-0.0864363	425.806	-0.0464212	425.806	-0.0334720	425.806	-0.00258493
426.787	-0.0858829	426.787	-0.0448808	426.787	-0.0298641	426.787	-0.00239883
427.767	-0.0835097	427.767	-0.0415705	427.767	-0.0248136	427.767	-0.00211341
428.747	-0.0793923	428.747	-0.0365482	428.747	-0.0183373	428.747	-0.00184843
429.728	-0.0737944	429.728	-0.0298626	429.728	-0.0109014	429.728	-0.00150304
430.708	-0.0673914	430.708	-0.0221542	430.708	-0.00291028	430.708	-0.00114436
431.688	-0.0604056	431.688	-0.0138378	431.688	0.00504687	431.688	-0.000763134
432.669	-0.0534803	432.669	-0.00543285	432.669	0.0122064	432.669	-0.000376702
433.649	-0.0470428	433.649	0.00233534	433.649	0.0183067	433.649	-6.35688e-05
434.629	-0.0413434	434.629	0.00924928	434.629	0.0229749	434.629	0.000265239
435.610	-0.0361702	435.610	0.0149783	435.610	0.0262810	435.610	0.000595417
436.590	-0.0317219	436.590	0.0194970	436.590	0.0281807	436.590	0.000902973
437.571	-0.0278266	437.571	0.0227473	437.571	0.0290085	437.571	0.00120527
438.551	-0.0244149	438.551	0.0249309	438.551	0.0288923	438.551	0.00149163
439.531	-0.0213696	439.531	0.0261759	439.531	0.0280747	439.531	0.00174164
440.512	-0.0185722	440.512	0.0266353	440.512	0.0266567	440.512	0.00199370
441.492	-0.0160806	441.492	0.0265313	441.492	0.0249891	441.492	0.00223186
442.472	-0.0135386	442.472	0.0260081	442.472	0.0232289	442.472	0.00240468
443.453	-0.0109642	443.453	0.0253189	443.453	0.0214998	443.453	0.00257276
444.433	-0.00825338	444.433	0.0245626	444.433	0.0200231	444.433	0.00265937
445.413	-0.00538911	445.413	0.0239321	445.413	0.0187502	445.413	0.00270264
446.394	-0.00251361	446.394	0.0234702	446.394	0.0176981	446.394	0.00265077
447.374	0.000411012	447.374	0.0231111	447.374	0.0167078	447.374	0.00252918
448.354	0.00314818	448.354	0.0227270	448.354	0.0156594	448.354	0.00231750
449.335	0.00556347	449.335	0.0222524	449.335	0.0145281	449.335	0.00206057
450.315	0.00764040	450.315	0.0215691	450.315	0.0133130	450.315	0.00175069
451.295	0.00918831	451.295	0.0207571	451.295	0.0119546	451.295	0.00141800
452.276	0.0105012	452.276	0.0197562	452.276	0.0105934	452.276	0.00110566
453.256	0.0115961	453.256	0.0185811	453.256	0.00924387	453.256	0.000814746
454.236	0.0126667	454.236	0.0172670	454.236	0.00801764	454.236	0.000529211
455.217	0.0138148	455.217	0.0158283	455.217	0.00694967	455.217	0.000270444
456.197	0.0150463	456.197	0.0143701	456.197	0.00601223	456.197	4.64697e-05
457.177	0.0161914	457.177	0.0129121	457.177	0.00518993	457.177	-0.000127668
458.158	0.0172491	458.158	0.0115139	458.158	0.00451256	458.158	-0.000291999
459.138	0.0179942	459.138	0.0102246	459.138	0.00389544	459.138	-0.000436943
460.118	0.0183584	460.118	0.00910615	460.118	0.00332793	460.118	-0.000538494
461.099	0.0184700	461.099	0.00814341	461.099	0.00278758	461.099	-0.000617953
462.079	0.0183181	462.079	0.00732093	462.079	0.00230584	462.079	-0.000666862
463.059	0.0182187	463.059	0.00654053	463.059	0.00193169	463.059	-0.000724502
464.040	0.0180454	464.040	0.00587546	464.040	0.00155659	464.040	-0.000763111
465.020	0.0178200	465.020	0.00530236	465.020	0.00121842	465.020	-0.000796583
466.000	0.0175839	466.000	0.00476594	466.000	0.000959716	466.000	-0.000834097
466.981	0.0171783	466.981	0.00435561	466.981	0.000707699	466.981	-0.000851156
467.961	0.0166931	467.961	0.00404133	467.961	0.000431653	467.961	-0.000844688
468.941	0.0159639	468.941	0.00378251	468.941	0.000164673	468.941	-0.000851665
469.922	0.0152123	469.922	0.00359795	469.922	-9.32538e-05	469.922	-0.000852538
470.902	0.0144859	470.902	0.00342056	470.902	-0.000334699	470.902	-0.000862892
471.882	0.0140459	471.882	0.00325952	471.882	-0.000531006	471.882	-0.000860649
472.863	0.0140327	472.863	0.00303035	472.863	-0.000655571	472.863	-0.000864185
473.843	0.0144181	473.843	0.00272560	473.843	-0.000739056	473.843	-0.000880505
474.823	0.0149593	474.823	0.00243581	474.823	-0.000752345	474.823	-0.000887993
475.804	0.0150117	475.804	0.00225048	475.804	-0.000826501	475.804	-0.000891521
476.784	0.0145616	476.784	0.00213159	476.784	-0.000913659	476.784	-0.000900559
477.764	0.0139343	477.764	0.00209754	477.764	-0.00103412	477.764	-0.000882607
478.745	0.0138469	478.745	0.00201048	478.745	-0.00110371	478.745	-0.000894816
479.725	0.0145223	479.725	0.00189225	479.725	-0.00111303	479.725	-0.000893368
480.705	0.0152888	480.705	0.00181127	480.705	-0.00114707	480.705	-0.000901129
481.686	0.0153433	481.686	0.00185689	481.686	-0.00122542	481.686	-0.000881494
