XEAS1	EAS1	XEAS2	EAS2	XEAS3	EAS3
399.234	0.00129063	399.234	0.000269260	399.234	8.25139e-05
400.217	0.00132182	400.217	0.000196526	400.217	8.71140e-05
401.200	0.00133147	401.200	0.000158988	401.200	9.47343e-05
402.183	0.00132980	402.183	0.000140332	402.183	0.000117158
403.166	0.00127997	403.166	7.79712e-05	403.166	0.000136805
404.149	0.00131578	404.149	-1.59755e-05	404.149	0.000140582
405.132	0.00128998	405.132	-7.23668e-05	405.132	0.000145129
406.115	0.00120490	406.115	-0.000105148	406.115	0.000126400
407.099	0.00105038	407.099	-0.000130396	407.099	0.000137004
408.082	0.000958351	408.082	-0.000158336	408.082	0.000138967
409.065	0.000825522	409.065	-0.000202471	409.065	0.000121091
410.048	0.000730308	410.048	-0.000246286	410.048	0.000135758
411.031	0.000624995	411.031	-0.000326268	411.031	0.000105286
412.014	0.000440254	412.014	-0.000388278	412.014	9.80207e-05
412.997	0.000216430	412.997	-0.000474481	412.997	7.52622e-05
413.980	-3.56272e-05	413.980	-0.000558331	413.980	4.90877e-05
414.963	-0.000293687	414.963	-0.000679189	414.963	7.43012e-06
415.946	-0.000550400	415.946	-0.000785999	415.946	-1.93742e-05
416.930	-0.000807469	416.930	-0.000965647	416.930	-5.04765e-05
417.913	-0.00110974	417.913	-0.00109974	417.913	-9.98694e-05
418.896	-0.00139053	418.896	-0.00132356	418.896	-0.000169139
419.879	-0.00176375	419.879	-0.00147954	419.879	-0.000216444
420.862	-0.00209489	420.862	-0.00165444	420.862	-0.000228727
421.845	-0.00250706	421.845	-0.00184614	421.845	-0.000301876
422.828	-0.00289098	422.828	-0.00204839	422.828	-0.000288658
423.811	-0.00335586	423.811	-0.00224244	423.811	-0.000316250
424.794	-0.00371973	424.794	-0.00250352	424.794	-0.000325475
425.777	-0.00417571	425.777	-0.00266356	425.777	-0.000283792
426.761	-0.00469954	426.761	-0.00289823	426.761	-0.000248724
427.744	-0.00515557	427.744	-0.00302062	427.744	-0.000165485
428.727	-0.00558502	428.727	-0.00317132	428.727	-9.21332e-05
429.710	-0.00612744	429.710	-0.00320478	429.710	-1.18047e-05
430.693	-0.00663747	430.693	-0.00323050	430.693	6.24350e-05
431.676	-0.00713456	431.676	-0.00324597	431.676	0.000165543
432.659	-0.00770448	432.659	-0.00318256	432.659	0.000248387
433.642	-0.00824359	433.642	-0.00313198	433.642	0.000348906
434.625	-0.00877734	434.625	-0.00314251	434.625	0.000420090
435.608	-0.00930753	435.608	-0.00314026	435.608	0.000516020
436.592	-0.00985842	436.592	-0.00316836	436.592	0.000596345
437.575	-0.0104780	437.575	-0.00320104	437.575	0.000676160
438.558	-0.0110734	438.558	-0.00324632	438.558	0.000759107
439.541	-0.0117125	439.541	-0.00325994	439.541	0.000809231
440.524	-0.0122488	440.524	-0.00324338	440.524	0.000886215
441.507	-0.0127554	441.507	-0.00302934	441.507	0.000943291
442.490	-0.0130567	442.490	-0.00258505	442.490	0.000987239
443.473	-0.0131017	443.473	-0.00177861	443.473	0.00103370
444.456	-0.0127517	444.456	-0.000613090	444.456	0.00107891
445.439	-0.0120074	445.439	0.000845481	445.439	0.00109573
446.423	-0.0108419	446.423	0.00241170	446.423	0.00108058
447.406	-0.00936557	447.406	0.00390874	447.406	0.00104219
448.389	-0.00771398	448.389	0.00516206	448.389	0.000976243
449.372	-0.00603018	449.372	0.00604229	449.372	0.000913157
450.355	-0.00443231	450.355	0.00656398	450.355	0.000833008
451.338	-0.00295041	451.338	0.00673996	451.338	0.000747399
452.321	-0.00174364	452.321	0.00662085	452.321	0.000639939
453.304	-0.000688807	453.304	0.00629552	453.304	0.000558663
454.287	0.000203475	454.287	0.00585891	454.287	0.000495596
455.270	0.000966855	455.270	0.00530552	455.270	0.000436151
456.254	0.00163778	456.254	0.00471460	456.254	0.000386695
457.237	0.00216887	457.237	0.00410629	457.237	0.000327893
458.220	0.00257489	458.220	0.00355317	458.220	0.000287519
459.203	0.00280301	459.203	0.00308227	459.203	0.000253201
460.186	0.00287998	460.186	0.00270157	460.186	0.000220741
461.169	0.00287865	461.169	0.00238823	461.169	0.000190657
462.152	0.00287942	462.152	0.00209127	462.152	0.000163782
463.135	0.00287360	463.135	0.00182416	463.135	0.000136260
464.118	0.00290536	464.118	0.00159349	464.118	0.000127485
465.101	0.00296133	465.101	0.00137414	465.101	0.000118058
466.085	0.00299608	466.085	0.00118071	466.085	0.000105341
467.068	0.00295859	467.068	0.00103507	467.068	0.000101087
468.051	0.00282653	468.051	0.000950153	468.051	8.61777e-05
469.034	0.00267291	469.034	0.000892974	469.034	8.59227e-05
470.017	0.00252372	470.017	0.000840444	470.017	8.08511e-05
471.000	0.00239018	471.000	0.000792076	471.000	7.38279e-05
471.983	0.00234756	471.983	0.000708545	471.983	7.31737e-05
472.966	0.00235065	472.966	0.000623830	472.966	8.70168e-05
473.949	0.00238116	473.949	0.000499033	473.949	7.47576e-05
474.932	0.00234963	474.932	0.000430118	474.932	7.83880e-05
475.915	0.00216236	475.915	0.000425851	475.915	8.24805e-05
476.899	0.00193373	476.899	0.000465810	476.899	9.01226e-05
477.882	0.00172723	477.882	0.000507816	477.882	9.30443e-05
478.865	0.00162721	478.865	0.000494670	478.865	8.80381e-05
479.848	0.00165268	479.848	0.000427108	479.848	9.14247e-05
480.831	0.00172056	480.831	0.000341966	480.831	0.000102298
481.814	0.00175424	481.814	0.000303398	481.814	0.000122312
482.797	0.00169686	482.797	0.000288765	482.797	0.000126395
