ba3 red 560ex ma 420 pr 2+50ps
Measured: 2015 03 10, scan  average, of 20 scans
Wavelength explicit
Intervalnr 102
399.337 400.318 401.298 402.278 403.259 404.239 405.219 406.2 407.18 408.16 409.141 410.121 411.101 412.082 413.062 414.042 415.023 416.003 416.983 417.964 418.944 419.924 420.905 421.885 422.865 423.846 424.826 425.806 426.787 427.767 428.747 429.728 430.708 431.688 432.669 433.649 434.629 435.61 436.59 437.571 438.551 439.531 440.512 441.492 442.472 443.453 444.433 445.413 446.394 447.374 448.354 449.335 450.315 451.295 452.276 453.256 454.236 455.217 456.197 457.177 458.158 459.138 460.118 461.099 462.079 463.059 464.04 465.02 466 466.981 467.961 468.941 469.922 470.902 471.882 472.863 473.843 474.823 475.804 476.784 477.764 478.745 479.725 480.705 481.686 482.666 483.646 484.627 485.607 486.587 487.568 488.548 489.528 490.509 491.489 492.469 493.45 494.43 495.41 496.391 497.371 498.351
-1 0 0 0 0 0 0 0 0 0 0 0 0 0 0 0 0 0 0 0 0 0 0 0 0 0 0 0 0 0 0 0 0 0 0 0 0 0 0 0 0 0 0 0 0 0 0 0 0 0 0 0 0 0 0 0 0 0 0 0 0 0 0 0 0 0 0 0 0 0 0 0 0 0 0 0 0 0 0 0 0 0 0 0 0 0 0 0 0 0 0 0 0 0 0 0 0 0 0 0 0 0 0
-0.931818 0.000979955 0.000755679 0.000725026 0.00063975 0.000688544 0.000832533 0.00110896 0.00132806 0.00154177 0.00153251 0.00137915 0.00128043 0.00109902 0.000783708 0.00071137 0.000588069 0.000578332 0.000546618 0.000596228 0.0006414 0.000765726 0.000854435 0.00108008 0.00119213 0.00130369 0.00134943 0.0012476 0.00135099 0.00143398 0.00152082 0.00144982 0.00136276 0.00118379 0.00116629 0.000982096 0.00082745 0.000755315 0.000685259 0.000616739 0.000582878 0.000522767 0.000560415 0.000580203 0.000595573 0.000614539 0.000688929 0.000655633 0.000763213 0.000821603 0.000867965 0.000927928 0.00106541 0.00108242 0.00116191 0.00121405 0.00130904 0.00134951 0.00138856 0.00145997 0.00145596 0.00147812 0.00145621 0.00147907 0.00149455 0.00147395 0.00148294 0.00142556 0.0014245 0.00140867 0.00134521 0.00137937 0.00135874 0.00131662 0.00131794 0.00132151 0.00127966 0.00121512 0.00121785 0.00118013 0.00118963 0.00120026 0.00117591 0.00112491 0.00113134 0.00115425 0.00111922 0.00110326 0.00112626 0.00111285 0.00107588 0.00106438 0.00103017 0.00102094 0.00105614 0.00103496 0.000983605 0.00104096 0.000975265 0.00096508 0.000917929 0.000990662 0.000951738
-0.863636 0.000653265 0.000683782 0.000695108 0.000967678 0.000907552 0.000950891 0.00104464 0.00116041 0.00122042 0.00117606 0.000860975 0.000707765 0.000623255 0.000364143 0.000280317 0.000218636 0.000318984 0.000313971 0.000456443 0.00061956 0.000555087 0.000880573 0.000949347 0.00122386 0.00113178 0.00125388 0.00127566 0.00126081 0.00124192 0.00132284 0.00108621 0.00103935 0.00102582 0.00091436 0.000768934 0.000768803 0.0006689 0.000605893 0.000718819 0.000686235 0.000625832 0.000697674 0.000697631 0.000760417 0.000802123 0.000789326 0.000813197 0.000836656 0.000845061 0.000815914 0.000850097 0.00089942 0.00087675 0.000856792 0.000885792 0.000870872 0.000930426 0.000900522 0.000889504 0.000903089 0.000821894 0.00083665 0.00081196 0.000805522 0.000784033 0.000809798 0.000713124 0.000677985 0.000681067 0.000632056 0.000640737 0.000651309 0.000588094 0.000582144 0.000594115 0.000551072 0.000535563 0.00050905 0.000500947 0.000486528 0.000468511 0.000429397 0.000441198 0.000411058 0.000464865 0.000397038 0.000438521 0.000390392 0.000389044 0.000358934 0.000349 0.000317621 0.000318045 0.000323135 0.000305549 0.000290807 0.000308226 0.000296926 0.0003105 0.000296303 0.000341006 0.000289433
-0.795455 -0.000243597 -0.00018445 2.53327e-05 0.000139376 0.000155501 0.000250651 0.000308424 0.000404968 0.000364754 0.000397756 0.000382003 0.000271542 0.000190735 9.89357e-05 1.51918e-05 4.66541e-07 9.589e-05 7.26852e-05 0.000121815 0.000161516 0.000211304 0.000350041 0.000388145 0.000536358 0.00066873 0.000672808 0.000668763 0.000687284 0.000561363 0.000683699 0.000542309 0.000454227 0.000349056 0.000355452 0.000284021 0.000232673 0.000159524 0.00014986 0.000142218 0.0001244 9.88163e-05 8.12516e-05 0.000111129 0.000110027 9.29882e-05 0.000111623 8.03208e-05 6.17403e-05 2.64613e-05 4.64777e-05 2.19747e-05 4.34253e-05 1.19719e-05 2.83635e-05 2.68637e-05 1.70972e-05 3.22148e-05 6.2387e-05 -5.26778e-06 4.13594e-06 -2.44748e-05 -4.76282e-06 -8.35809e-05 -2.13161e-05 -0.000108301 -7.66219e-05 -9.31214e-05 -8.81875e-05 -0.000138034 -0.000161142 -0.000115867 -0.000141466 -0.000173663 -0.000176281 -0.00019304 -0.000180529 -0.00017938 -0.000228225 -0.000203667 -0.000210521 -0.000187021 -0.000194448 -0.000252623 -0.000252256 -0.000209461 -0.000195175 -0.00021359 -0.000177384 -0.000159929 -0.000183301 -0.000203051 -0.000194246 -0.000160775 -0.000127256 -0.000141172 -0.000106921 -0.000106107 -0.000118053 -0.000110077 -0.000137831 -4.83378e-05 -9.7354e-05
-0.727273 -0.000408307 -0.000492692 -0.000377954 -0.000381237 -0.000408607 -0.000385953 -0.000253982 -1.18083e-05 0.000211333 0.00033545 0.000443332 0.000321146 0.000253486 0.000130438 -2.0158e-05 -6.91157e-05 -0.000143897 -0.000171828 -0.000115706 -0.00011668 0.000112024 0.000222099 0.000471464 0.000745647 0.000932234 0.00109241 0.00127943 0.00136611 0.00147984 0.0015961 0.00156446 0.00157278 0.00159149 0.00147056 0.00132272 0.0012117 0.00114651 0.00104113 0.00103524 0.000946001 0.000862368 0.000906637 0.000803833 0.000763507 0.000779352 0.000826682 0.00077382 0.000882368 0.000840128 0.000864304 0.000858811 0.000971742 0.0010073 0.00106909 0.00108463 0.00114104 0.00120587 0.00124558 0.00130283 0.00131714 0.00130841 0.00131469 0.00133294 0.00134806 0.00132836 0.00130321 0.00129225 0.00126763 0.00126881 0.00121102 0.00120878 0.0011901 0.00114045 0.0011425 0.00109432 0.00108896 0.00106146 0.00102014 0.00101472 0.00102998 0.000967915 0.000995557 0.000952081 0.000991613 0.000985217 0.00100147 0.000980075 0.0009908 0.00101705 0.000984609 0.000971321 0.00101768 0.00099859 0.00102829 0.00101036 0.00100027 0.000988173 0.00105427 0.00103032 0.00104061 0.00106451 0.00105677
-0.659091 -0.00143125 -0.00189028 -0.00222959 -0.00255222 -0.00277745 -0.00284867 -0.00285766 -0.00281676 -0.00280743 -0.00279962 -0.00275505 -0.00271923 -0.00261071 -0.00258382 -0.00257519 -0.00266015 -0.00255014 -0.00248922 -0.00247928 -0.00252782 -0.00247326 -0.00244338 -0.0024072 -0.00224599 -0.00228499 -0.00222126 -0.00216969 -0.00220769 -0.00217069 -0.00196678 -0.00204921 -0.00202077 -0.00193623 -0.00183629 -0.00175176 -0.00183624 -0.00186555 -0.00183362 -0.00178214 -0.00171139 -0.00169936 -0.00163298 -0.00162797 -0.00162266 -0.00163741 -0.00158874 -0.00160085 -0.00151639 -0.00156271 -0.00156875 -0.00154542 -0.0015181 -0.00157738 -0.00157821 -0.0015617 -0.00156211 -0.00149521 -0.00154009 -0.00156208 -0.0015247 -0.00156644 -0.00158429 -0.00159766 -0.0015631 -0.00155533 -0.00155179 -0.00156548 -0.00158508 -0.00154406 -0.00160731 -0.00155027 -0.00154107 -0.00155259 -0.00157089 -0.00156452 -0.00153555 -0.00157245 -0.00160591 -0.00156509 -0.00158896 -0.00156475 -0.00162796 -0.00162006 -0.00162189 -0.00159087 -0.00157213 -0.00157856 -0.00155584 -0.00156917 -0.00159073 -0.00159793 -0.00157822 -0.00157774 -0.0015486 -0.00158157 -0.00157679 -0.00152936 -0.00155303 -0.0015378 -0.00158748 -0.00152098 -0.0015525
-0.590909 -0.000637844 -0.000959699 -0.00138216 -0.00180901 -0.0023542 -0.00271274 -0.00291003 -0.00293998 -0.00274587 -0.00283168 -0.00312936 -0.00310936 -0.00298188 -0.00306445 -0.00299574 -0.00298984 -0.00289046 -0.00288403 -0.00277903 -0.00281692 -0.00271055 -0.00266195 -0.00263731 -0.00244736 -0.00255435 -0.00241666 -0.00252887 -0.00251212 -0.00249052 -0.00228885 -0.00235844 -0.00242141 -0.00236545 -0.00226955 -0.00219791 -0.00225477 -0.00221393 -0.00219275 -0.0020807 -0.00200718 -0.0020129 -0.00193727 -0.00192236 -0.00182059 -0.00182885 -0.00174769 -0.00178802 -0.0017299 -0.00171039 -0.00168529 -0.0016852 -0.00158925 -0.00163352 -0.00162716 -0.00162362 -0.00163792 -0.00162183 -0.00165322 -0.00163536 -0.00160982 -0.00166404 -0.00163983 -0.00165981 -0.00163846 -0.00165212 -0.00159709 -0.0016476 -0.00162787 -0.00157792 -0.00157392 -0.00155078 -0.00154986 -0.00154131 -0.00152673 -0.00152785 -0.00151147 -0.00156733 -0.0015513 -0.00153094 -0.00150898 -0.00153306 -0.00153189 -0.00155142 -0.00157564 -0.00152466 -0.00153931 -0.00152556 -0.00153276 -0.00154846 -0.00155001 -0.00162688 -0.00160358 -0.00159505 -0.00155205 -0.00162483 -0.00165387 -0.00158452 -0.00161071 -0.00163467 -0.00166478 -0.00158895 -0.00163634
-0.522727 -0.000938687 -0.00103467 -0.00112857 -0.00124454 -0.00139432 -0.00142411 -0.00123026 -0.00104218 -0.000767384 -0.000665103 -0.000591659 -0.000549403 -0.000614612 -0.000696705 -0.000778194 -0.000945793 -0.000990508 -0.00117745 -0.00112005 -0.00123392 -0.00112847 -0.0011869 -0.00106426 -0.00112392 -0.000951543 -0.000904632 -0.000776181 -0.000719876 -0.000563387 -0.00042826 -0.000365814 -0.000415606 -0.000388451 -0.000378611 -0.000446045 -0.000509998 -0.000556946 -0.000570163 -0.000579038 -0.000629616 -0.000689668 -0.00067445 -0.000704887 -0.000718057 -0.000740685 -0.00070776 -0.000722277 -0.000626361 -0.000620602 -0.000567356 -0.00050391 -0.000396768 -0.000412588 -0.000364623 -0.000328268 -0.000197326 -0.000166561 -8.54583e-05 -6.32069e-05 -1.75197e-05 -1.81877e-06 3.10811e-05 5.43716e-05 4.73017e-05 1.56274e-05 1.35377e-05 -8.86613e-06 1.63532e-05 1.07745e-05 -2.47542e-05 -3.25609e-05 -2.64858e-05 -0.000112396 -0.000120756 -0.000140428 -0.000145232 -0.000189865 -0.000221251 -0.000227813 -0.000250047 -0.000261577 -0.000299867 -0.000288563 -0.000337882 -0.000328433 -0.000333629 -0.000319537 -0.000330715 -0.000368716 -0.000360031 -0.000364981 -0.000349675 -0.000334054 -0.00034889 -0.000350399 -0.000339432 -0.000323981 -0.00033693 -0.000336145 -0.000389039 -0.000324162 -0.000362757
-0.454545 0.000563733 0.000510784 0.000420265 0.000346618 0.000218361 0.000136097 0.00021386 0.000345013 0.000567767 0.000596576 0.000417966 0.000462391 0.000377286 0.000266945 0.000244904 0.000220426 0.000272337 0.000257762 0.000237414 0.000296019 0.000276 0.000275817 0.000263761 0.000441247 0.000162796 0.000284133 0.000122231 0.000142705 0.000300535 0.000458649 0.000530655 0.000492782 0.000427029 0.000492384 0.000440405 0.000309025 0.000284481 0.000178438 0.00021581 0.000200017 9.982e-05 8.06658e-05 0.000100369 8.78784e-05 2.93942e-05 7.08235e-05 5.97049e-05 0.000132792 9.29323e-05 0.000113875 0.000160442 0.000287358 0.000288107 0.000319377 0.000353649 0.000362539 0.000440558 0.000457349 0.000495497 0.000540129 0.000489564 0.000520906 0.000527082 0.000547678 0.000524978 0.00052958 0.000501706 0.000538037 0.000529036 0.000530386 0.000571377 0.000540715 0.000516736 0.000534442 0.000509435 0.000517399 0.000460466 0.000455974 0.00047751 0.000460507 0.000477526 0.000468544 0.000440895 0.000437963 0.000452221 0.000452504 0.000465643 0.000442288 0.000479428 0.000444263 0.00043126 0.000414413 0.000425174 0.000471838 0.000414909 0.000429544 0.000452244 0.000434037 0.000437439 0.00039451 0.000458358 0.000432865
-0.386364 -0.00147528 -0.00154632 -0.00161409 -0.00173325 -0.00179314 -0.00200132 -0.00199925 -0.001915 -0.00183725 -0.00183333 -0.00170802 -0.00173995 -0.00168521 -0.00164626 -0.0016165 -0.00167747 -0.00165531 -0.00166531 -0.00165152 -0.00164217 -0.0016642 -0.00165953 -0.00159697 -0.00150824 -0.00155738 -0.00145937 -0.00153191 -0.00141211 -0.00137014 -0.00133084 -0.00127984 -0.0012393 -0.00121392 -0.00114352 -0.0012995 -0.00114261 -0.00120926 -0.00117789 -0.00118102 -0.00117934 -0.00115383 -0.00110531 -0.00113491 -0.00110201 -0.00113662 -0.00108867 -0.00112701 -0.00108728 -0.00111146 -0.00113443 -0.001033 -0.00101284 -0.00103992 -0.00103772 -0.00101221 -0.000976274 -0.000948428 -0.000942428 -0.000932655 -0.000937698 -0.000999248 -0.000959585 -0.000985161 -0.000958078 -0.00097502 -0.000949662 -0.000985813 -0.000957791 -0.000974517 -0.00100492 -0.000982734 -0.000988248 -0.0010002 -0.00101417 -0.00102608 -0.00103626 -0.00105116 -0.00106442 -0.00106881 -0.00105657 -0.00104934 -0.00107914 -0.00111135 -0.00109676 -0.0010746 -0.0010494 -0.00104993 -0.00103202 -0.00102856 -0.00103195 -0.00103487 -0.00102938 -0.0010163 -0.00100226 -0.00100798 -0.000985208 -0.000970226 -0.00098606 -0.000981634 -0.0010117 -0.000938696 -0.000971741
-0.318182 -0.0021537 -0.00222482 -0.00226779 -0.0023213 -0.00258223 -0.00277628 -0.00276807 -0.00259426 -0.00245371 -0.00240915 -0.00231425 -0.00227237 -0.00228885 -0.00224489 -0.00229387 -0.00234007 -0.00235032 -0.00234781 -0.00232007 -0.00226753 -0.00227949 -0.00220102 -0.00207129 -0.0018991 -0.00184479 -0.00178547 -0.00181213 -0.00170477 -0.00163196 -0.00149996 -0.00145004 -0.00147369 -0.00140165 -0.00134212 -0.00135685 -0.00139365 -0.00141232 -0.0014193 -0.00145839 -0.00136861 -0.00145395 -0.001362 -0.00134653 -0.00129962 -0.00133797 -0.00125486 -0.00125812 -0.00121631 -0.00117257 -0.00115223 -0.0011006 -0.00104768 -0.00103907 -0.00102818 -0.000983504 -0.000935685 -0.000911745 -0.000889491 -0.000857153 -0.000833562 -0.00085997 -0.000860402 -0.000861514 -0.000788513 -0.000782549 -0.000777251 -0.000831255 -0.000788459 -0.000823771 -0.000879307 -0.000857151 -0.000824801 -0.000893913 -0.000891366 -0.000909247 -0.000901169 -0.000900326 -0.000946045 -0.000954041 -0.000971645 -0.00100334 -0.00100027 -0.00107276 -0.00102501 -0.00102847 -0.00101519 -0.001019 -0.00100947 -0.00104033 -0.00104363 -0.00104679 -0.0010437 -0.00102308 -0.00104053 -0.00106639 -0.00103859 -0.00101703 -0.0010032 -0.00104376 -0.00103763 -0.000991771 -0.00103648
-0.25 -0.000327924 -0.000815335 -0.0013419 -0.00184525 -0.00216836 -0.00231512 -0.00234841 -0.00230854 -0.00216172 -0.00216438 -0.00238882 -0.00244921 -0.00239908 -0.00246982 -0.0024306 -0.00239583 -0.00232766 -0.00221019 -0.00218153 -0.00223993 -0.00210249 -0.00205899 -0.00199918 -0.00179526 -0.00176851 -0.00174821 -0.001837 -0.00164851 -0.00163957 -0.00170803 -0.00160662 -0.00163429 -0.00152528 -0.00149241 -0.00150741 -0.00154129 -0.00162916 -0.00165096 -0.00167691 -0.00164104 -0.00165306 -0.00164076 -0.00163249 -0.00163289 -0.00156234 -0.00150645 -0.00148044 -0.00134506 -0.00134619 -0.00132196 -0.00124386 -0.00112131 -0.00117703 -0.00113536 -0.00110083 -0.00109841 -0.000987132 -0.000992041 -0.000984486 -0.000934097 -0.000917384 -0.000922282 -0.000953088 -0.000853756 -0.000913626 -0.000828546 -0.000864259 -0.000848125 -0.000837938 -0.000822534 -0.000778633 -0.000771688 -0.00079732 -0.00078952 -0.000787448 -0.000797275 -0.000785961 -0.000828856 -0.000790346 -0.000740851 -0.000758992 -0.000778316 -0.000783398 -0.000799741 -0.000746197 -0.000754359 -0.000761274 -0.000741881 -0.000715824 -0.000804151 -0.000790191 -0.000786445 -0.000773013 -0.000725555 -0.000747054 -0.000734171 -0.00076208 -0.000727271 -0.000741097 -0.000753715 -0.000734106 -0.000722574
-0.181818 0.000125183 -1.66351e-05 -0.00016244 -0.000316744 -0.0004797 -0.000570285 -0.000355652 -0.000257856 2.24324e-06 4.9594e-05 -4.64737e-05 -4.57482e-05 -6.362e-05 -0.000283845 -0.000234421 -0.000281246 -0.000289611 -0.00020929 -0.00011536 1.25195e-05 0.000115339 0.00029405 0.000334136 0.000282284 3.21861e-05 -0.000273837 -0.000894253 -0.00147045 -0.00197615 -0.00236043 -0.00276998 -0.00295375 -0.00297079 -0.00280225 -0.00252356 -0.00210415 -0.00169923 -0.00136111 -0.00099706 -0.000812653 -0.000672553 -0.000575493 -0.000599939 -0.000517886 -0.000651541 -0.000539583 -0.000580783 -0.000459703 -0.000463112 -0.000431469 -0.000427395 -0.000377435 -0.000488111 -0.000596258 -0.000619826 -0.000675041 -0.000612214 -0.000623729 -0.000516578 -0.000440206 -0.000309479 -0.000214965 -0.000148393 -5.06298e-05 -2.21558e-05 -1.09449e-05 -2.04466e-06 -2.51424e-05 1.09917e-05 -3.29893e-05 -5.73915e-06 4.03221e-06 2.04511e-05 -1.07232e-06 2.93091e-06 -5.94167e-05 -5.71387e-05 -7.75589e-05 -7.76213e-05 -7.8856e-05 -9.66468e-05 -7.01706e-05 -0.000103907 -0.000134453 -0.000105504 -9.33379e-05 -8.29417e-05 -9.99842e-05 -9.89548e-05 -0.000140606 -0.000160691 -0.000144997 -0.000143988 -0.000146764 -0.000157694 -0.000176344 -0.000135229 -0.000180446 -0.000173429 -0.000191131 -0.000112464 -0.000124538
-0.113636 0.00109757 0.000906953 0.000788344 0.000689203 0.00081225 0.00105055 0.00140497 0.00159153 0.00178868 0.00193444 0.00203498 0.00211059 0.00221969 0.00220902 0.00221678 0.00215541 0.00191223 0.00152071 0.000909936 1.62633e-05 -0.000929884 -0.00195175 -0.0031797 -0.00458668 -0.0061337 -0.00793823 -0.0098537 -0.0115259 -0.0129664 -0.0136436 -0.0140619 -0.0137763 -0.0127799 -0.0113339 -0.00968471 -0.00796229 -0.006294 -0.00483426 -0.00365535 -0.0026632 -0.00193072 -0.0013396 -0.000876724 -0.000367001 -2.79339e-05 0.000401888 0.000765727 0.00115712 0.00157737 0.00200156 0.00237274 0.00257683 0.00258528 0.0024627 0.00215263 0.0017257 0.00120854 0.000640174 0.000149919 -0.000266603 -0.000523373 -0.000607754 -0.000553829 -0.000270865 -5.18677e-05 0.000257222 0.000492609 0.000691205 0.000788589 0.000879766 0.000939812 0.000935998 0.000906026 0.000944952 0.000855987 0.00088238 0.000848197 0.000795188 0.000837108 0.000776366 0.000745215 0.00075073 0.000724105 0.000712282 0.000730515 0.000697196 0.000720856 0.000728373 0.000724722 0.000729398 0.000638246 0.000663327 0.000656791 0.000691084 0.000669201 0.000652662 0.000679212 0.000657516 0.000656252 0.000623532 0.000702055 0.000673634
-0.0454545 -0.000831285 -0.00107359 -0.0013671 -0.00160021 -0.0016098 -0.00129094 -0.000739167 -5.10552e-05 0.000307018 0.000106931 -0.000577062 -0.00144597 -0.00239796 -0.00343428 -0.00412678 -0.00472072 -0.00516725 -0.00575608 -0.00691601 -0.00886321 -0.0116859 -0.0153503 -0.0200236 -0.0251322 -0.0305479 -0.0357616 -0.0401499 -0.0431182 -0.0443695 -0.0438946 -0.0419534 -0.0389081 -0.034662 -0.029736 -0.0248649 -0.0203297 -0.0163741 -0.0129334 -0.0100831 -0.00779448 -0.00620687 -0.00487942 -0.00399822 -0.00333563 -0.00299767 -0.00265934 -0.00248855 -0.00221606 -0.00188098 -0.00146078 -0.000977353 -0.000398857 0.000109525 0.000570777 0.00111478 0.00159079 0.00208606 0.00251375 0.00292214 0.00318147 0.00322584 0.00307087 0.00257082 0.00181635 0.000793414 -0.000240505 -0.00124431 -0.00189244 -0.00227025 -0.0023342 -0.00214082 -0.00185041 -0.00152084 -0.00117071 -0.000945459 -0.000794945 -0.000702785 -0.000640118 -0.000600937 -0.000629375 -0.000606151 -0.000647845 -0.000690192 -0.00068104 -0.000664502 -0.000690268 -0.000706109 -0.000679694 -0.000717975 -0.000722269 -0.000734573 -0.000750603 -0.000741762 -0.000722527 -0.000740067 -0.000752082 -0.000784234 -0.000800704 -0.00081128 -0.000818594 -0.000804752 -0.000837086
0.0227273 0.000884545 0.00147561 0.00237013 0.00301101 0.00286102 0.00217488 0.00107914 -1.36594e-05 -0.000667746 -0.00108001 -0.00142569 -0.00169964 -0.00235931 -0.00377001 -0.00579885 -0.00863076 -0.0119593 -0.0157388 -0.0199099 -0.0245598 -0.0296701 -0.0351221 -0.0408697 -0.046564 -0.051878 -0.0563363 -0.0596714 -0.0614246 -0.0607301 -0.0585065 -0.0547216 -0.0494144 -0.0432404 -0.0364779 -0.0298782 -0.0237541 -0.0183751 -0.013853 -0.0101857 -0.00740149 -0.00537099 -0.00392637 -0.00295697 -0.00233603 -0.00203942 -0.00172996 -0.00142702 -0.000811756 2.55929e-05 0.00111662 0.00242735 0.00393871 0.00531488 0.00663209 0.00762893 0.00832774 0.00861004 0.00846786 0.00789215 0.0070882 0.00601927 0.00494822 0.00399827 0.0032891 0.00294267 0.00292738 0.00313111 0.00351386 0.00380746 0.00371278 0.00325704 0.00241709 0.00142068 0.000440286 -0.000260497 -0.000639001 -0.000819439 -0.000819101 -0.000668743 -0.000624286 -0.000593452 -0.000619787 -0.000589366 -0.000527973 -0.000245807 -5.68143e-05 9.62202e-05 0.000206925 0.000217699 0.000148503 9.28365e-05 0.000121518 0.000126703 0.000119789 0.000137302 0.000132618 0.000127516 7.27267e-05 0.000124232 8.03407e-05 0.000119729 0.000113792
0.0909091 0.00359349 0.00324154 0.00195041 0.000452286 -0.000884689 -0.00165057 -0.00228912 -0.00295483 -0.00363664 -0.00527498 -0.00748637 -0.00981991 -0.0118712 -0.0142542 -0.0165214 -0.0190562 -0.0219363 -0.0255423 -0.0296786 -0.0345709 -0.0397288 -0.0448867 -0.0501322 -0.0551097 -0.0596159 -0.0631182 -0.065702 -0.0666209 -0.0655661 -0.0625649 -0.0581388 -0.0520947 -0.0451629 -0.0377156 -0.0301763 -0.0233544 -0.0173761 -0.0122567 -0.0081081 -0.0049347 -0.00262457 -0.000897871 0.000237412 0.000960101 0.00147465 0.00199365 0.002487 0.0031861 0.00408382 0.00509059 0.00626212 0.007414 0.00830186 0.00894704 0.00933486 0.00943547 0.00929869 0.00904606 0.00886028 0.00878709 0.00890342 0.00911414 0.00931832 0.00937414 0.0091726 0.00875683 0.00806855 0.00736345 0.00654783 0.00576406 0.00510433 0.00457227 0.00420448 0.00416114 0.00432656 0.0046176 0.00489431 0.00498566 0.00478065 0.004136 0.00306695 0.0016251 -7.50214e-05 -0.00172532 -0.00300088 -0.00368511 -0.00374035 -0.0032327 -0.00250734 -0.00187113 -0.0015367 -0.00141684 -0.00141974 -0.00144318 -0.0014967 -0.00148718 -0.00145543 -0.00148279 -0.00153552 -0.00154593 -0.00142006 -0.00147064
0.159091 0.00217621 0.00261934 0.00286582 0.00227079 0.000547359 -0.00157809 -0.0036741 -0.0055363 -0.00671326 -0.00760236 -0.00846132 -0.00919989 -0.0102912 -0.0120593 -0.0141933 -0.0167624 -0.0197214 -0.0230502 -0.026877 -0.0312297 -0.0358471 -0.0407504 -0.0456025 -0.0502967 -0.0545862 -0.057994 -0.0603265 -0.061197 -0.0598987 -0.0568785 -0.0522897 -0.0462548 -0.0391786 -0.0315978 -0.0240914 -0.0171323 -0.0110336 -0.00590939 -0.00184692 0.00131731 0.00353512 0.00518399 0.00619696 0.00685397 0.00724366 0.00760725 0.00793253 0.00845511 0.00910786 0.0099193 0.0107745 0.011604 0.012266 0.0127435 0.0130748 0.0132668 0.0133853 0.0134733 0.0136366 0.0138761 0.0141291 0.0144264 0.0146162 0.0147246 0.0147498 0.0147572 0.0148469 0.0150837 0.0154168 0.0156622 0.0158135 0.0156352 0.015058 0.0141412 0.0128714 0.011537 0.0100357 0.00873238 0.00771895 0.00705084 0.00656886 0.00612717 0.00564795 0.00494197 0.00413063 0.00309552 0.00189866 0.000424032 -0.00126945 -0.00273662 -0.00355579 -0.0034003 -0.00258958 -0.00156289 -0.000893172 -0.000638505 -0.000597335 -0.000687646 -0.000689481 -0.00070289 -0.000632544 -0.000686147
0.227273 0.00364946 0.00239427 0.000623876 -0.00122369 -0.00285172 -0.00373066 -0.00382018 -0.00346869 -0.00315198 -0.00340506 -0.00419219 -0.00518957 -0.00661287 -0.00849584 -0.0106175 -0.0131691 -0.0160461 -0.0193843 -0.0231535 -0.0273733 -0.0318863 -0.0365537 -0.0413423 -0.0460777 -0.050222 -0.0536493 -0.0558014 -0.0563549 -0.0549549 -0.0517081 -0.0468826 -0.0405471 -0.0333233 -0.0255723 -0.0180055 -0.0109578 -0.00485512 0.000277614 0.00440026 0.00744162 0.00958542 0.0110632 0.0119067 0.0123578 0.0125604 0.0127206 0.0128886 0.0132792 0.0136849 0.0142991 0.0149066 0.0154665 0.0158082 0.0160044 0.016142 0.0161201 0.0160696 0.0159173 0.0158059 0.0156971 0.0157005 0.0156456 0.0156131 0.0155592 0.0154536 0.0154888 0.0154981 0.0156239 0.0156415 0.0153602 0.0148486 0.0138825 0.0126886 0.0114728 0.0104851 0.00991531 0.0098146 0.0100901 0.0105022 0.0106484 0.0103199 0.00961032 0.00893463 0.00847219 0.00818718 0.00787935 0.00719114 0.00596909 0.00426595 0.00266334 0.00150833 0.000728876 3.36433e-05 -0.000963467 -0.00213329 -0.00286098 -0.00274014 -0.00191958 -0.000852975 -8.62064e-05 0.000315816 0.00037554
0.295455 -0.00225586 -0.00408534 -0.00504433 -0.00530656 -0.00514504 -0.00461046 -0.00424958 -0.00406042 -0.00410936 -0.00447458 -0.00522178 -0.0062151 -0.00736245 -0.0090914 -0.0109817 -0.0133135 -0.0160851 -0.0192555 -0.0228488 -0.0268878 -0.0312374 -0.0356706 -0.0401847 -0.0445524 -0.0484567 -0.0513661 -0.0532857 -0.0535685 -0.0520216 -0.0484952 -0.0435907 -0.037255 -0.0300001 -0.0222096 -0.0146569 -0.00782267 -0.00179055 0.00322691 0.00711463 0.00991231 0.0118549 0.0131339 0.0138001 0.013988 0.0139595 0.0138976 0.0137551 0.0139574 0.0141494 0.0145776 0.0149151 0.015289 0.0153993 0.0154025 0.0153031 0.0150539 0.0147584 0.0143746 0.0139845 0.0135872 0.0131211 0.0127358 0.0123362 0.012037 0.0116621 0.0113469 0.0109528 0.0106215 0.0102898 0.0100022 0.00978448 0.00943527 0.00903321 0.00873346 0.00858294 0.00865846 0.00875489 0.00864319 0.00795553 0.00672217 0.00543358 0.00469724 0.00471805 0.00526144 0.0058206 0.00600418 0.00588543 0.00565009 0.00538965 0.00507986 0.00455878 0.00371171 0.00260424 0.00136214 0.000172946 -0.000648447 -0.00117379 -0.00176151 -0.00256527 -0.00351204 -0.00407802 -0.00401259
0.363636 -0.00271557 -0.00253079 -0.0022006 -0.00179918 -0.00151513 -0.0014782 -0.00149773 -0.00166119 -0.00189133 -0.00231275 -0.00295721 -0.00387018 -0.0049923 -0.00665881 -0.00850085 -0.0109439 -0.0136261 -0.0168699 -0.0204503 -0.024517 -0.0289478 -0.0335483 -0.0382494 -0.0425876 -0.046474 -0.0495198 -0.0512891 -0.0515954 -0.0497527 -0.0460395 -0.0407943 -0.0340758 -0.0265165 -0.0183928 -0.010488 -0.00322299 0.00301659 0.00815478 0.0121252 0.0149603 0.016818 0.0179412 0.0183903 0.0184378 0.0181706 0.0178977 0.0175803 0.0175084 0.0175278 0.0176792 0.0178664 0.0179471 0.0178239 0.017597 0.017174 0.0167021 0.0161231 0.0154767 0.0148432 0.0142284 0.0135698 0.0130466 0.0124746 0.0120663 0.0115892 0.0112467 0.0108455 0.0104905 0.0101762 0.00981708 0.00961024 0.00936528 0.00912439 0.0088515 0.00857067 0.00833129 0.00815139 0.00802364 0.00778648 0.00738312 0.00705035 0.00706889 0.00733343 0.00737328 0.0068235 0.00595022 0.00525596 0.00522685 0.00566326 0.00612616 0.00630841 0.00613396 0.00573338 0.00537802 0.00502313 0.00470588 0.00424561 0.0034807 0.00244544 0.00136423 0.000480429 -9.99213e-05
0.431818 -0.00033157 -0.000471033 -0.000556903 -0.000508086 -0.000342222 -0.000325917 -0.000468756 -0.000816937 -0.00128119 -0.00189837 -0.00280513 -0.00378052 -0.00489395 -0.00646271 -0.0082486 -0.0104189 -0.0129919 -0.0160102 -0.01939 -0.0233518 -0.027505 -0.0318769 -0.0365461 -0.0407495 -0.0446187 -0.0477184 -0.0496272 -0.0500114 -0.0482208 -0.0446773 -0.039652 -0.0329909 -0.0254295 -0.0173141 -0.00942296 -0.00218212 0.00409923 0.00927672 0.0132605 0.0160881 0.0179019 0.0190004 0.0193845 0.0193253 0.0189193 0.0185093 0.0180563 0.0178339 0.0176857 0.0177211 0.0176246 0.0175824 0.0172269 0.0167448 0.0161393 0.0153638 0.0145307 0.013649 0.0128101 0.0119254 0.0110934 0.0103434 0.00967023 0.0091114 0.00858436 0.0081131 0.00771829 0.00734438 0.0070361 0.00675296 0.00657139 0.0063571 0.00618647 0.00601845 0.00585517 0.0056892 0.0054696 0.00537211 0.00522089 0.00506881 0.00487741 0.00467515 0.00453583 0.00437857 0.00423028 0.00413843 0.00437182 0.00485067 0.00514909 0.00480844 0.00410654 0.00357705 0.00340921 0.00376705 0.00415962 0.00440302 0.0043983 0.00405521 0.0037274 0.00338175 0.00314881 0.00269517
0.5 0.00161355 0.00130224 0.000868648 0.00058784 0.000299642 0.000135079 -5.27938e-05 -0.000237006 -0.000336517 -0.000841048 -0.00179491 -0.0027868 -0.00386693 -0.00549032 -0.00718806 -0.0093609 -0.0118918 -0.0147308 -0.0181012 -0.0218299 -0.0258917 -0.0300346 -0.0343951 -0.0383826 -0.0420074 -0.0447151 -0.0464516 -0.0467538 -0.0448644 -0.0412654 -0.0362968 -0.0297647 -0.0224681 -0.0145276 -0.00674333 0.000173544 0.00623146 0.0111368 0.0149509 0.0176381 0.0193737 0.0202263 0.0205147 0.0202845 0.0198593 0.0193363 0.0188041 0.0185126 0.0183451 0.0182395 0.0182264 0.0180841 0.0176954 0.0171589 0.0164929 0.0157066 0.0148321 0.0139503 0.0130239 0.0120854 0.0112386 0.0104225 0.00970335 0.00909223 0.0084844 0.00798762 0.0075062 0.00715265 0.00677496 0.00648953 0.00628853 0.00602949 0.00580301 0.00560611 0.00546815 0.00528615 0.0050911 0.00491615 0.00482662 0.00472445 0.00464349 0.0045266 0.00446571 0.00440153 0.00442301 0.00436533 0.00435622 0.00436524 0.00432522 0.00425285 0.00420402 0.00446247 0.00484558 0.00513911 0.00497633 0.00447261 0.0038454 0.00356865 0.00362052 0.0039859 0.00436059 0.00441932
0.568182 0.00159347 0.00132062 0.00110874 0.000853285 0.000534716 0.000391064 0.000308596 0.00033763 0.000487236 0.000242936 -0.00043892 -0.00125087 -0.00227289 -0.00384079 -0.0056042 -0.00779302 -0.0103588 -0.0133229 -0.0166313 -0.0205016 -0.0246468 -0.0287397 -0.0329683 -0.0369856 -0.0404441 -0.0431058 -0.0446237 -0.044639 -0.042625 -0.0388152 -0.0335736 -0.0269842 -0.0193702 -0.0114255 -0.0037751 0.00323399 0.0092671 0.0141259 0.0178068 0.0203372 0.0218959 0.0226393 0.0228001 0.0224564 0.0218341 0.021171 0.0205898 0.0201871 0.0199212 0.0197885 0.0196071 0.0194166 0.0189724 0.0183941 0.0177107 0.0168642 0.016017 0.0150259 0.0141062 0.0131911 0.0122905 0.011501 0.0107456 0.0101009 0.00947602 0.00896291 0.00845773 0.00805739 0.00770644 0.00733744 0.00708081 0.00685822 0.00661882 0.00638894 0.00619414 0.00602419 0.00577479 0.00560994 0.00548815 0.00533959 0.00520634 0.00508708 0.0050539 0.00505511 0.00510251 0.00513882 0.00524385 0.00528069 0.00531367 0.00532747 0.00529267 0.00525943 0.00530099 0.00532951 0.00523994 0.00521331 0.00534542 0.00577925 0.00619508 0.00630612 0.00611545 0.00542662
0.636364 0.000578564 0.000513489 0.000402222 0.000238777 -0.000161333 -0.000426661 -0.000695122 -0.000914952 -0.00110403 -0.00150468 -0.00204155 -0.00277463 -0.00366746 -0.00500219 -0.00663953 -0.00870693 -0.011213 -0.0141126 -0.017476 -0.0213059 -0.0254523 -0.0298646 -0.0342216 -0.0383151 -0.0419643 -0.0447489 -0.0463671 -0.046233 -0.0442427 -0.0403781 -0.034926 -0.0280031 -0.0201878 -0.01204 -0.00404343 0.00329389 0.00947705 0.0144604 0.01824 0.0208458 0.0223776 0.0231793 0.0231852 0.0228163 0.0220821 0.0213875 0.0205897 0.0200904 0.0196829 0.0193965 0.0191051 0.0187511 0.0181449 0.0174383 0.0165575 0.0155698 0.0145544 0.013477 0.0124177 0.0114189 0.0104257 0.00953009 0.00870489 0.00806027 0.00739844 0.00687396 0.00632033 0.00590018 0.00551808 0.00517483 0.00488938 0.00462795 0.00439737 0.00412918 0.00399022 0.00379459 0.00357314 0.00343777 0.00328735 0.00317465 0.00304825 0.00295017 0.0028869 0.00288989 0.00294251 0.00297425 0.00304538 0.00306858 0.00319409 0.00324312 0.00332377 0.00338337 0.00344282 0.00354172 0.00358826 0.00360773 0.00361367 0.00363522 0.00369448 0.0037011 0.00370937 0.00362553
0.704545 0.000375513 -0.000102636 -0.000591819 -0.00111096 -0.00144294 -0.00152716 -0.00150989 -0.00129205 -0.00126468 -0.00154798 -0.00208912 -0.00292799 -0.00395086 -0.00538218 -0.00719473 -0.00933232 -0.0118458 -0.0148271 -0.0181173 -0.0217775 -0.0257601 -0.0297999 -0.0339863 -0.037778 -0.041086 -0.0435692 -0.044929 -0.0446268 -0.0423161 -0.0384448 -0.033016 -0.0262037 -0.0186206 -0.0105712 -0.00272714 0.0042106 0.0102532 0.0150448 0.0186674 0.021039 0.0224864 0.0231944 0.023074 0.0226462 0.0218816 0.0211104 0.0203022 0.0197906 0.0193659 0.0190553 0.0187996 0.0184489 0.0178253 0.0171084 0.0162303 0.0152691 0.0142655 0.0132027 0.0121269 0.0111869 0.010178 0.00930632 0.00848226 0.00779713 0.00713571 0.00654004 0.00598444 0.00556061 0.00513239 0.00470377 0.00444128 0.00413106 0.00381943 0.0036067 0.00338424 0.00321641 0.00295154 0.0027339 0.0025899 0.00242874 0.0023143 0.00216042 0.00212319 0.00204608 0.00209162 0.00209001 0.00212741 0.00214438 0.00221531 0.0022221 0.00224485 0.00232238 0.00236315 0.0024834 0.00253005 0.00263904 0.00275601 0.00278339 0.00281062 0.00281113 0.00298489 0.00297944
0.772727 0.00147374 0.00102076 0.000543564 5.86999e-05 -0.000410263 -0.000709623 -0.000772748 -0.000752176 -0.000804519 -0.00110108 -0.00163677 -0.00229129 -0.00318542 -0.00461696 -0.00630364 -0.00846217 -0.0110354 -0.0139783 -0.0172587 -0.0211229 -0.0252955 -0.0294931 -0.0336458 -0.0375952 -0.0410059 -0.0434644 -0.0447691 -0.0444462 -0.0420774 -0.0380987 -0.03258 -0.0256188 -0.0177772 -0.00958934 -0.00171782 0.00542392 0.0114727 0.0163188 0.0200141 0.0224663 0.023803 0.0244723 0.0243756 0.0237974 0.0229304 0.0220262 0.0212149 0.0204914 0.0199665 0.0196301 0.0192655 0.0187897 0.0180779 0.0172628 0.0162987 0.0152694 0.0141735 0.0129993 0.0118924 0.0108502 0.00977826 0.00884392 0.00800633 0.00725177 0.00659582 0.0059878 0.00543863 0.00496917 0.00452789 0.0041614 0.00387238 0.00357978 0.00329736 0.00307192 0.00284488 0.00264631 0.00239494 0.00220755 0.00206852 0.001916 0.00182838 0.00172502 0.00160147 0.0015823 0.00159003 0.00157015 0.00156218 0.00161568 0.00163994 0.00165799 0.0016749 0.00169427 0.00175961 0.00180334 0.00186467 0.00189598 0.00199155 0.00204742 0.00209816 0.00216031 0.00231025 0.0023401
0.840909 0.00276218 0.00258068 0.00235545 0.00205656 0.00176951 0.00146027 0.00130427 0.00124372 0.00119561 0.000846682 0.000248911 -0.000487347 -0.00156545 -0.00299595 -0.00466681 -0.00688914 -0.00932047 -0.0122274 -0.0155631 -0.01937 -0.0235059 -0.0276741 -0.0318537 -0.0356748 -0.0391352 -0.041675 -0.042956 -0.0427151 -0.0403136 -0.0363798 -0.0307522 -0.0238212 -0.0159472 -0.00772867 0.000171995 0.00730158 0.0133965 0.0182973 0.0218766 0.0243304 0.0257474 0.0262321 0.0260586 0.0254899 0.0245885 0.0236443 0.0227237 0.0220548 0.0215049 0.0210652 0.0206113 0.0201224 0.0193614 0.0185431 0.0175126 0.0163855 0.0152275 0.0140261 0.0128417 0.0117619 0.01072 0.00972386 0.00883797 0.00808073 0.00740753 0.00683029 0.00622911 0.00579775 0.00535115 0.00496681 0.00467471 0.00438579 0.00409133 0.00387864 0.00367024 0.00347248 0.00326607 0.00307726 0.00292925 0.00281369 0.00269325 0.00257004 0.00249472 0.00243962 0.00245408 0.00246202 0.00246497 0.00247231 0.002488 0.00248407 0.00249727 0.00254696 0.00256667 0.00267945 0.00266106 0.00269093 0.00279312 0.00279356 0.00284879 0.00286948 0.00294443 0.00293527
0.909091 0.00203241 0.00191937 0.00179538 0.00131624 0.00051623 1.86401e-05 -0.000325902 -0.000447812 -0.000397052 -0.000795466 -0.00137937 -0.00202732 -0.00295611 -0.00438557 -0.00601921 -0.00822236 -0.0105708 -0.0134947 -0.016688 -0.0203561 -0.0243785 -0.028417 -0.0325292 -0.0362406 -0.0395705 -0.0418965 -0.0431414 -0.0428804 -0.0405004 -0.036421 -0.0308536 -0.0240145 -0.0162977 -0.00806527 -0.000180485 0.0068917 0.0129148 0.017724 0.0212573 0.0236755 0.025002 0.0255578 0.0253786 0.0248307 0.0238796 0.0229688 0.0219563 0.0212954 0.0207495 0.0203106 0.019853 0.0193779 0.0186228 0.0176882 0.0167407 0.0155888 0.0144251 0.0132113 0.0120715 0.0109098 0.00985745 0.00888106 0.00803112 0.00724628 0.00658395 0.00595865 0.00536268 0.00490778 0.0044893 0.00412988 0.00384968 0.00350923 0.00327788 0.00301178 0.00280826 0.00259999 0.00239471 0.00219233 0.00202465 0.00190787 0.00181159 0.00167718 0.00158585 0.00156095 0.00152246 0.00149149 0.00150164 0.00148611 0.00150552 0.00144421 0.00145278 0.00145657 0.0014661 0.00150171 0.00152082 0.00156385 0.00160013 0.00161215 0.00166349 0.00165196 0.00178766 0.00175483
0.977273 0.00158441 0.00131915 0.000993001 0.000623333 0.000285818 -5.95353e-05 -0.000151394 -9.69299e-05 -0.000201757 -0.000468458 -0.00114073 -0.00197165 -0.00296591 -0.00447203 -0.00608217 -0.00819821 -0.0106542 -0.0134206 -0.0166032 -0.0201912 -0.0239691 -0.0279594 -0.0318568 -0.0354523 -0.0387017 -0.0409615 -0.0421251 -0.0418057 -0.0394166 -0.0354598 -0.0300321 -0.0231902 -0.0155453 -0.00746195 0.000198792 0.00721963 0.0131113 0.0178702 0.0214217 0.0237234 0.0249829 0.0255409 0.025326 0.0246486 0.0237529 0.0227826 0.0218217 0.0210795 0.0205149 0.0200395 0.0195761 0.0191074 0.0183214 0.0174528 0.0164373 0.0152977 0.0141548 0.0129314 0.0117951 0.0106683 0.00960494 0.00861452 0.00768058 0.00692844 0.00619465 0.00556094 0.00499759 0.00448677 0.00405702 0.00366158 0.00334596 0.00303528 0.00275288 0.0024522 0.00223345 0.00201746 0.00178779 0.00159875 0.00146774 0.00126822 0.00117467 0.00104187 0.000902111 0.000847689 0.00086088 0.000778038 0.000765429 0.0007855 0.000727662 0.000741458 0.000690302 0.000721108 0.000688306 0.000760331 0.000755602 0.000742007 0.000809022 0.000832635 0.000804491 0.000801252 0.000895205 0.000864053
1.04545 0.000888894 0.000605324 0.000457459 0.000241866 -1.43739e-05 -0.000217067 -0.00017325 4.2647e-05 0.000257122 -9.23708e-06 -0.000513095 -0.00139168 -0.00240689 -0.00395615 -0.00575566 -0.00788118 -0.0103047 -0.0130956 -0.0162256 -0.0196183 -0.0233791 -0.0271478 -0.0309674 -0.0343238 -0.037302 -0.0395361 -0.0406346 -0.0401722 -0.037844 -0.0339333 -0.0286403 -0.022098 -0.0146439 -0.00696081 0.000509694 0.00721468 0.0129142 0.0174035 0.0207775 0.022906 0.0241677 0.0246461 0.0244022 0.0237304 0.0228403 0.0218869 0.020937 0.0203021 0.0197404 0.01933 0.0189165 0.0184194 0.0177109 0.0168899 0.0159791 0.0149309 0.0138646 0.0127336 0.0116474 0.0105779 0.00958113 0.00862356 0.00778407 0.00705376 0.00630235 0.00569904 0.00514352 0.00463256 0.00416764 0.00378014 0.00347146 0.00310158 0.00281059 0.00253971 0.00228375 0.00206403 0.00182723 0.0016231 0.00145948 0.00130847 0.00119208 0.00106013 0.000952836 0.000880321 0.000861081 0.000814435 0.000753787 0.000833427 0.000782574 0.00075443 0.000724281 0.000722945 0.000765427 0.000767972 0.000702346 0.000718454 0.000752623 0.000743958 0.000726107 0.000740034 0.000777265 0.000760499
1.11364 0.00157772 0.00118042 0.000802282 0.000320365 -0.000126354 -0.000383689 -0.000362219 -0.000222481 -5.50142e-05 -0.00023239 -0.000717071 -0.00143348 -0.00234487 -0.00381897 -0.00547985 -0.00760209 -0.0099474 -0.0127308 -0.0159709 -0.0193849 -0.0232065 -0.0270159 -0.0309074 -0.0344559 -0.037573 -0.0397173 -0.0407887 -0.040316 -0.0381061 -0.0339763 -0.02858 -0.0218196 -0.0142207 -0.00636339 0.00111809 0.00794732 0.0136807 0.0182744 0.021602 0.0238553 0.0250078 0.0254544 0.0251924 0.0244981 0.0234997 0.0225134 0.0214832 0.0207414 0.0201203 0.0196054 0.0191047 0.0185364 0.0177732 0.0168548 0.0158461 0.0147613 0.0136738 0.0124776 0.011349 0.0103239 0.00922961 0.00833733 0.00745837 0.00671653 0.00603453 0.00542588 0.0048591 0.00436552 0.00394645 0.00349563 0.00321131 0.00290275 0.00257294 0.00233029 0.00209688 0.00191534 0.00164898 0.00146684 0.00131955 0.00116124 0.00104988 0.000915237 0.00081571 0.00073583 0.000727461 0.000674048 0.000644396 0.000643405 0.000641236 0.000595145 0.000572581 0.000566034 0.000613385 0.000602051 0.000567897 0.000614222 0.000621577 0.000611383 0.000633632 0.000610513 0.000648246 0.000625056
1.18182 0.00117912 0.00100675 0.00082632 0.000680643 0.000448966 0.000212413 1.02626e-06 -0.000216149 -0.000388544 -0.000788013 -0.00138151 -0.00216589 -0.00301064 -0.00430124 -0.00589401 -0.00773692 -0.010051 -0.012723 -0.0157157 -0.0191944 -0.0229693 -0.0267435 -0.0307349 -0.0343056 -0.0375466 -0.0397959 -0.0410191 -0.0407743 -0.0385143 -0.0346174 -0.0293255 -0.022585 -0.0150955 -0.00713269 0.000574012 0.00744517 0.0133097 0.0179314 0.0213907 0.0236463 0.0248488 0.0253441 0.0251118 0.0245269 0.0235146 0.0224223 0.0214424 0.0205962 0.0199401 0.0193504 0.0187391 0.0181013 0.0171377 0.0161447 0.0150228 0.013769 0.0125648 0.0113075 0.0101115 0.00895171 0.00784836 0.00687612 0.00600077 0.00525301 0.00455284 0.00401002 0.00339386 0.00294667 0.00251183 0.00213871 0.00186014 0.00160588 0.00131793 0.00105914 0.000908498 0.000733467 0.000508679 0.000327333 0.000215278 8.68399e-05 -2.85267e-05 -0.000123083 -0.000236474 -0.000306785 -0.000276193 -0.000304433 -0.000337048 -0.000328166 -0.00032652 -0.000352022 -0.000407126 -0.000392969 -0.000442422 -0.000379958 -0.000407747 -0.000380989 -0.000372796 -0.000385765 -0.0003699 -0.000392684 -0.000278625 -0.000293611
1.25 0.00165011 0.00117362 0.000845236 0.000499581 0.000224588 0.000157771 0.000252629 0.000386452 0.000668906 0.000554559 0.000140465 -0.000624898 -0.00156227 -0.00292663 -0.00463717 -0.006702 -0.00905027 -0.0117563 -0.0146993 -0.0180496 -0.0216914 -0.0252683 -0.0288385 -0.0321543 -0.0348811 -0.0369795 -0.0379026 -0.0375236 -0.0350927 -0.0312697 -0.0260336 -0.0195353 -0.0121539 -0.00463114 0.00259348 0.00907033 0.0146238 0.0188612 0.0220841 0.0241578 0.0251932 0.0255989 0.0252941 0.0245743 0.023584 0.0225625 0.0215796 0.020737 0.0201302 0.0195825 0.0190372 0.0184226 0.0176404 0.0166648 0.015684 0.0145804 0.013485 0.0123566 0.0112418 0.0102077 0.00920312 0.0083073 0.00749318 0.00680034 0.00611138 0.00553158 0.00496643 0.00451233 0.00408621 0.00368721 0.00338002 0.00311133 0.00278871 0.00256105 0.00233189 0.00214937 0.00189736 0.00168045 0.00153999 0.00140741 0.00128524 0.00117054 0.00104361 0.000988583 0.000975904 0.000895938 0.000906487 0.000864568 0.000874118 0.000822375 0.00078971 0.000773567 0.000752076 0.000767299 0.000745421 0.00075674 0.000759678 0.00076175 0.000748207 0.000720208 0.000775359 0.000777844
1.31818 0.000990232 0.000558121 0.000142071 -0.000319019 -0.000599706 -0.000798574 -0.000675414 -0.000588311 -0.000352429 -0.000518063 -0.00106613 -0.00184206 -0.00278426 -0.00416134 -0.00581257 -0.00784929 -0.0101723 -0.0127712 -0.0157787 -0.019107 -0.0227064 -0.026352 -0.0300222 -0.0333897 -0.0362997 -0.0383671 -0.0392736 -0.0387726 -0.0363033 -0.0322569 -0.0268954 -0.0202676 -0.0128756 -0.00524997 0.00214084 0.0086582 0.014187 0.0184873 0.0216683 0.0237114 0.0247808 0.0251425 0.0247327 0.0240588 0.02307 0.0220602 0.0210524 0.0202806 0.0196206 0.0190514 0.0185048 0.0179001 0.0170489 0.0161405 0.0151263 0.0140262 0.0129135 0.0117653 0.0107317 0.00967501 0.00868632 0.00780781 0.00697943 0.00628782 0.00562514 0.00508008 0.00447292 0.00405264 0.0036427 0.00325469 0.00298852 0.00270987 0.00239387 0.00218909 0.00197872 0.00176621 0.00158145 0.00136955 0.00122053 0.00109001 0.00100918 0.000928192 0.000787265 0.000753173 0.000727762 0.000713233 0.000664604 0.000649564 0.00061052 0.000579779 0.00055638 0.000569103 0.000572153 0.000608173 0.000556927 0.000556069 0.000553098 0.000596857 0.000551601 0.000528736 0.000563527 0.000581
1.38636 0.000882328 0.00038134 -0.000341714 -0.000863151 -0.00130662 -0.00147233 -0.00131659 -0.00110676 -0.000861813 -0.00100226 -0.00163293 -0.00242815 -0.00332204 -0.00475708 -0.00638979 -0.00836693 -0.0106235 -0.01321 -0.0162486 -0.0195513 -0.0230866 -0.0266325 -0.0303125 -0.0335775 -0.0364081 -0.0384671 -0.0393694 -0.0387324 -0.0362026 -0.0321807 -0.0267554 -0.020125 -0.0127253 -0.00501359 0.00229756 0.0087884 0.0142227 0.018611 0.0217041 0.0237977 0.0247971 0.0251595 0.0247522 0.0240482 0.0230653 0.0220239 0.0209528 0.0202316 0.0195641 0.0190033 0.0185035 0.0178754 0.0169922 0.0161052 0.0150797 0.0139805 0.0128483 0.0117444 0.0106224 0.00962379 0.00860952 0.00772958 0.00690884 0.00623385 0.00556905 0.00499388 0.00442267 0.00397957 0.0035167 0.00313606 0.00285443 0.00253579 0.00225297 0.00201615 0.00176843 0.0015455 0.00133218 0.00113531 0.000986486 0.000844874 0.000725701 0.00060184 0.000491375 0.000460489 0.000410059 0.000383984 0.000357662 0.000328248 0.000310157 0.000268102 0.000214388 0.000212466 0.000198525 0.000226917 0.000194219 0.000170147 0.000197603 0.000178899 0.000118147 9.81593e-05 0.000151148 0.000146876
1.45455 0.00158336 0.00125208 0.000894561 0.000504133 0.000112238 -0.000189375 -0.000318966 -0.000471712 -0.000501088 -0.000860139 -0.00150335 -0.00219327 -0.00304156 -0.00432737 -0.00588035 -0.00779357 -0.00996515 -0.0126082 -0.0156719 -0.0189856 -0.0227024 -0.0263974 -0.0302177 -0.0338224 -0.0367359 -0.0389869 -0.0399626 -0.0394814 -0.0370018 -0.0330013 -0.0275307 -0.0206729 -0.0130363 -0.00513477 0.00240784 0.00911004 0.0148539 0.0193365 0.0225443 0.0247133 0.0257896 0.0261698 0.0258403 0.0250072 0.0239898 0.0229217 0.0217961 0.0209331 0.0201821 0.0195051 0.0187714 0.0180767 0.017127 0.016088 0.0149019 0.0136621 0.0124474 0.0112018 0.0100531 0.00893538 0.00785303 0.00689899 0.0060611 0.00536573 0.00473886 0.00416919 0.00362784 0.00319575 0.00279139 0.00245671 0.00215431 0.00190395 0.0016501 0.00139779 0.00123599 0.0010375 0.000840452 0.000648472 0.000495526 0.0004116 0.000294204 0.000204915 0.0001132 4.93901e-05 -9.64328e-06 -9.75532e-06 -6.08996e-05 -8.085e-05 -0.000103435 -0.000103653 -0.000146922 -0.00013648 -0.000163404 -0.000143462 -0.000158314 -0.000129383 -0.000125735 -9.58356e-05 -0.000129768 -0.000163298 -8.3307e-05 -0.000125736
1.52273 0.00213256 0.00160703 0.00114326 0.000653509 9.36902e-05 -8.89125e-05 -0.000286129 -0.000357053 -0.000315051 -0.000612174 -0.00140295 -0.00198325 -0.00279211 -0.00414749 -0.00564878 -0.00751453 -0.00968004 -0.0122888 -0.0152971 -0.0186784 -0.0223924 -0.026049 -0.0299131 -0.0333613 -0.0362887 -0.0384092 -0.0393905 -0.0388896 -0.0363953 -0.03235 -0.0270036 -0.0202996 -0.0127201 -0.0049043 0.00252791 0.00911042 0.0146117 0.019059 0.0221923 0.0242404 0.0252142 0.0255175 0.0251461 0.0243366 0.0232598 0.0221182 0.0210247 0.0202205 0.0194239 0.0187511 0.0180795 0.0174117 0.0164514 0.0153651 0.0142475 0.0130258 0.0117981 0.0105688 0.00937207 0.00827245 0.00723331 0.00630023 0.0054568 0.00474092 0.00407944 0.00356318 0.00299003 0.00254999 0.00217622 0.0018311 0.00158411 0.00131349 0.00106495 0.000886009 0.000702747 0.000526703 0.000335372 0.000157107 5.40997e-05 -3.68294e-05 -0.000137476 -0.000247549 -0.000303514 -0.000406002 -0.000381677 -0.000414216 -0.000424353 -0.000428923 -0.000440506 -0.000480271 -0.000542876 -0.000538573 -0.000537797 -0.00052892 -0.00053573 -0.00053227 -0.000547036 -0.000516041 -0.000606044 -0.000564754 -0.000529778 -0.000563246
1.59091 0.000827915 0.000591107 0.000239012 -0.000108154 -0.000734356 -0.00114126 -0.00135153 -0.00145302 -0.00147116 -0.0018469 -0.00249666 -0.00315532 -0.00392822 -0.00523903 -0.00666966 -0.00852575 -0.0106626 -0.0131627 -0.0160616 -0.0193436 -0.0229126 -0.0264696 -0.0302283 -0.0335215 -0.0365344 -0.038632 -0.0395653 -0.0390171 -0.0366421 -0.0325358 -0.0272354 -0.0206234 -0.0133851 -0.00563478 0.00163398 0.0081715 0.0136401 0.0178921 0.0209536 0.0229804 0.023961 0.0242596 0.0238182 0.0230926 0.0220006 0.0208979 0.0198559 0.0189786 0.0182177 0.0175828 0.016928 0.0161987 0.0151919 0.0141118 0.0129746 0.0117411 0.0105123 0.00927731 0.00812951 0.0070165 0.00596583 0.00506655 0.00421101 0.00356445 0.0028868 0.00233259 0.00183905 0.00140361 0.00103676 0.0006744 0.0004608 0.0002043 -4.13691e-05 -0.000230494 -0.000394168 -0.00055851 -0.000749362 -0.000902036 -0.000997137 -0.00111165 -0.00117893 -0.00125482 -0.00135118 -0.00138377 -0.00138567 -0.00142588 -0.0014202 -0.0014193 -0.00144106 -0.00142673 -0.00147332 -0.00148263 -0.00147969 -0.00143838 -0.00145884 -0.00147221 -0.00144228 -0.00150203 -0.00144923 -0.00149333 -0.00140703 -0.00140788
1.65909 0.000184393 0.000132164 -4.37537e-05 -4.23992e-05 -0.00024318 -0.000504359 -0.000560353 -0.000450415 -0.000665547 -0.000866446 -0.00136098 -0.00202428 -0.00284747 -0.00402703 -0.00546411 -0.00733144 -0.00941408 -0.0119702 -0.0148225 -0.0180855 -0.0216 -0.0251781 -0.0288694 -0.0321327 -0.0349636 -0.0369558 -0.0379531 -0.0373298 -0.0349606 -0.0308686 -0.0255645 -0.0189707 -0.0117309 -0.00408614 0.00308298 0.00956771 0.0148929 0.0190414 0.0220445 0.0239429 0.0249269 0.0251663 0.0247279 0.0239025 0.0228363 0.0217782 0.0207504 0.0198679 0.0191243 0.0184758 0.0177813 0.0170002 0.0160802 0.0150485 0.0138719 0.0126849 0.0115093 0.0103204 0.00920934 0.00816209 0.0071487 0.00624437 0.00547961 0.00477636 0.00415224 0.00362168 0.00310382 0.00266791 0.00227416 0.00194297 0.00169253 0.00145631 0.00121317 0.00102924 0.000846851 0.000670555 0.00048213 0.000301485 0.000199291 8.59244e-05 -1.37113e-06 -0.000107165 -0.000167346 -0.000224356 -0.000225979 -0.000258818 -0.000270329 -0.000282815 -0.000298557 -0.000308988 -0.000344968 -0.000328671 -0.00031452 -0.000257182 -0.00029824 -0.000254652 -0.000220742 -0.000232389 -0.000243452 -0.000280195 -0.000187878 -0.000205838
1.72727 0.00218806 0.00136766 0.000532814 -0.000290462 -0.000848543 -0.00114696 -0.00126356 -0.00150233 -0.0015009 -0.00197014 -0.00281372 -0.0034504 -0.00422954 -0.00558491 -0.00695252 -0.00867392 -0.0107746 -0.0133375 -0.0161859 -0.0194212 -0.0230661 -0.0265839 -0.0301883 -0.0336369 -0.0363336 -0.038505 -0.039358 -0.0388104 -0.0362052 -0.0321699 -0.0267561 -0.0202143 -0.0127801 -0.00500591 0.00235408 0.00877461 0.0141912 0.0184504 0.021555 0.0234644 0.024471 0.0247569 0.0242456 0.0234402 0.0224035 0.0212505 0.0201685 0.0192354 0.0185753 0.0178927 0.0171745 0.0164277 0.0154009 0.0142834 0.0131238 0.0118521 0.0106348 0.00937256 0.00815762 0.00706211 0.00601103 0.00510173 0.00429968 0.003567 0.00291246 0.00234538 0.00184966 0.00145564 0.00107378 0.000738745 0.000491768 0.000234541 2.0711e-05 -0.000168336 -0.000351758 -0.000493856 -0.00073073 -0.00090232 -0.000962467 -0.00104115 -0.00116506 -0.00125252 -0.00135549 -0.00141845 -0.00142485 -0.00144878 -0.00145972 -0.001476 -0.00151831 -0.00156885 -0.0016385 -0.00161822 -0.00162632 -0.00164412 -0.00167584 -0.0016611 -0.00165795 -0.00168874 -0.00172966 -0.00174827 -0.00172782 -0.00171196
1.79545 0.000621412 -2.58934e-05 -0.000568517 -0.00121833 -0.00169356 -0.00187311 -0.00191655 -0.00201706 -0.00194268 -0.00207989 -0.00266064 -0.00334977 -0.00409247 -0.00537187 -0.00677565 -0.00859162 -0.0106869 -0.0131527 -0.0160402 -0.0191545 -0.0226299 -0.0260575 -0.0295159 -0.0326556 -0.0354334 -0.0373146 -0.0380341 -0.0372824 -0.0347453 -0.0307448 -0.0253645 -0.0189567 -0.0116446 -0.00415659 0.00295191 0.00921914 0.0143784 0.0184359 0.02133 0.0231835 0.0240652 0.0242249 0.0237612 0.0229399 0.0218153 0.0207755 0.0197244 0.0188527 0.0181687 0.0175223 0.0168636 0.0160995 0.0151616 0.0140974 0.012979 0.0117956 0.0106092 0.00942521 0.0083404 0.00730652 0.00633124 0.00545354 0.00466266 0.00400736 0.00335218 0.00286544 0.00234118 0.00194782 0.00158122 0.00127023 0.00100674 0.00076954 0.000524844 0.00034734 0.000191593 2.61117e-05 -0.000216045 -0.000372655 -0.000491115 -0.000579043 -0.000660451 -0.000754936 -0.000835934 -0.000889626 -0.000886155 -0.000923483 -0.000916183 -0.000956391 -0.000977824 -0.00099428 -0.00105553 -0.00102284 -0.0010406 -0.00102337 -0.00107649 -0.00106233 -0.00100531 -0.00108237 -0.00106033 -0.00104489 -0.00100423 -0.0010134
1.86364 -0.000399805 -0.000738903 -0.00115032 -0.00173613 -0.00229964 -0.00267279 -0.00273144 -0.00266131 -0.00264373 -0.00273837 -0.00313947 -0.00374712 -0.00451171 -0.00572027 -0.00713266 -0.00897233 -0.0111166 -0.0135155 -0.0163732 -0.0195524 -0.0228851 -0.0263791 -0.0298109 -0.0328934 -0.0355017 -0.0373673 -0.0380192 -0.0372305 -0.0346078 -0.030491 -0.0252086 -0.0186719 -0.0113116 -0.0038134 0.00323729 0.00952849 0.0146929 0.0187826 0.0217196 0.0235119 0.0243936 0.0245465 0.0240389 0.0231774 0.0220693 0.0209527 0.0198745 0.0191064 0.0183063 0.0176738 0.0169919 0.0162723 0.015308 0.0143227 0.0131509 0.012029 0.0108518 0.00972972 0.00861725 0.00756895 0.00665025 0.00576656 0.00499288 0.00434974 0.00374102 0.00324066 0.00277326 0.00235404 0.00198511 0.00163883 0.0013805 0.00113889 0.00089058 0.000710408 0.000549013 0.000360718 0.000162476 -5.11323e-06 -5.74409e-05 -0.000201365 -0.000269951 -0.000391822 -0.000438406 -0.000549185 -0.000530025 -0.00053067 -0.000555147 -0.000601015 -0.000601844 -0.000624109 -0.000665628 -0.000637681 -0.000655917 -0.00057131 -0.000610389 -0.000594566 -0.000564452 -0.000585636 -0.000592237 -0.000602997 -0.000521553 -0.000551427
1.93182 0.00166173 0.000945817 0.000363623 -0.000179926 -0.000466773 -0.000548485 -0.000559575 -0.000445658 -0.000306778 -0.000519547 -0.00109175 -0.00179362 -0.00254653 -0.00392257 -0.0053416 -0.00710212 -0.00926135 -0.0117575 -0.014516 -0.0175137 -0.0209335 -0.0241603 -0.0274624 -0.0305575 -0.0331616 -0.0349365 -0.0356431 -0.0350009 -0.0325087 -0.0285358 -0.0231785 -0.0169486 -0.00978909 -0.00250489 0.00441755 0.0104758 0.0155458 0.0194304 0.0223005 0.023991 0.0248137 0.0249591 0.0244515 0.0235319 0.0224355 0.0213545 0.0202927 0.0194582 0.0187734 0.0181813 0.0174854 0.0167616 0.015833 0.0147723 0.0136873 0.0124955 0.0113498 0.0101813 0.00908998 0.00803311 0.00710519 0.0062468 0.0054646 0.00481379 0.0042009 0.00366331 0.00316657 0.00274554 0.00239172 0.00205552 0.00179197 0.00155414 0.00130692 0.00107996 0.00090824 0.00075142 0.000538061 0.000429978 0.000245305 0.000190166 6.52429e-05 4.61981e-06 -6.90826e-05 -0.000144539 -0.000164528 -0.000203841 -0.000206355 -0.000244683 -0.000255298 -0.000326581 -0.000358899 -0.00035295 -0.000363129 -0.000368198 -0.000412263 -0.000423554 -0.000386897 -0.000417483 -0.00041963 -0.000450633 -0.000414122 -0.00045614
2 0.00169207 0.00119873 0.000680355 0.00020585 -9.87136e-05 -0.000351323 -0.000355606 -0.000340537 -0.000362639 -0.000584257 -0.00115876 -0.00169797 -0.00245708 -0.0037281 -0.00510001 -0.00693738 -0.00901059 -0.0113837 -0.0142482 -0.0173206 -0.0207662 -0.024126 -0.0276258 -0.0307067 -0.033304 -0.0351917 -0.0359613 -0.0352695 -0.0327201 -0.0287478 -0.0234973 -0.0170116 -0.00993609 -0.00257794 0.00428814 0.0104675 0.0155127 0.0194673 0.0222585 0.0239576 0.0246392 0.0247666 0.0242456 0.0233593 0.0222838 0.02115 0.0200548 0.0192342 0.0184561 0.0177722 0.017084 0.0163357 0.0153491 0.0143273 0.0131229 0.011968 0.0107713 0.00958885 0.008496 0.00747111 0.00650185 0.00566918 0.0048872 0.00424257 0.00364637 0.00318975 0.00268616 0.00227322 0.00193521 0.00162238 0.0014308 0.00116822 0.000945905 0.000784744 0.000588283 0.000463521 0.000299212 0.000161379 4.61777e-05 -5.20557e-05 -8.41324e-05 -0.000198103 -0.000294292 -0.000326723 -0.000306962 -0.000357018 -0.000357504 -0.000367027 -0.000364156 -0.00036069 -0.000453865 -0.00042754 -0.000455816 -0.000409879 -0.000420456 -0.000407358 -0.000396791 -0.000392579 -0.000413659 -0.000410358 -0.000374265 -0.000394573
4 0.000979624 0.000562288 -2.42402e-05 -0.000426899 -0.000852326 -0.00109614 -0.00111031 -0.00112311 -0.00101251 -0.00123478 -0.00173974 -0.00224808 -0.00287285 -0.00391555 -0.00494543 -0.00638369 -0.00795233 -0.00980276 -0.011975 -0.0143631 -0.0169537 -0.0194824 -0.0221446 -0.0243668 -0.0262301 -0.0273599 -0.0277496 -0.0267529 -0.0243544 -0.0208351 -0.0162171 -0.0108993 -0.00505658 0.000875288 0.00618026 0.010928 0.0145262 0.0172851 0.0190259 0.0200044 0.0202181 0.0200358 0.0193152 0.0184476 0.017397 0.0164409 0.015499 0.0147499 0.0140879 0.0134562 0.0127332 0.0120604 0.0111578 0.0101832 0.00914407 0.00819127 0.00721465 0.00633132 0.00548343 0.00473696 0.00404034 0.0034312 0.0028945 0.00242836 0.0019872 0.00168947 0.00132387 0.00107214 0.00088914 0.000674378 0.000523347 0.000385823 0.000207886 0.000103309 -1.22368e-05 -0.000109261 -0.000226941 -0.000346709 -0.000387404 -0.000410898 -0.000489279 -0.000560829 -0.000614598 -0.000644495 -0.000650744 -0.000642206 -0.000649674 -0.000660254 -0.000647819 -0.000696963 -0.000732263 -0.000727083 -0.000736715 -0.000701532 -0.000723465 -0.000711555 -0.000704311 -0.000725896 -0.00072442 -0.000733315 -0.000663473 -0.000653094
6 0.000308316 0.000113951 -0.000196999 -0.000463069 -0.000533212 -0.000464171 -0.000241294 0.000130577 0.000497557 0.000516623 0.000239299 -0.000239844 -0.00092 -0.00183684 -0.00293515 -0.00421655 -0.00563574 -0.00714092 -0.00886934 -0.0107112 -0.012683 -0.0144909 -0.0163864 -0.0179559 -0.0191722 -0.0197927 -0.0197969 -0.018692 -0.0165449 -0.0134184 -0.00963416 -0.00532792 -0.000799599 0.00377648 0.00777372 0.0111889 0.0138304 0.0156818 0.0167432 0.0172265 0.0172073 0.0168721 0.0161905 0.0154499 0.0145251 0.0137992 0.0130865 0.0125892 0.0119857 0.0114828 0.01096 0.0103945 0.00972556 0.0089727 0.00827654 0.00753778 0.00686027 0.00621853 0.00560912 0.00509589 0.00457429 0.00415361 0.0037514 0.00341957 0.00311372 0.0029067 0.00261466 0.00236736 0.00219317 0.00203437 0.00182584 0.00172684 0.00159938 0.00144317 0.00135648 0.00123914 0.00109937 0.00105548 0.00095785 0.000897322 0.000834916 0.000800539 0.000753171 0.000686019 0.000723555 0.000701485 0.00066174 0.00067159 0.000644083 0.000653172 0.000610906 0.00063884 0.00064066 0.000644386 0.000621315 0.000660032 0.000685462 0.000656317 0.000654176 0.000649735 0.000732142 0.000701645
8 -0.000867662 -0.00136321 -0.00182976 -0.00200718 -0.0019514 -0.00181826 -0.00155204 -0.00120518 -0.00112442 -0.00105371 -0.00117078 -0.00148899 -0.00193517 -0.0025792 -0.00342358 -0.00440308 -0.00549676 -0.00682291 -0.00827801 -0.0097648 -0.0113811 -0.0130425 -0.0145471 -0.0158288 -0.0168812 -0.0173977 -0.0173109 -0.0164371 -0.0146668 -0.0119617 -0.00896854 -0.00539915 -0.00173166 0.00198315 0.005184 0.00780647 0.00995492 0.0113596 0.0121504 0.0125575 0.0125787 0.0122701 0.0117778 0.0111502 0.0105873 0.00996154 0.00940256 0.00896213 0.0084779 0.00805277 0.00753039 0.00695705 0.00632106 0.00563127 0.00504199 0.00432594 0.00380585 0.00324867 0.00275352 0.00233689 0.00187296 0.00154808 0.0012143 0.0010134 0.000768312 0.000567409 0.000370682 0.00018688 5.81377e-05 -0.000113028 -0.000126976 -0.000225759 -0.000319249 -0.00042126 -0.000513354 -0.000558983 -0.000645118 -0.00070592 -0.000749225 -0.00080237 -0.000805654 -0.000872263 -0.000897336 -0.000916056 -0.000899352 -0.000868509 -0.000880395 -0.000889592 -0.000853305 -0.000860145 -0.000899407 -0.000834136 -0.000864752 -0.000799226 -0.000825584 -0.00082275 -0.000783556 -0.000827341 -0.00082627 -0.000818955 -0.000749976 -0.000806797
10 -0.00131459 -0.00194759 -0.00264982 -0.00300577 -0.00311641 -0.00299835 -0.00267286 -0.00230835 -0.00202741 -0.00186014 -0.00195253 -0.00221814 -0.00258853 -0.00322757 -0.00394744 -0.00469556 -0.00558543 -0.00665352 -0.00765567 -0.00884814 -0.0100063 -0.011063 -0.0122364 -0.0129326 -0.0137359 -0.0139468 -0.0138614 -0.0129624 -0.011539 -0.00936477 -0.00701868 -0.00435221 -0.00155472 0.00121207 0.00363178 0.00560552 0.00711128 0.00819999 0.00884985 0.0091529 0.00919581 0.00900407 0.00864448 0.00829542 0.00784358 0.00744159 0.00705173 0.00679809 0.0064732 0.00610558 0.00574137 0.00534248 0.00482058 0.00432171 0.00376253 0.0032839 0.00287001 0.00246606 0.00207356 0.00175156 0.00142249 0.00117801 0.00093327 0.000734317 0.000567172 0.000412884 0.000253067 0.000217821 3.86457e-05 -8.32046e-05 -0.000112553 -0.00020296 -0.000282052 -0.000325995 -0.000399815 -0.000390194 -0.000526824 -0.00050868 -0.000566316 -0.000597965 -0.000593795 -0.00064988 -0.000674006 -0.000696438 -0.0006408 -0.000645339 -0.000663035 -0.000645732 -0.000645136 -0.000634095 -0.000637199 -0.0006328 -0.000610842 -0.000608512 -0.000569478 -0.000600561 -0.000563058 -0.000591663 -0.000562811 -0.000611624 -0.00054102 -0.000583035
12 -0.000776332 -0.00153634 -0.00227482 -0.00277359 -0.00308567 -0.00313338 -0.00299506 -0.00275021 -0.00251233 -0.00248408 -0.00274398 -0.00292066 -0.00307594 -0.00358321 -0.00410415 -0.00469318 -0.00536875 -0.00616031 -0.00694918 -0.00790209 -0.0088428 -0.00973804 -0.0106014 -0.0113297 -0.0119159 -0.0122511 -0.0121783 -0.0114775 -0.0103096 -0.00857153 -0.00663181 -0.00443877 -0.00217766 8.66113e-05 0.00203534 0.00370942 0.00492182 0.00584576 0.00643912 0.00677355 0.00684034 0.00676893 0.00656994 0.00631276 0.00601766 0.005788 0.00545567 0.00525872 0.00495543 0.00463727 0.00430664 0.00390057 0.00337073 0.00282269 0.00237705 0.00186868 0.00147208 0.00102736 0.000678627 0.000372311 8.12042e-05 -0.000215234 -0.000390034 -0.000564879 -0.000734169 -0.000842999 -0.000994795 -0.00109007 -0.00115221 -0.0012629 -0.00124318 -0.00132909 -0.00140126 -0.00144415 -0.00145474 -0.00150887 -0.00155997 -0.00160268 -0.00160498 -0.00163472 -0.00164122 -0.00167809 -0.00170208 -0.00171218 -0.00167268 -0.00169011 -0.00170805 -0.00163878 -0.00164708 -0.00168243 -0.00170038 -0.00165644 -0.00169736 -0.00162557 -0.0016623 -0.00163168 -0.00161539 -0.00164966 -0.00164963 -0.00168131 -0.00158521 -0.00162691
14 -0.00159261 -0.00182405 -0.00203283 -0.00253072 -0.00290486 -0.00299408 -0.00290744 -0.00274441 -0.00261662 -0.00248184 -0.00257912 -0.00265835 -0.00281816 -0.00315527 -0.0036065 -0.00402194 -0.004594 -0.00519802 -0.00590793 -0.0066573 -0.00748413 -0.0081889 -0.00900149 -0.00956231 -0.0100722 -0.0102033 -0.0102233 -0.00971494 -0.00874131 -0.00737841 -0.00581638 -0.00397678 -0.00211695 -0.000164007 0.00144996 0.0027724 0.00391125 0.00472122 0.00529339 0.00567675 0.00575077 0.00578786 0.00570308 0.00558504 0.00536364 0.00517754 0.00498102 0.00479446 0.00460424 0.00431267 0.00396675 0.00362219 0.00311317 0.00263818 0.00218055 0.0017417 0.00133618 0.00096167 0.00065848 0.000389242 0.000112725 -0.000108436 -0.000289255 -0.000396716 -0.000538984 -0.000596653 -0.000748036 -0.000832015 -0.000886172 -0.000922641 -0.000934333 -0.00100443 -0.00104218 -0.00105549 -0.00108126 -0.00110503 -0.00113215 -0.00119156 -0.00118119 -0.00121437 -0.00121203 -0.00124473 -0.00122626 -0.00122367 -0.00119731 -0.00119555 -0.00119378 -0.00119235 -0.00116177 -0.00115715 -0.0012052 -0.00115538 -0.00117612 -0.00110305 -0.00112268 -0.00112781 -0.00108177 -0.0011045 -0.00107501 -0.00110043 -0.00105787 -0.00107933
16 -0.000611631 -0.00105986 -0.0013802 -0.00161972 -0.00164632 -0.00154397 -0.00138306 -0.00123978 -0.00110525 -0.00113355 -0.00127376 -0.0014008 -0.00153661 -0.00192032 -0.00223522 -0.00267707 -0.00305582 -0.00360828 -0.00405631 -0.00465193 -0.0051607 -0.00569024 -0.00613006 -0.00654658 -0.00695164 -0.00713042 -0.00710647 -0.00672165 -0.0058528 -0.00485385 -0.00370915 -0.00240765 -0.000894247 0.000499421 0.00177863 0.00273392 0.0035482 0.0042403 0.00468787 0.00489583 0.00503987 0.00505105 0.00505303 0.00493928 0.00482066 0.00471399 0.00455232 0.00446654 0.00426017 0.0040395 0.00369937 0.00342992 0.00301164 0.00259165 0.00218204 0.00175492 0.00139944 0.00103971 0.00076035 0.000509075 0.000245152 4.11422e-05 -0.000137437 -0.000253968 -0.000411106 -0.000482447 -0.000603996 -0.000668898 -0.000756062 -0.000821119 -0.000852502 -0.000884581 -0.000926306 -0.000975444 -0.000993498 -0.0010237 -0.00106221 -0.00110419 -0.00110475 -0.00110442 -0.00111346 -0.00115991 -0.00116758 -0.00118126 -0.00112587 -0.0011771 -0.0011306 -0.0011325 -0.00112985 -0.00109375 -0.00115307 -0.00113497 -0.00113182 -0.00110399 -0.0011558 -0.00115092 -0.00110778 -0.00112419 -0.00115419 -0.00120424 -0.00112394 -0.00115827
18 9.03733e-05 -0.000272319 -0.000601117 -0.000667619 -0.000816194 -0.000857634 -0.000871712 -0.000961983 -0.000914312 -0.00102829 -0.00129142 -0.00146282 -0.00155229 -0.00178775 -0.0019486 -0.00228269 -0.00249552 -0.00272736 -0.0031269 -0.00351965 -0.00399205 -0.00434705 -0.00494631 -0.00530458 -0.00563647 -0.00591063 -0.00603125 -0.00575359 -0.00514702 -0.00426881 -0.00348334 -0.00240029 -0.00121494 -5.11302e-05 0.000992696 0.00186379 0.00257928 0.00312473 0.00360397 0.00395395 0.00408079 0.00420566 0.00429622 0.00436334 0.00426696 0.00426796 0.00421504 0.00414596 0.00396368 0.00379587 0.0035075 0.00324831 0.0028227 0.00239528 0.0020288 0.00166642 0.00132923 0.00098245 0.000668086 0.00045371 0.000180347 -1.74577e-05 -0.000207756 -0.000292088 -0.000438357 -0.000520498 -0.000633369 -0.000685819 -0.000765128 -0.000852392 -0.000864414 -0.00088223 -0.00093755 -0.00099286 -0.000997204 -0.00105354 -0.00109038 -0.00110983 -0.00111636 -0.00116663 -0.00115031 -0.00117848 -0.00120317 -0.00117794 -0.00118867 -0.00115662 -0.00113105 -0.00110612 -0.00113606 -0.00113873 -0.00115704 -0.00113298 -0.00110302 -0.00108135 -0.0011146 -0.00107634 -0.00109005 -0.00110766 -0.0010924 -0.00109319 -0.00106321 -0.00111651
20 -0.000448717 -0.000878884 -0.00112919 -0.00113582 -0.00109737 -0.00094616 -0.000736727 -0.000592842 -0.000484739 -0.000481508 -0.000421797 -0.000536993 -0.000699427 -0.000943685 -0.0012253 -0.00161305 -0.00185461 -0.00238658 -0.00266661 -0.00314949 -0.00354167 -0.00397999 -0.00432829 -0.00458768 -0.00489599 -0.00506701 -0.00503869 -0.00482617 -0.00411774 -0.00335288 -0.00248227 -0.00158422 -0.000510806 0.000525786 0.0014208 0.00214862 0.00282863 0.00331181 0.00379238 0.0041296 0.00431747 0.00440759 0.00451269 0.00456466 0.00448791 0.00450435 0.00447875 0.00444255 0.004291 0.0040881 0.00382258 0.00355245 0.00318202 0.00278123 0.002414 0.00207653 0.00177489 0.00146794 0.00119726 0.00099812 0.000804287 0.000647266 0.000461252 0.000386589 0.000272986 0.000204133 9.09352e-05 4.81528e-05 -4.98429e-06 -9.0773e-05 -0.000100327 -0.000129456 -0.000210651 -0.000225694 -0.000268988 -0.000283324 -0.0003476 -0.00039229 -0.000438041 -0.000440146 -0.000481025 -0.000495397 -0.000541363 -0.000534509 -0.00051731 -0.000544638 -0.000556605 -0.000533353 -0.000552405 -0.000564189 -0.000594071 -0.000567851 -0.000599075 -0.000563596 -0.000594136 -0.000581762 -0.000603025 -0.00061794 -0.000612277 -0.00064824 -0.000607332 -0.000576194
22 -0.00184662 -0.0025155 -0.00311853 -0.00359876 -0.00391016 -0.00396494 -0.00384802 -0.00357452 -0.00332147 -0.00318735 -0.00323037 -0.00327505 -0.00330597 -0.00353793 -0.00375973 -0.00406402 -0.00432511 -0.00463283 -0.00500285 -0.00538754 -0.00575674 -0.00599425 -0.00638605 -0.00656076 -0.00672501 -0.00680432 -0.00682665 -0.0064384 -0.00577844 -0.00507343 -0.00436138 -0.00347818 -0.00252548 -0.00161472 -0.000784009 -0.000177909 0.000383099 0.000908272 0.00125708 0.00157685 0.00179263 0.00195815 0.00207134 0.00218299 0.00222031 0.00227919 0.00217475 0.00222668 0.00213225 0.00196077 0.00173556 0.00156744 0.00113129 0.000810562 0.000492854 0.000173895 -0.00010934 -0.000350339 -0.000574867 -0.000756397 -0.000976181 -0.00112215 -0.00125212 -0.00134838 -0.00138275 -0.00146064 -0.00153328 -0.00158348 -0.00163911 -0.00171592 -0.00170838 -0.00174103 -0.00179229 -0.00186893 -0.00187419 -0.00189358 -0.00196 -0.00199122 -0.00199378 -0.00203298 -0.00204996 -0.00206151 -0.00212205 -0.0021365 -0.00211392 -0.00208843 -0.00213612 -0.00212157 -0.00211864 -0.00210803 -0.00214209 -0.00216149 -0.00213647 -0.00211773 -0.00214614 -0.00210861 -0.00211661 -0.00211734 -0.00215739 -0.00218987 -0.00212957 -0.00211086
24 -0.00133127 -0.00197382 -0.00268417 -0.00311705 -0.00335185 -0.00328685 -0.00319444 -0.00280758 -0.00249099 -0.0023514 -0.00235348 -0.00242081 -0.0025345 -0.00281413 -0.0030795 -0.00336576 -0.00364186 -0.00400455 -0.0042953 -0.00450451 -0.00478775 -0.00498227 -0.00515021 -0.00526046 -0.00523834 -0.00528747 -0.00528164 -0.00492519 -0.00440124 -0.0035856 -0.00311922 -0.00244841 -0.00149653 -0.000821916 -0.000139062 0.000379758 0.000805731 0.00128585 0.00166752 0.00190345 0.00209107 0.00237988 0.00245246 0.0025983 0.00262722 0.00274756 0.00274283 0.00279905 0.00269715 0.00258735 0.00240135 0.00228234 0.00191416 0.00159414 0.00135849 0.00107989 0.000839394 0.000579425 0.000426828 0.000260882 3.44924e-05 -5.65163e-05 -0.00020452 -0.000243135 -0.000339024 -0.000399627 -0.000496065 -0.000542582 -0.000613466 -0.000660906 -0.000679967 -0.000705786 -0.000793113 -0.00077759 -0.000824856 -0.000882863 -0.000897932 -0.000951488 -0.000950407 -0.00098535 -0.000998727 -0.00105641 -0.00105095 -0.00105668 -0.00104451 -0.00104264 -0.00103551 -0.00105752 -0.00103844 -0.00104822 -0.00106472 -0.0010284 -0.00105558 -0.00103283 -0.00106325 -0.00104189 -0.00102809 -0.00104639 -0.00105684 -0.00106771 -0.00102161 -0.00104734
26 -0.00084965 -0.00138865 -0.0018133 -0.00219832 -0.00212671 -0.00208242 -0.00177113 -0.00159778 -0.00136555 -0.00132176 -0.00140072 -0.00151377 -0.00160784 -0.00188907 -0.00207145 -0.00240012 -0.00257102 -0.00288534 -0.00306745 -0.00339519 -0.0036202 -0.00380473 -0.00397916 -0.00411235 -0.00417818 -0.00416018 -0.00414891 -0.00383314 -0.0035546 -0.00291067 -0.00233535 -0.00169557 -0.00104492 -0.000408899 0.000275407 0.000702906 0.00121124 0.00159769 0.00199314 0.00233062 0.002561 0.00279917 0.00296 0.00320038 0.00326989 0.00343152 0.00342186 0.00344811 0.00337725 0.00321768 0.00304834 0.00292455 0.00258119 0.00228073 0.0019477 0.00167414 0.00145587 0.00121121 0.000962167 0.000874863 0.000666878 0.000510402 0.000410722 0.000384734 0.000285101 0.000227325 0.00013146 9.46678e-05 1.43068e-05 -5.30805e-05 -5.64092e-05 -0.000112657 -0.000175145 -0.000210421 -0.000232949 -0.000255686 -0.000318944 -0.000364643 -0.000413886 -0.000424774 -0.000470964 -0.000498101 -0.000577912 -0.000571633 -0.000543387 -0.000574284 -0.000576485 -0.000554722 -0.000627269 -0.000622484 -0.00066597 -0.000649465 -0.00068592 -0.000632331 -0.000660774 -0.000677095 -0.000627769 -0.000662314 -0.000671085 -0.000709157 -0.000658886 -0.000679227
28 -0.000398761 -0.00107613 -0.00168363 -0.00206074 -0.00215605 -0.00224333 -0.00217853 -0.00213695 -0.00213378 -0.00229842 -0.00253824 -0.00267994 -0.00268544 -0.00294347 -0.00305039 -0.00311854 -0.00326193 -0.00339975 -0.00347433 -0.00368532 -0.00383784 -0.003958 -0.00408135 -0.00421999 -0.00424709 -0.00435439 -0.0044686 -0.00431084 -0.00406367 -0.00352375 -0.0031405 -0.00267568 -0.0021903 -0.00159221 -0.00107176 -0.000570089 -0.00020819 0.00025892 0.000612369 0.000984179 0.00127144 0.00153122 0.00169175 0.00190402 0.00206527 0.0021891 0.00216388 0.00223983 0.00214031 0.00192695 0.00177098 0.00154724 0.00110793 0.000739943 0.000346103 3.96455e-05 -0.000285949 -0.000600001 -0.000840982 -0.00109248 -0.00127572 -0.00148122 -0.00160729 -0.00170151 -0.00180652 -0.00187406 -0.00193953 -0.00198017 -0.00203577 -0.00207978 -0.00205205 -0.00207183 -0.00212423 -0.00214807 -0.00211367 -0.00211906 -0.002147 -0.00218965 -0.00214836 -0.00217389 -0.00214003 -0.00220055 -0.00219719 -0.00223987 -0.00214085 -0.00217604 -0.00215636 -0.00214074 -0.0021254 -0.00215444 -0.00217243 -0.00215949 -0.00217173 -0.00215129 -0.00215529 -0.00215278 -0.00211798 -0.00217394 -0.00217108 -0.00220919 -0.00215146 -0.00214346
30 -0.000723846 -0.0016289 -0.00232029 -0.00277722 -0.00302731 -0.00263535 -0.00243767 -0.00199964 -0.00174512 -0.0016628 -0.00195919 -0.00216276 -0.00230603 -0.00273915 -0.00298169 -0.00324468 -0.00347649 -0.00366077 -0.00373242 -0.00388075 -0.00395285 -0.00385388 -0.00378713 -0.00363805 -0.00364747 -0.0034495 -0.00342666 -0.00320145 -0.00290702 -0.00234813 -0.00204783 -0.00176314 -0.00137258 -0.000859442 -0.000519955 -0.000236329 3.54482e-05 0.000287178 0.000643818 0.000933107 0.00116352 0.00139385 0.00162124 0.00185337 0.00200753 0.00228623 0.0023164 0.0024893 0.00243988 0.00247548 0.00231881 0.00223324 0.00198788 0.00173545 0.00150832 0.00131779 0.00114484 0.000947649 0.000768198 0.000657035 0.000521122 0.000447774 0.000329283 0.000239288 0.000177924 0.000120327 8.76503e-06 -6.38729e-05 -0.000128541 -0.000207634 -0.00019273 -0.000239554 -0.00033021 -0.000360966 -0.000433632 -0.000458569 -0.000522264 -0.000546269 -0.000566994 -0.000588882 -0.000621334 -0.000636746 -0.000679373 -0.000725614 -0.000697537 -0.000736321 -0.000713322 -0.000722162 -0.000739547 -0.0007181 -0.000783866 -0.000755455 -0.000779576 -0.000703538 -0.000783601 -0.000807973 -0.000786232 -0.000815998 -0.000860207 -0.00086522 -0.000806069 -0.000863116
32 -0.00196111 -0.00245743 -0.00287043 -0.00338279 -0.00355675 -0.00359669 -0.00354569 -0.00331829 -0.00318221 -0.00314278 -0.00315485 -0.00327757 -0.00332543 -0.00346699 -0.00364739 -0.00380964 -0.00396871 -0.00411027 -0.00415955 -0.00440261 -0.00446572 -0.00451465 -0.00454651 -0.00453065 -0.00453549 -0.00445648 -0.0044599 -0.00421419 -0.00378489 -0.00356951 -0.00312732 -0.00277602 -0.00225625 -0.00171266 -0.00130497 -0.000919581 -0.000536004 -0.000157198 0.000196865 0.000621783 0.000824406 0.00115516 0.00145649 0.00164711 0.00182466 0.00197183 0.00206299 0.00215229 0.00212088 0.00199274 0.0018148 0.0015968 0.00130638 0.000933856 0.00065286 0.000374754 0.000105463 -0.000116253 -0.000336377 -0.000469723 -0.00066201 -0.000780312 -0.000894866 -0.000971535 -0.00100461 -0.00103456 -0.00113193 -0.00115514 -0.00120877 -0.00125845 -0.00123691 -0.00123518 -0.00127935 -0.00130625 -0.00132719 -0.00133841 -0.00135307 -0.00139374 -0.00138701 -0.00139869 -0.00136932 -0.00143035 -0.00140575 -0.00143689 -0.00140062 -0.00137642 -0.00136293 -0.00136187 -0.00135456 -0.00136658 -0.00141283 -0.00138107 -0.00137056 -0.00134683 -0.00134421 -0.00133815 -0.00132221 -0.00135728 -0.00138243 -0.00133733 -0.00131718 -0.00131578
34 -0.000877814 -0.00135086 -0.00211878 -0.0024596 -0.0027814 -0.00276008 -0.00266698 -0.00245828 -0.00224354 -0.00215142 -0.00229766 -0.00242147 -0.00251239 -0.00264567 -0.00279444 -0.00309063 -0.00319351 -0.00331096 -0.00349024 -0.00359897 -0.00370315 -0.0037379 -0.00369924 -0.00370673 -0.0037306 -0.00371295 -0.003669 -0.00355864 -0.00326612 -0.00273734 -0.00256082 -0.00231881 -0.00190647 -0.00143921 -0.00103206 -0.000723053 -0.00042297 -8.74736e-05 0.000300607 0.000640458 0.000870485 0.00117185 0.00143378 0.0016521 0.00184127 0.00199224 0.00207767 0.00216384 0.00214344 0.00208429 0.00194261 0.00172619 0.0014227 0.00111365 0.00082548 0.00058177 0.000364435 9.14447e-05 -0.000103971 -0.000256424 -0.000424652 -0.000539741 -0.000647369 -0.000712356 -0.000779615 -0.000825142 -0.00089397 -0.000965045 -0.00101473 -0.00106136 -0.00103147 -0.00105274 -0.00113395 -0.00116746 -0.00120298 -0.00122819 -0.00128267 -0.00131676 -0.00131175 -0.00135555 -0.00133305 -0.00142269 -0.00141419 -0.00144415 -0.00141221 -0.0014007 -0.00144237 -0.00141687 -0.00145027 -0.00145518 -0.00149384 -0.00150171 -0.00151242 -0.00150727 -0.00149141 -0.00151807 -0.00151656 -0.00152357 -0.00157297 -0.00158806 -0.00153119 -0.00154958
36 0.000805843 0.000284048 -0.000395951 -0.000822932 -0.00109082 -0.00108521 -0.00118358 -0.00123388 -0.00110601 -0.00122106 -0.00164689 -0.00176572 -0.00176533 -0.00208945 -0.00205766 -0.00220878 -0.00223738 -0.0023546 -0.00254462 -0.00258589 -0.00266837 -0.00274226 -0.00294589 -0.00295298 -0.00312226 -0.00323746 -0.0033406 -0.00331891 -0.00302544 -0.00283684 -0.00242916 -0.0020063 -0.00162897 -0.00125647 -0.000773788 -0.000449535 -9.24815e-05 0.000326068 0.000719434 0.00107772 0.00142657 0.00172407 0.00197177 0.00224493 0.00236874 0.00262727 0.00270325 0.00275269 0.00266951 0.00251376 0.00233676 0.00209964 0.00176935 0.00138508 0.00101807 0.00072379 0.000422279 0.000115839 -0.000142245 -0.000305821 -0.000505915 -0.000673869 -0.000789948 -0.000851214 -0.000951249 -0.000969717 -0.00102577 -0.00103873 -0.00105052 -0.0010885 -0.00102839 -0.0010812 -0.00109742 -0.00108712 -0.0011017 -0.00109175 -0.00115563 -0.00117159 -0.00114117 -0.0011215 -0.00111388 -0.00115721 -0.00118314 -0.00117839 -0.00115911 -0.00118315 -0.00114662 -0.00116291 -0.00119628 -0.00119764 -0.00125179 -0.0012484 -0.00124909 -0.00119132 -0.00123999 -0.00125065 -0.00124332 -0.00126646 -0.00127919 -0.00129193 -0.0012693 -0.00124503
38 -0.00112487 -0.00149931 -0.00162806 -0.00154606 -0.00138347 -0.00121927 -0.000922088 -0.000795641 -0.000618025 -0.000506964 -0.000473884 -0.000702499 -0.000902749 -0.00105964 -0.00131739 -0.00151408 -0.00167934 -0.00175434 -0.00185155 -0.00184084 -0.00185279 -0.00178266 -0.00167391 -0.00144645 -0.00149252 -0.00135011 -0.0013736 -0.0011381 -0.00082784 -0.00054875 -0.000358606 -6.28696e-05 0.000151119 0.0005342 0.000720908 0.0009772 0.00127276 0.00154642 0.00185283 0.00208431 0.00226067 0.00255391 0.00275007 0.00299148 0.00314399 0.00333198 0.00344026 0.00353997 0.00347593 0.00344601 0.00332207 0.00307514 0.00281866 0.00255783 0.00230882 0.00207665 0.0018591 0.00164466 0.00146305 0.00133237 0.00114276 0.0010082 0.000932305 0.00084935 0.000767192 0.000682749 0.000610284 0.000540592 0.000490433 0.000404906 0.000367354 0.000361305 0.00027547 0.000231116 0.000178274 0.000163078 9.76315e-05 7.82226e-05 5.36651e-05 1.74024e-05 1.8307e-05 -9.43948e-06 -5.62567e-05 -3.94585e-05 -3.17522e-05 -3.1312e-06 -2.68733e-05 -5.18614e-07 -5.17276e-05 -2.34743e-05 -6.7786e-05 -5.42835e-05 -5.01756e-05 -2.14461e-05 -4.56838e-05 -3.09748e-05 -1.05694e-05 2.10092e-05 -3.48303e-05 -4.45862e-05 -2.11583e-05 -5.27075e-05
40 -0.00147354 -0.00184254 -0.00204829 -0.00223092 -0.00239224 -0.0023959 -0.00238198 -0.00213814 -0.00201472 -0.00181704 -0.00171302 -0.00177748 -0.00184115 -0.00185988 -0.00206621 -0.00224591 -0.00239071 -0.00248612 -0.00253503 -0.00271805 -0.002692 -0.00275952 -0.0027091 -0.00269399 -0.00265169 -0.0027041 -0.0026446 -0.00242181 -0.00229236 -0.00193298 -0.0016928 -0.00139232 -0.00111659 -0.00073261 -0.000420289 -4.70644e-05 0.000213113 0.000531917 0.000839323 0.00122256 0.00142814 0.00174236 0.00200854 0.00220041 0.00236821 0.00259341 0.00263293 0.00273226 0.00269711 0.00258707 0.00238796 0.00217145 0.00194549 0.00160046 0.00133671 0.00103932 0.000841471 0.000599318 0.000407154 0.000285033 0.000107355 -3.1939e-05 -0.000142459 -0.000174444 -0.000223761 -0.000282871 -0.000380245 -0.000385962 -0.000454828 -0.000490335 -0.000482709 -0.000487841 -0.000522469 -0.000549937 -0.00060239 -0.000584664 -0.000651927 -0.000657563 -0.00068291 -0.000663915 -0.000644026 -0.000670619 -0.000703789 -0.000734815 -0.000654692 -0.000643829 -0.000664084 -0.00064305 -0.000651979 -0.000651765 -0.000681142 -0.000648126 -0.000652451 -0.000628565 -0.000655894 -0.00061608 -0.000612937 -0.000609359 -0.000638769 -0.000615988 -0.000570344 -0.00059709
42 5.8681e-05 -0.000360139 -0.000693475 -0.000996977 -0.00121757 -0.00137759 -0.00151025 -0.00158141 -0.00164449 -0.00181328 -0.00207061 -0.00215189 -0.00215046 -0.00223436 -0.00227931 -0.0023108 -0.00227837 -0.00238432 -0.00245401 -0.00251057 -0.00257781 -0.00262325 -0.0027573 -0.00278619 -0.00290986 -0.0029594 -0.00308645 -0.00307331 -0.00308369 -0.00289305 -0.00268041 -0.00247642 -0.00213076 -0.00174447 -0.00142002 -0.00107198 -0.00065934 -0.000284732 0.000127566 0.000491741 0.000856123 0.00122361 0.00152414 0.00178986 0.00198236 0.002208 0.0021811 0.00236688 0.00226903 0.00212366 0.00189767 0.00165456 0.00125116 0.000922793 0.000529056 0.000235162 -7.35428e-05 -0.000410593 -0.000669152 -0.000875879 -0.00103887 -0.00121902 -0.00133005 -0.00138747 -0.00147707 -0.0015238 -0.00157914 -0.00158681 -0.0015988 -0.00166116 -0.00157397 -0.00156369 -0.0015889 -0.00158954 -0.00161204 -0.00160872 -0.00161106 -0.00161892 -0.00159731 -0.00157763 -0.00156558 -0.00153403 -0.0016043 -0.00161571 -0.00161348 -0.00155923 -0.00155549 -0.0015987 -0.00157506 -0.00162553 -0.00164236 -0.00162082 -0.00165699 -0.0016115 -0.00166605 -0.00161327 -0.0015885 -0.00165687 -0.00166982 -0.00168137 -0.00162008 -0.00162439
44 -1.36083e-05 -0.000233493 -0.000265337 -0.000370461 -0.000445886 -0.000497784 -0.000502786 -0.00066213 -0.000965802 -0.00114925 -0.00124962 -0.00137788 -0.00134817 -0.00139837 -0.00139968 -0.00134357 -0.00140865 -0.00142613 -0.00143039 -0.00154436 -0.00155959 -0.0016756 -0.00181058 -0.00187297 -0.00202225 -0.00215412 -0.00246949 -0.00244929 -0.00251423 -0.00221019 -0.00224697 -0.00195346 -0.00166236 -0.00132656 -0.000961757 -0.00065302 -0.000305327 3.92209e-05 0.000470977 0.000776592 0.00112696 0.00149771 0.00174092 0.00203175 0.00219616 0.00242584 0.00248993 0.00252412 0.00243515 0.00225857 0.00203968 0.00181671 0.00142598 0.00105253 0.000655035 0.000345887 1.76177e-05 -0.000279358 -0.000521732 -0.000745202 -0.000946316 -0.00110707 -0.0012239 -0.00124081 -0.00134153 -0.00138386 -0.001441 -0.00142908 -0.00143675 -0.00146821 -0.00143354 -0.00143137 -0.00148871 -0.00147891 -0.00144586 -0.00143905 -0.00141215 -0.00143569 -0.00141164 -0.00139826 -0.0013688 -0.00139873 -0.00139212 -0.0013719 -0.00132695 -0.00133122 -0.00132667 -0.00129182 -0.00128245 -0.00131105 -0.00132672 -0.00128785 -0.00131864 -0.00127272 -0.00127916 -0.00128109 -0.00125539 -0.00127421 -0.00128557 -0.00129553 -0.00121885 -0.00125588
46 -0.00189279 -0.00212842 -0.00250035 -0.00280341 -0.0029494 -0.00298795 -0.00305132 -0.0029163 -0.00284704 -0.00290997 -0.00291404 -0.00302839 -0.00300524 -0.00307419 -0.00319339 -0.00326237 -0.00330698 -0.00342553 -0.00347368 -0.00347744 -0.00351213 -0.00356069 -0.00354198 -0.00352975 -0.00346871 -0.00350408 -0.00364351 -0.00345243 -0.00337139 -0.0029554 -0.00281041 -0.00256283 -0.0022209 -0.00182648 -0.00149794 -0.001162 -0.000893992 -0.000520784 -0.00018356 0.000235736 0.000541513 0.000872341 0.0011553 0.00141685 0.0015837 0.0017978 0.00186167 0.00195622 0.00188919 0.00179845 0.00158807 0.00138669 0.00100588 0.000677777 0.000379731 5.57947e-05 -0.000202993 -0.000431132 -0.000659576 -0.000802248 -0.00100816 -0.00114316 -0.0012384 -0.00127007 -0.0013701 -0.00138481 -0.00146384 -0.00149686 -0.00154036 -0.00160889 -0.00158314 -0.00160449 -0.00167265 -0.00166789 -0.00166694 -0.00168687 -0.0017686 -0.00179314 -0.00180402 -0.00183904 -0.00181117 -0.00187039 -0.00187417 -0.00189348 -0.00185947 -0.00186285 -0.00189767 -0.001882 -0.00188951 -0.00191782 -0.00189221 -0.00191994 -0.00191624 -0.0019187 -0.00193986 -0.00189756 -0.00189053 -0.00188859 -0.00193712 -0.00192253 -0.0018776 -0.00187639
48 -0.000565912 -0.000823209 -0.000990607 -0.00118759 -0.00144923 -0.00161581 -0.00177354 -0.00180127 -0.00193242 -0.00213731 -0.00235038 -0.0024592 -0.00246202 -0.00259859 -0.00259129 -0.002599 -0.00263751 -0.00264254 -0.00258572 -0.00262479 -0.00267617 -0.00260578 -0.00270536 -0.00269272 -0.00288432 -0.00293835 -0.00309122 -0.00317406 -0.0031485 -0.00296646 -0.00282786 -0.00260481 -0.00232039 -0.00187092 -0.00156546 -0.00128928 -0.000938979 -0.00058025 -0.00020136 0.000191651 0.000525791 0.000920397 0.00118143 0.0014935 0.00168075 0.00183918 0.00194158 0.0020083 0.0019089 0.00176549 0.00152462 0.0013285 0.00096276 0.00060057 0.000209651 -0.00011071 -0.000416292 -0.000714825 -0.00099631 -0.00118525 -0.00142489 -0.00152066 -0.00168009 -0.00173228 -0.00180817 -0.00180906 -0.00187987 -0.00191132 -0.00193599 -0.00193629 -0.00190411 -0.00188997 -0.00188303 -0.00188753 -0.00188182 -0.00185136 -0.00188038 -0.00189456 -0.00185188 -0.00182124 -0.00184307 -0.00181585 -0.00184986 -0.00181462 -0.00175482 -0.00172167 -0.00173833 -0.0017371 -0.00172136 -0.00171996 -0.00172867 -0.00171464 -0.00172118 -0.00167031 -0.00168979 -0.00170268 -0.00164383 -0.00165219 -0.00168979 -0.00164773 -0.00158357 -0.00161469
50 0.000205141 -0.000266483 -0.000950198 -0.00124296 -0.00158517 -0.00177642 -0.00173903 -0.00178028 -0.00175842 -0.00186729 -0.00217135 -0.00234812 -0.00232313 -0.00259751 -0.00254597 -0.00267651 -0.00272125 -0.00268162 -0.00273829 -0.00274568 -0.00288392 -0.00277518 -0.00283225 -0.00287303 -0.00293328 -0.0029124 -0.0030285 -0.00295119 -0.00286713 -0.00254293 -0.00250905 -0.00230253 -0.00205763 -0.00165795 -0.00141235 -0.00116208 -0.000862782 -0.000479067 -4.56143e-05 0.000286711 0.000575337 0.00091173 0.00119939 0.00150373 0.00170649 0.00192851 0.00199008 0.00209013 0.002028 0.00189607 0.00176017 0.00155136 0.00116681 0.000862819 0.000555269 0.00029117 -4.18899e-05 -0.000300185 -0.000528884 -0.000684859 -0.000868443 -0.00101336 -0.00111944 -0.00118313 -0.00126618 -0.00128528 -0.00136219 -0.0013766 -0.00135966 -0.00140913 -0.00136736 -0.00138642 -0.00137121 -0.0014077 -0.00138802 -0.00138132 -0.00138833 -0.00142037 -0.00137818 -0.00135951 -0.00134816 -0.00136194 -0.00136567 -0.00140758 -0.00132382 -0.00136418 -0.00134681 -0.00134682 -0.00134506 -0.00133185 -0.00139978 -0.00137294 -0.00133781 -0.00131859 -0.00135353 -0.00133416 -0.00130109 -0.00131684 -0.0013587 -0.00133655 -0.00127172 -0.00131128
